0.020594 17
0.000398 28
0.001360 44
0.000053 34
0.000032 25
0.000295 8
0.000047 90
2.173689 1
0.030688 1
0.127331 1
0.142286 1
0.123425 1
0.073055 1
0.617791 1
0.062010 1
0.162329 1
0.112909 1
0.409111 1
0.065120 11
0.000050 36
0.002756 28
0.001086 44
0.000052 34
0.000013 25
0.000066 8
0.000005 90
1.252944 1
0.123852 1
0.032114 1
0.566020 1
0.071100 1
0.164235 4
0.126424 11
0.000040 36
0.000080 28
0.001349 50
0.000059 40
0.000020 25
0.000063 110
2.018493 1
0.133573 1
0.676452 1
0.084062 1
0.116017 1
2.004346 1
0.142590 1
0.366829 4
0.145097 1
0.218016 1
0.050062 1
0.258972 4
0.140662 1
0.089294 1
0.159709 4
0.147365 4
0.257176 1
0.001944 1
0.140874 4
0.165989 4
0.154684 4
0.284493 1
0.026949 1
0.166782 1
0.169079 4
0.141179 4
0.134419 4
0.107570 1
0.108250 1
1.884546 1
0.313138 1
0.093703 1
0.087388 1
0.058622 1
0.427595 4
0.581475 1
0.612643 1
0.040542 1
0.201972 2
0.000029 9
0.000051 36
0.004233 8
0.000026 54
0.000059 13
0.000322 67
0.000388 116
0.000057 114
0.000009 148
0.000006 182
0.000185 17
1.998246 6
0.000182 28
0.000123 34
0.820189 6
0.000031 29
3.101944 6
0.000092 29
0.055754 6
0.000058 12
0.000034 17
0.171784 6
0.000538 29
1.928062 18
0.000022 1
0.144985 6
0.000007 12
0.000005 1
0.314094 6
0.000025 12
0.000031 1
0.661384 6
0.000018 12
0.000025 23
0.465476 6
0.000007 12
0.000004 3
0.282903 6
0.000122 12
0.000036 3
0.107463 6
0.000039 15
1.253072 6
0.000056 12
0.000007 17
0.401595 6
0.000033 29
0.056713 6
0.000053 12
0.000022 17
0.167211 6
0.000056 12
0.000032 17
0.070712 6
0.000041 29
0.346235 6
0.000048 17
0.493053 6
0.000131 19
0.154937 6
0.000037 28
0.000006 2
0.124347 6
0.000035 12
0.000015 3
0.138296 6
0.000069 29
0.103959 6
0.000060 29
0.545140 6
0.000043 15
0.184950 6
0.000061 29
0.343817 6
0.000054 12
0.000025 3
0.195792 6
0.000048 12
0.000054 17
0.359734 6
0.000026 15
0.215628 6
0.000129 29
0.114313 6
0.000138 17
1.885211 6
0.000061 13
0.042067 6
0.000140 12
0.000031 19
0.047018 6
0.000030 12
0.000012 4
0.135029 6
0.000039 12
0.000031 1
0.128227 6
0.000030 13
0.887401 6
0.000047 12
0.000149 17
1.370615 6
0.000042 12
0.000005 17
0.177786 6
0.000045 12
0.000040 28
0.649765 6
0.000132 17
1.415184 6
0.000037 13
0.085188 6
0.000079 13
0.114787 6
0.000037 29
0.204813 6
0.000054 12
0.000041 3
0.127182 6
0.000080 15
0.048390 6
0.000024 31
0.060124 6
0.000049 12
0.000031 17
0.581204 6
0.000044 13
0.000024 18
1.080853 6
0.000046 29
0.886114 6
0.000111 13
0.000008 2
0.069679 6
0.000126 42
0.353919 6
0.000471 12
0.000017 17
0.532557 6
0.000031 13
0.000054 2
1.542333 6
0.000103 29
0.330501 6
0.000128 12
0.000007 1
0.000016 27
0.124154 6
0.000076 38
0.089926 6
0.000060 12
0.000039 26
0.167070 6
0.000085 38
0.100366 6
0.000066 12
0.000039 26
1.195565 6
0.000070 12
0.000026 37
0.386271 6
0.000039 29
0.295839 6
0.000068 13
0.000010 18
0.169808 6
0.000069 29
0.842891 6
0.000056 12
0.000032 3
0.146121 6
0.000055 29
0.133476 6
0.000079 29
0.920845 6
0.000031 15
0.037714 6
0.000095 13
0.160654 6
0.000167 13
0.170821 6
0.000061 15
0.000056 20
0.211340 6
0.000181 17
0.039233 6
0.000040 37
1.432619 6
0.000058 13
0.000015 6
0.089278 6
0.000094 13
0.131155 6
0.000037 13
0.159855 6
0.000122 15
0.000007 29
0.165907 6
0.000102 29
1.828785 6
0.000057 12
0.000028 3
0.108133 6
0.000050 13
0.000020 27
0.278716 6
0.000005 12
0.000005 1
0.742130 6
0.000033 12
0.000006 28
0.139092 6
0.000059 12
0.000024 28
0.140045 6
0.000030 40
0.213670 6
0.000033 40
0.350164 6
0.000054 12
0.000019 31
0.275661 6
0.000066 12
0.000033 28
0.148180 6
0.000037 40
3.862145 6
0.000069 12
0.000064 28
0.420704 46
0.841596 6
0.000019 15
5.237035 6
0.000103 17
0.084050 6
0.000023 12
0.000023 25
0.794037 6
0.000061 19
0.102012 6
0.000032 12
0.000004 1
0.245517 6
0.000067 13
0.280315 6
0.000065 15
0.142907 6
0.000034 13
0.035057 6
0.000025 13
0.127710 6
0.000185 29
0.329941 18
0.000035 3
0.149233 6
0.000019 12
0.000005 3
0.208699 6
0.000029 12
0.000037 3
0.064919 6
0.000061 13
0.212023 6
0.000027 12
0.000019 3
0.190911 6
0.000046 12
0.000026 3
0.169777 6
0.000087 13
0.168094 6
0.000070 13
0.116412 6
0.000046 35
0.117863 6
0.000046 12
0.000029 17
1.089529 6
0.000021 12
0.000045 3
0.070737 6
0.000121 17
0.653226 6
0.000070 13
0.042776 6
0.000041 13
0.000032 18
0.127845 6
0.000088 17
1.772877 6
0.000015 12
0.000024 1
0.079144 6
0.000022 13
0.000005 18
0.149106 6
0.000026 12
0.000023 17
0.817856 6
0.000173 31
0.075044 6
0.000166 12
0.000066 17
0.409330 6
0.000069 12
0.000241 19
2.111030 6
0.000214 29
0.523478 6
0.000051 12
0.000024 3
0.049643 6
0.000100 12
0.000043 30
0.093063 6
0.000061 29
0.980847 6
0.000039 12
0.000035 3
0.095164 6
0.000024 12
0.000028 1
0.431145 6
0.000021 12
0.000003 1
0.478534 6
0.000027 12
0.000030 1
0.187827 6
0.000038 15
0.135250 6
0.000062 12
0.000043 22
0.159701 6
0.000110 15
0.161380 6
0.000057 12
0.000020 1
0.000004 27
0.255279 6
0.000007 12
0.000005 1
0.586613 6
0.000050 40
1.967799 6
0.000045 12
0.000027 28
0.081539 6
0.000081 12
0.000063 28
0.121212 6
0.000087 12
0.000044 28
0.539891 6
0.000915 40
0.176800 6
0.000142 12
0.000031 28
0.145359 6
0.000079 12
0.000034 28
0.085499 6
0.000036 12
0.000028 28
0.316259 6
0.000160 42
0.261679 6
0.000044 43
0.107473 6
0.000098 12
0.000052 28
0.147089 6
0.000098 13
0.000005 29
0.207851 6
0.000053 40
2.060164 6
0.000083 12
0.000032 28
0.080284 6
0.000041 40
0.426580 6
0.000064 12
0.000020 28
0.152071 6
0.000142 12
0.000028 28
2.820191 6
0.000133 12
0.000036 28
0.296948 6
0.000092 12
0.000004 28
0.227235 6
0.000088 12
0.000005 28
0.100654 6
0.000070 12
0.000007 28
0.150294 6
0.000046 12
0.000020 28
0.112846 6
0.000047 12
0.000012 28
2.368578 21
0.264655 6
0.000066 29
0.980616 6
0.000109 31
0.822113 6
0.000090 12
0.000008 17
0.067713 6
0.000099 29
0.329893 6
0.000098 15
0.096889 6
0.000083 13
0.116128 6
0.000098 13
0.086078 6
0.000089 15
0.000033 20
0.322397 6
0.000106 17
0.261068 6
0.000027 37
1.396783 6
0.000033 19
0.095456 6
0.000031 13
0.142554 6
0.000051 13
0.085867 6
0.000067 12
0.000008 32
0.138244 6
0.000691 29
1.810621 6
0.000035 12
0.000027 3
2.317334 6
0.000056 13
0.240284 6
0.000032 13
0.296898 6
0.000081 13
0.089191 6
0.000117 13
0.179648 6
0.000037 13
0.307823 6
0.000032 13
0.074393 6
0.000088 13
0.191264 6
0.000032 13
0.105351 6
0.000103 13
0.263542 6
0.000039 15
0.154409 6
0.000042 12
0.000017 3
0.049464 6
0.000037 13
0.077964 6
0.000080 13
0.185838 6
0.000094 29
0.259172 6
0.000036 15
0.137882 6
0.000037 15
0.126526 6
0.000066 12
0.000018 3
0.080304 6
0.000071 13
0.085985 6
0.000075 13
0.175140 35
2.641774 6
0.000045 31
0.238768 6
0.000026 13
0.000007 27
0.238221 6
0.000073 38
0.079548 6
0.000048 38
0.223498 6
0.000046 38
0.140007 6
0.000034 38
0.178477 6
0.000064 12
0.000005 17
0.311989 6
0.000039 13
0.000017 2
0.071968 6
0.000074 13
0.159650 6
0.000023 13
0.364126 6
0.000755 29
0.210735 6
0.000035 12
0.000026 3
0.039752 6
0.000054 13
0.244466 6
0.000071 13
0.176347 6
0.000081 12
0.000030 1
0.173902 6
0.000082 13
0.225026 6
0.000063 15
0.109663 6
0.000091 13
0.097458 6
0.000181 13
0.296510 6
0.000172 13
0.764788 6
0.000072 12
0.000019 62
0.211163 6
0.000140 18
0.123697 6
0.000028 37
1.458818 6
0.000068 18
0.000037 1
0.070674 6
0.000046 13
0.655371 6
0.000057 12
0.000040 3
0.148834 6
0.000028 13
0.385820 6
0.000019 12
0.000015 3
0.021925 6
0.000011 12
0.000007 1
0.433143 6
0.000055 13
0.943674 6
0.000040 35
0.092012 6
0.000030 29
1.095884 6
0.000024 12
0.000019 3
0.159354 6
0.000128 18
0.856755 6
0.000033 13
0.044869 6
0.000039 13
0.000029 18
0.113799 6
0.000123 18
0.850298 6
0.000025 13
0.124565 6
0.000056 31
0.081590 6
0.000051 29
0.653273 6
0.000006 12
0.000178 19
0.088896 18
0.000007 17
0.297799 6
0.000028 12
0.000017 3
0.207324 6
0.001013 42
0.397546 6
0.000022 12
0.000005 17
1.543241 6
0.000040 15
0.388203 6
0.000020 12
0.000021 1
0.365940 6
0.000030 12
0.000020 3
0.172657 6
0.000059 13
1.194090 6
0.000059 13
0.493129 6
0.000049 13
0.077869 6
0.000083 13
0.851023 6
0.000063 13
0.141381 6
0.000051 13
0.227952 6
0.000075 13
0.060945 6
0.000032 13
0.170315 6
0.000110 13
0.368680 6
0.000040 15
0.053356 6
0.000061 13
0.139775 6
0.000052 13
0.522214 6
0.000050 13
1.638691 6
0.000045 13
0.065665 6
0.000040 13
0.183219 6
0.000053 13
0.794898 6
0.000070 12
0.000016 1
0.800984 6
0.000116 29
0.361349 6
0.000049 12
0.000035 28
0.154568 6
0.000059 12
0.000019 26
0.066205 6
0.000044 12
0.000027 26
0.172384 6
0.000046 12
0.000025 26
0.119349 6
0.000129 38
0.596709 6
0.000087 13
0.763769 6
0.000039 12
0.000018 3
0.215040 6
0.000050 13
1.277935 6
0.000053 13
0.056041 6
0.000059 13
0.073414 6
0.000049 13
1.714708 6
0.000099 13
0.369626 6
0.000062 13
0.023208 6
0.000072 13
0.203711 6
0.000200 13
0.524772 6
0.000111 13
0.056674 6
0.000101 13
1.053800 6
0.000044 12
0.000034 65
0.122960 6
0.000043 29
0.467156 6
0.000084 13
0.000016 18
0.239888 6
0.000111 29
0.580005 6
0.000121 12
0.000029 3
0.218041 6
0.000093 12
0.000007 17
2.311694 6
0.000111 29
0.051473 6
0.000152 12
0.000007 3
0.064078 6
0.000093 13
0.179691 6
0.000106 13
0.076619 6
0.000087 35
0.225714 6
0.000164 18
0.100450 6
0.000034 37
1.676216 6
0.000033 19
0.049928 6
0.000073 13
0.120201 6
0.000131 13
0.098400 6
0.000024 15
0.000029 29
0.136931 6
0.000041 12
0.000035 17
0.732742 6
0.000025 15
0.146075 6
0.000050 12
0.000022 28
0.233818 6
0.000027 12
0.000020 1
1.532250 6
0.000051 12
0.000030 28
0.035684 6
0.000070 12
0.000025 28
0.048706 6
0.000046 40
0.643448 6
0.000091 12
0.000078 28
1.847267 6
0.000069 40
0.101600 6
0.000022 12
0.000033 28
0.085867 6
0.000053 12
0.000041 28
0.631161 6
0.000008 15
0.287753 6
0.000249 18
0.173666 6
0.000041 16
0.000032 21
1.280052 6
0.000083 12
0.000009 7
0.565019 6
0.000031 13
0.048686 6
0.000033 13
0.171217 6
0.000020 24
0.000020 11
0.127712 6
0.000050 12
0.000027 17
0.285834 6
0.000077 15
0.103766 6
0.000125 12
0.000177 9
0.484128 6
0.000037 39
0.072902 6
0.000069 12
0.000029 17
0.065794 6
0.000098 12
0.000005 3
0.293122 6
0.000153 18
0.938389 6
0.000038 13
0.040093 6
0.000155 12
0.000035 19
0.139972 6
0.000286 18
0.871670 6
0.000028 13
0.081892 6
0.000069 31
0.069705 6
0.000057 12
0.000005 17
0.930423 6
0.000114 31
0.072515 6
0.000023 29
1.032300 6
0.000065 12
0.000121 3
0.049149 6
0.000046 12
0.000022 30
0.249186 6
0.000069 29
1.584004 6
0.000024 12
0.000028 3
0.143121 6
0.000030 13
0.265322 18
0.000007 1
0.452005 18
0.000020 1
0.194395 6
0.000066 12
0.000023 3
0.130955 6
0.000069 14
0.000023 20
0.608560 6
0.000029 13
0.000030 2
0.129169 6
0.000026 12
0.000013 28
0.673938 6
0.000026 12
0.000020 1
1.219886 6
0.000036 40
0.457480 6
0.000027 12
0.000036 28
0.101715 6
0.000061 12
0.000042 28
0.078400 6
0.000034 12
0.000017 28
0.408608 6
0.000103 40
1.221824 6
0.000055 12
0.000022 28
0.149081 6
0.000079 12
0.000050 28
0.083974 6
0.000076 12
0.000033 28
0.224376 6
0.000035 12
0.000077 28
0.144247 6
0.000054 13
0.000008 29
0.336903 6
0.000063 12
0.000005 28
1.777139 6
0.000114 40
0.097420 6
0.000083 12
0.000056 28
0.227134 6
0.000050 12
0.000088 28
0.876059 6
0.000084 12
0.000030 28
1.682337 6
0.000076 12
0.000057 28
0.518288 6
0.000103 40
0.080822 6
0.000042 12
0.000025 28
0.128164 6
0.000094 12
0.000039 28
0.245809 6
0.000060 40
0.098773 6
0.000062 40
0.707151 6
0.000111 40
1.372156 6
0.000045 12
0.000015 28
0.069504 6
0.000141 12
0.000066 28
0.078585 6
0.000080 40
0.634105 6
0.000071 40
0.289893 6
0.000097 40
0.102869 6
0.000063 40
0.090619 6
0.000086 12
0.000040 28
0.360356 6
0.000137 12
0.000005 28
0.078726 6
0.000052 12
0.000007 28
0.527378 18
0.000018 3
0.613812 6
0.000057 12
0.000007 17
2.872763 6
0.000073 31
0.083348 6
0.000087 12
0.000020 17
0.236686 6
0.000046 12
0.000020 17
0.531890 6
0.000070 15
0.048959 6
0.000058 13
0.253559 6
0.000082 13
0.171478 6
0.000065 35
0.319942 6
0.000160 18
0.092475 6
0.000030 12
0.000034 25
1.231760 6
0.000007 13
0.000023 6
0.149268 6
0.000031 13
0.102718 6
0.000031 12
0.000008 1
0.006943 6
0.000021 13
0.374140 6
0.000034 15
0.314104 6
0.000025 15
0.800960 6
0.000032 13
0.090818 6
0.000022 12
0.000003 3
0.000020 29
0.373018 6
0.000226 29
41.034448 18
0.000024 1
0.228996 6
0.000026 12
0.000024 3
0.213668 6
0.000012 13
0.385393 18
0.000015 1
0.149595 6
0.000007 13
0.161074 18
0.000027 1
0.115683 6
0.000033 12
0.000020 1
0.290253 6
0.000024 12
0.000018 1
0.311173 6
0.000032 13
1.404455 6
0.000038 8
0.000027 72
0.000024 25
0.901554 6
0.000059 28
0.511905 6
0.000132 28
0.002783 6
0.000064 28
0.034483 6
0.000056 28
0.032224 6
0.000074 28
0.033510 6
0.000131 12
0.000026 16
0.034647 6
0.000063 28
0.028240 6
0.000056 28
0.032587 6
0.000058 28
0.031163 6
0.000133 12
0.000028 16
0.034040 6
0.000101 12
0.000016 16
0.034227 6
0.000162 12
0.000039 16
0.027560 6
0.000061 28
0.030312 6
0.000075 28
0.044299 6
0.000100 28
0.035720 6
0.000060 28
0.031678 6
0.000060 28
0.033514 6
0.000104 12
0.000032 16
0.033474 6
0.000110 12
0.000025 16
0.032740 6
0.000062 45
0.033865 6
0.000076 12
0.000026 16
0.032811 6
0.000104 28
0.034732 6
0.000068 28
0.168795 6
0.000050 13
0.000030 27
0.192473 6
0.000099 12
0.000021 28
0.193781 6
0.000055 13
0.000016 27
0.362312 6
0.000061 28
0.501372 6
0.000072 28
0.013772 6
0.000104 12
0.000019 16
0.031797 6
0.000098 28
0.028429 6
0.000076 28
0.038365 6
0.000058 28
0.033202 6
0.000100 12
0.000033 16
0.031770 6
0.000145 12
0.000042 16
0.029753 6
0.000107 12
0.000044 16
0.029579 6
0.000102 28
0.280699 6
0.000111 12
0.000014 28
0.242494 6
0.000103 12
0.000019 28
0.216726 6
0.000115 12
0.000023 28
0.226246 6
0.000121 12
0.000026 1
0.000017 27
0.161889 6
0.000061 13
0.000006 27
0.155474 6
0.000076 40
0.143197 6
0.000154 12
0.000041 28
1.632588 18
3.231151 6
0.000076 48
0.000029 26
0.000246 67
0.323407 6
0.000032 15
0.220663 6
0.000144 13
0.476625 18
0.000007 3
0.127882 6
0.000101 12
0.000033 5
1.296918 6
0.000050 12
0.000030 84
1.546550 18
0.000012 1
0.501758 18
0.000019 1
0.014741 6
0.000034 12
0.000041 1
0.089315 6
0.000007 12
0.000016 3
0.218923 6
0.000005 12
0.000004 3
0.242112 6
0.000016 15
1.605861 6
0.000028 44
0.000041 16
0.000006 46
0.177289 6
0.000059 13
0.000020 17
0.710224 6
0.000058 13
0.000029 17
0.293911 6
0.000072 38
0.515598 6
0.000059 38
0.034276 6
0.000140 12
0.000045 16
0.121668 6
0.000046 12
0.000022 28
0.506202 6
0.000330 30
0.008794 6
0.000066 12
0.000006 12
0.000007 6
0.034597 6
0.000063 12
0.000025 18
0.033706 6
0.000060 12
0.000005 18
0.031948 6
0.000108 12
0.000031 18
0.033375 6
0.000106 12
0.000041 18
0.033960 6
0.000070 12
0.000003 1
0.000021 17
0.033449 6
0.000067 13
0.000017 17
0.032601 6
0.000133 12
0.000023 18
0.073606 6
0.000063 13
0.000023 17
0.501330 6
0.000205 12
0.000038 18
0.013264 6
0.000057 13
0.000019 17
0.030044 6
0.000064 13
0.000005 11
0.000016 6
0.035546 6
0.000110 40
0.000021 6
0.033884 6
0.000088 12
0.000027 18
0.033555 6
0.000106 12
0.000022 18
0.032540 6
0.000128 13
0.000009 17
0.031900 6
0.000107 12
0.000020 18
0.031090 6
0.000057 24
0.000028 6
0.030510 6
0.000113 12
0.000032 18
0.030091 6
0.000106 12
0.000024 18
0.108071 6
0.000057 24
0.000017 6
0.170428 6
0.000028 12
0.000018 18
0.145124 6
0.000057 13
0.000018 17
0.305344 6
0.000059 13
0.000012 17
0.161780 6
0.000062 12
0.000004 1
0.000005 17
0.169817 6
0.000058 13
0.000020 17
0.162175 6
0.000059 13
0.000019 17
0.152557 6
0.000157 12
0.000031 1
0.000038 17
0.137457 6
0.000072 30
0.144307 6
0.000113 13
0.000018 17
0.541402 6
0.000117 12
0.000021 17
1.597668 6
0.000056 29
0.209511 6
0.000060 13
0.383005 6
0.000070 13
0.000012 17
0.176780 6
0.000055 12
0.000018 18
0.136426 6
0.000056 13
0.000023 17
1.209354 6
0.000021 8
0.000006 40
0.000037 26
0.000240 121
4.808878 18
0.000021 3
0.332021 6
0.000024 15
0.248464 6
0.000202 18
0.382224 18
0.000016 8
0.326702 18
0.000015 1
0.149800 18
0.000021 8
4.392722 6
0.000062 12
0.000032 3
0.318005 6
0.000024 12
0.000022 28
0.302770 18
0.000020 1
12.634974 18
0.000026 3
0.367725 6
0.000040 18
0.511214 6
0.000081 14
0.000031 20
0.003978 6
0.000022 12
0.000020 3
0.032944 6
0.000022 12
0.000021 10
0.031330 6
0.000030 12
0.000015 3
0.031373 6
0.000033 12
0.000043 3
0.029594 6
0.000049 12
0.000043 25
0.030420 6
0.000034 12
0.000026 4
0.030778 6
0.000157 20
0.029677 6
0.000066 35
0.030623 6
0.000097 12
0.000023 3
0.052282 6
0.000064 12
0.000004 3
0.034798 6
0.000063 34
0.031976 6
0.000099 12
0.000036 3
0.032466 6
0.000056 15
0.031671 6
0.000047 12
0.000023 22
0.034461 6
0.000069 15
0.034111 6
0.000122 19
0.000008 60
0.032920 6
0.000122 12
0.000032 3
0.032573 6
0.000094 12
0.000028 3
0.032616 6
0.000079 15
0.031193 6
0.000050 13
0.000004 2
0.036120 6
0.000066 12
0.000022 3
0.029175 6
0.000043 12
0.000034 3
0.031031 6
0.000113 15
0.038766 6
0.000053 12
0.000005 3
0.033337 6
0.000078 12
0.000036 3
0.032660 6
0.000048 15
0.030203 6
0.000049 15
0.035727 6
0.000076 15
0.033155 6
0.000043 15
0.032079 6
0.000050 12
0.000004 3
0.034814 6
0.000085 12
0.000025 22
0.030263 6
0.000072 12
0.000021 3
0.036376 6
0.000095 15
0.032115 6
0.000051 15
0.031149 6
0.000052 15
0.030674 6
0.000035 12
0.000003 3
0.038393 6
0.000085 12
0.000026 3
0.033150 6
0.000081 12
0.000085 3
0.030485 6
0.000044 15
0.035259 6
0.000045 15
0.030531 6
0.000041 12
0.000004 3
0.030476 6
0.000064 12
0.000028 3
0.038590 6
0.000074 12
0.000036 3
0.035152 6
0.000073 12
0.000017 3
0.031413 6
0.000055 13
0.000006 2
0.033155 6
0.000065 12
0.000049 3
0.032762 6
0.000057 12
0.000022 3
0.033546 6
0.000079 12
0.000025 22
0.032926 6
0.000058 12
0.000023 3
0.032831 6
0.000027 12
0.000022 3
0.000033 5
0.033114 6
0.000021 14
0.000026 20
0.030114 6
0.000030 12
0.000017 3
0.029997 6
0.000026 14
0.000018 20
0.209393 6
0.000048 12
0.000034 3
0.140567 6
0.000017 12
0.000023 5
0.146697 6
0.000021 12
0.000019 4
0.126068 6
0.000150 19
0.134399 6
0.000026 17
0.153260 6
0.000017 16
1.376961 6
0.000038 13
0.113372 6
0.000035 13
0.577681 6
0.000028 89
0.000019 7
1.515984 18
0.000020 4
0.712191 18
0.000030 8
0.395285 6
0.000007 12
0.000006 1
0.128301 21
0.154228 18
0.000016 1
0.515413 6
0.000035 13
0.033180 6
0.000041 12
0.000022 1
0.032897 6
0.000032 12
0.000026 1
0.032867 6
0.000034 12
0.000039 1
0.032945 6
0.000023 12
0.000005 1
0.033957 6
0.000042 12
0.000043 1
0.032594 18
0.000027 1
0.033349 18
0.000024 1
0.033754 6
0.000026 13
0.033029 6
0.000028 13
0.326711 6
0.000009 12
0.000004 1
0.149962 18
0.000031 1
1.511541 6
0.000009 60
0.000041 26
0.000007 19
0.228962 6
0.000067 8
0.000020 124
0.683018 6
0.000130 12
0.000021 16
0.499344 6
0.000231 12
0.000188 16
0.002621 6
0.000050 12
0.000004 16
0.027892 6
0.000106 12
0.000037 16
0.029872 6
0.000112 12
0.000024 16
0.030350 6
0.000059 28
0.036204 6
0.000099 12
0.000004 16
0.029844 6
0.000090 28
0.031972 6
0.000222 12
0.000009 16
0.029557 6
0.000100 12
0.000022 16
0.030114 6
0.000070 12
0.000021 16
0.030960 6
0.000060 28
0.033217 6
0.000095 28
0.031902 6
0.000124 12
0.000033 16
0.029447 6
0.000059 12
0.000004 16
0.038157 6
0.000057 28
0.033364 6
0.000058 12
0.000018 16
0.033328 6
0.000061 28
0.034079 6
0.000079 28
0.032885 6
0.000118 29
0.000007 16
0.030578 6
0.000106 12
0.000008 16
0.035248 6
0.000059 28
0.032038 6
0.000109 12
0.000004 16
0.034853 6
0.000110 12
0.000024 16
0.032984 6
0.000124 12
0.000051 16
0.032874 6
0.000105 12
0.000040 16
0.032010 6
0.000058 28
0.035099 6
0.000122 28
0.032591 6
0.000136 22
0.000031 6
0.030066 6
0.000089 28
0.524673 6
0.000136 12
0.000013 28
0.512621 6
0.000104 12
0.000019 28
0.003361 6
0.000076 12
0.000003 1
0.000014 27
0.032793 6
0.000058 12
0.000033 28
0.032297 6
0.000066 13
0.000017 27
0.033931 6
0.000072 13
0.000015 27
0.034498 6
0.000055 12
0.000003 1
0.000028 27
0.030711 6
0.000088 12
0.000027 28
0.458109 6
0.000019 48
0.000028 26
0.000160 66
1.174043 6
0.000018 12
0.000016 3
0.810025 6
0.000028 44
0.000006 16
0.000018 26
0.000018 20
0.410366 6
0.000128 13
0.000016 17
0.501142 6
0.000051 13
0.000020 17
0.013486 6
0.000061 12
0.000005 18
0.032700 6
0.000064 12
0.000007 1
0.000006 17
0.032531 6
0.000112 30
0.030584 6
0.000065 12
0.000004 1
0.000017 17
0.037262 6
0.000165 12
0.000040 18
0.029083 6
0.000061 12
0.000025 18
0.029120 6
0.000057 13
0.000021 17
0.032660 6
0.000049 13
0.000022 17
0.031229 6
0.000111 12
0.000024 18
0.038688 6
0.000061 30
0.036683 6
0.000050 30
0.030259 6
0.000066 12
0.000006 18
0.030030 6
0.000067 12
0.000015 18
0.039131 6
0.000057 30
0.164695 6
0.000071 30
0.205921 6
0.000060 13
0.000015 17
0.135284 6
0.000079 12
0.000025 18
0.179731 6
0.000118 29
0.000021 17
0.259779 6
0.000121 12
0.000011 18
0.339299 6
0.000098 12
0.000018 18
0.188214 6
0.000120 12
0.000005 12
0.000004 6
2.266541 6
0.000073 48
0.000028 26
0.000314 74
1.303910 6
0.000006 12
0.000014 5
0.387391 6
0.000021 12
0.000027 5
0.378675 6
0.000008 19
4.005399 6
0.000049 77
0.000042 19
2.006122 18
0.000009 7
11.117199 6
0.000007 12
0.000005 1
0.319434 18
0.000015 3
0.414955 6
0.000017 12
0.000015 7
0.252540 18
0.000020 3
0.187303 18
0.000026 1
0.220816 18
0.000016 1
0.174251 6
0.000049 13
0.134234 19
0.136089 6
0.000007 12
0.000006 1
0.131785 19
0.121533 18
0.000008 1
0.135056 19
1.856918 6
0.000057 60
0.000033 44
0.740517 6
0.000072 28
0.515094 6
0.000067 28
0.032091 6
0.000060 28
0.033795 6
0.000092 12
0.000005 16
0.029610 6
0.000084 28
0.029783 6
0.000057 12
0.000017 16
0.031095 6
0.000092 12
0.000014 16
0.030713 6
0.000115 12
0.000020 16
0.043447 6
0.000101 12
0.000028 16
0.030215 6
0.000103 12
0.000018 16
0.035638 6
0.000055 22
0.000003 6
0.033370 6
0.000085 28
0.030628 6
0.000082 28
0.036644 6
0.000101 12
0.000018 16
0.033015 6
0.000061 28
0.030296 6
0.000098 28
0.037180 6
0.000072 28
0.031673 6
0.000097 12
0.000009 16
0.030836 6
0.000155 12
0.000013 16
0.035542 6
0.000108 45
0.034149 6
0.000056 28
0.031609 6
0.000060 12
0.000003 16
0.033756 6
0.000113 12
0.000024 16
0.033177 6
0.000127 12
0.000029 16
0.033155 6
0.000069 28
0.032648 6
0.000181 28
0.030650 6
0.000069 12
0.000022 16
0.030351 6
0.000058 28
0.033308 6
0.000105 12
0.000009 16
0.038287 6
0.000134 12
0.000004 16
0.029395 6
0.000060 28
0.269770 6
0.000056 13
0.000019 27
0.986068 6
0.000055 48
0.000029 26
0.000263 119
2.214324 6
0.000019 20
0.199799 6
0.000043 12
0.000008 8
0.172946 18
0.000105 7
0.225125 6
0.000110 12
0.000033 6
1.532864 18
0.000019 5
0.726264 6
0.000088 89
0.000008 7
12.141095 6
0.000040 13
0.083013 6
0.000091 22
0.000050 11
0.076642 6
0.000025 29
1.808236 6
0.000081 12
0.000039 19
0.066356 6
0.000048 29
0.122636 6
0.000072 15
0.230395 6
0.000039 12
0.000005 30
0.089835 6
0.000113 12
0.000015 17
1.721331 6
0.000033 12
0.000007 17
0.432392 6
0.000023 12
0.000023 3
0.242275 6
0.000044 12
0.000035 3
0.127929 6
0.000076 13
0.000030 27
0.237604 6
0.000025 13
0.975714 6
0.000044 12
0.000027 28
0.856719 6
0.000122 12
0.000036 28
0.138762 6
0.000065 40
0.080256 6
0.000057 12
0.000193 28
0.426240 6
0.000100 12
0.000008 28
1.142129 6
0.000081 12
0.000025 28
0.138549 6
0.000060 29
0.000024 28
0.085637 6
0.000042 12
0.000006 28
0.238852 6
0.000038 12
0.000026 28
0.165681 6
0.000116 31
0.000029 11
0.178872 6
0.000120 12
0.000022 28
0.352217 6
0.000118 12
0.000080 28
0.096337 6
0.000063 29
0.000006 11
0.184035 6
0.000095 12
0.000018 28
0.235821 6
0.000059 29
0.000722 11
2.058934 6
0.000047 40
0.565233 6
0.000119 12
0.000030 28
0.178763 6
0.000037 12
0.000052 28
0.059966 6
0.000122 40
0.211823 6
0.000098 40
0.088413 6
0.000029 12
0.000024 28
1.043500 6
0.000059 40
1.513835 6
0.000103 12
0.000034 28
0.052413 6
0.000067 40
0.143286 6
0.000063 40
0.373047 6
0.000094 12
0.000010 28
0.207557 6
0.000066 13
0.000025 30
0.285407 6
0.000213 12
0.000034 31
0.144610 6
0.000088 12
0.000023 31
0.113922 6
0.000095 12
0.000059 31
0.101758 6
0.000106 12
0.000022 1
0.000027 30
0.743208 6
0.000086 12
0.000005 28
0.683717 6
0.000049 40
0.320762 6
0.000057 40
0.075184 6
0.000099 12
0.000021 28
0.297872 6
0.000720 40
0.067887 6
0.000054 12
0.000029 28
1.811317 21
0.210907 6
0.000090 12
0.000005 17
0.719731 6
0.000054 31
0.330041 6
0.000098 12
0.000035 17
0.405760 6
0.000064 29
0.727311 6
0.000056 15
0.127665 6
0.000059 13
0.112455 6
0.000071 13
0.257449 6
0.000053 35
2.912614 6
0.001090 18
4.511426 6
0.000044 12
0.000006 14
0.000004 11
2.685944 6
0.000050 12
0.000009 7
0.570970 6
0.000043 37
0.364860 6
0.000007 12
0.000027 7
0.063953 6
0.000052 13
0.100085 19
0.111373 6
0.000089 15
0.000179 29
0.125960 6
0.000063 29
0.865462 6
0.000021 15
0.120684 6
0.000036 12
0.000031 28
0.178510 6
0.000009 12
0.000015 1
0.276370 6
0.000035 12
0.000028 28
0.244956 6
0.000062 12
0.000032 28
0.288972 6
0.000030 12
0.000030 28
1.070967 6
0.000074 12
0.000031 28
0.081895 6
0.000092 12
0.000010 28
0.087012 6
0.000030 12
0.000032 28
0.406739 6
0.000052 13
0.000019 30
0.143465 6
0.000037 13
0.000022 30
0.113747 6
0.000037 13
0.000048 30
0.118303 6
0.000042 12
0.000039 28
0.223152 6
0.000031 43
0.126129 6
0.000027 12
0.000025 28
0.078396 6
0.000717 40
0.586413 6
0.000084 13
0.000005 30
0.133945 6
0.000110 12
0.000053 31
0.084047 6
0.000006 12
0.000015 28
0.068820 6
0.000077 12
0.000043 28
0.169788 6
0.000093 12
0.000024 28
0.098114 6
0.000077 12
0.000022 28
0.201874 6
0.000073 12
0.000040 1
0.000004 30
0.160488 6
0.000066 12
0.000040 31
0.129311 6
0.000040 12
0.000027 31
0.113786 6
0.000090 12
0.000043 28
0.037224 6
0.000046 12
0.000033 28
1.378437 6
0.000047 43
0.128528 6
0.000039 12
0.000005 31
0.135493 6
0.000098 12
0.000006 17
0.000025 11
0.093575 6
0.000019 12
0.000030 28
0.121523 6
0.000032 12
0.000003 1
0.000026 30
0.160906 6
0.000067 12
0.000039 31
0.131238 6
0.000035 12
0.000004 1
0.000015 30
0.092033 6
0.000057 12
0.000037 28
0.048264 6
0.000097 12
0.000041 28
1.960319 6
0.000058 13
0.000021 30
0.286236 6
0.000064 12
0.000036 31
0.733928 6
0.000063 12
0.000030 28
0.240377 6
0.000080 12
0.000008 28
0.099827 6
0.000153 40
0.222591 6
0.000022 12
0.000028 1
0.471676 6
0.000029 12
0.000025 3
0.323974 6
0.000039 15
0.507072 6
0.000020 12
0.000019 3
0.008400 6
0.000021 15
0.033429 6
0.000012 12
0.000049 3
0.032477 18
0.000016 3
0.033717 6
0.000006 12
0.000022 3
0.032671 18
0.000018 3
0.034013 21
0.031741 18
0.000017 3
0.034186 6
0.000023 12
0.000005 3
0.032974 6
0.000022 12
0.000014 3
0.033177 6
0.000020 12
0.000027 3
0.032544 18
0.000017 3
0.033137 18
0.000017 3
0.033254 6
0.000007 12
0.000004 3
0.033745 6
0.000022 12
0.000019 3
0.378946 6
0.000052 15
0.271963 6
0.000094 12
0.000033 77
0.615725 6
0.000060 12
0.000014 5
0.121967 6
0.000069 89
0.419805 6
0.000028 20
0.415239 18
0.000022 6
1.464659 6
0.000037 13
0.106423 6
0.000011 13
0.100419 6
0.000033 12
0.000038 1
0.083739 6
0.000028 33
0.158096 6
0.000030 12
0.000029 17
0.861650 6
0.000074 12
0.000006 19
0.060196 6
0.000063 29
2.072039 6
0.000029 12
0.000025 3
0.055132 6
0.000010 12
0.000029 30
0.056599 6
0.000051 12
0.000036 17
1.275598 6
0.000751 15
0.147446 6
0.000070 12
0.000025 28
0.229531 6
0.000020 13
0.866351 6
0.000078 12
0.000035 28
0.722813 6
0.000124 12
0.000031 28
0.096423 6
0.000046 12
0.000029 28
0.122725 6
0.000136 40
0.827849 6
0.000075 12
0.000036 28
0.178436 6
0.000053 12
0.000048 28
0.121074 6
0.000054 12
0.000016 28
0.067361 6
0.000057 40
0.251821 6
0.000048 12
0.000006 28
0.158797 6
0.000061 12
0.000025 30
0.161849 6
0.000056 40
0.400104 6
0.000097 12
0.000005 17
0.000032 11
0.112589 6
0.000117 12
0.000032 28
0.176959 6
0.000051 12
0.000028 17
0.000007 11
0.212078 6
0.000083 40
1.238500 6
0.000073 12
0.000005 28
0.273224 6
0.000072 12
0.000030 28
0.207834 6
0.000050 12
0.000004 28
0.081176 6
0.000045 12
0.000030 28
0.218837 6
0.000083 12
0.000021 28
0.078959 6
0.000046 12
0.000006 28
0.251618 6
0.000101 12
0.000023 28
0.554182 6
0.000034 13
0.000042 30
0.258590 6
0.000064 12
0.000007 28
1.746036 6
0.000091 12
0.000024 28
0.099859 6
0.000076 12
0.000039 28
0.378170 6
0.000090 12
0.000044 28
0.271385 6
0.000092 40
1.332441 6
0.000100 12
0.000106 28
0.093851 6
0.000089 12
0.000033 28
0.752242 18
0.000033 3
0.358233 6
0.000148 12
0.000026 17
0.864617 6
0.000093 12
0.000005 19
0.055584 6
0.000089 29
0.260575 6
0.000098 29
0.335753 6
0.000066 15
0.061657 6
0.000066 13
0.124258 6
0.000099 13
0.110119 6
0.000099 12
0.000075 23
0.339103 6
0.000188 18
0.268793 6
0.000043 12
0.000024 25
1.032077 6
0.000172 12
0.000044 7
0.043358 6
0.000075 13
0.169161 6
0.000058 13
0.095378 6
0.000041 12
0.000006 32
0.259125 6
0.000030 29
1.091572 6
0.000050 15
0.116383 6
0.000068 12
0.000071 28
0.233936 6
0.000028 12
0.000007 1
3.739224 6
0.000036 12
0.000022 28
1.749763 6
0.000025 12
0.000032 28
0.234441 6
0.000692 40
0.036789 6
0.000049 12
0.000032 28
0.509846 6
0.000078 12
0.000025 1
0.000021 30
0.183957 6
0.000040 12
0.000004 1
0.000013 30
0.172036 6
0.000026 12
0.000020 31
0.271891 6
0.000037 43
0.652946 6
0.000100 12
0.000023 28
0.322847 6
0.000059 12
0.000028 28
0.118007 6
0.000025 12
0.000030 28
0.129345 6
0.000062 12
0.000031 28
0.213196 6
0.000052 13
0.000016 30
0.172073 6
0.000075 12
0.000008 28
0.109080 6
0.000036 12
0.000031 28
0.068779 6
0.000207 12
0.000075 28
0.223647 6
0.000091 12
0.000011 31
0.142966 6
0.000066 12
0.000023 31
0.129161 6
0.000078 13
0.000054 30
0.119454 6
0.000037 12
0.000016 31
0.096080 6
0.000055 12
0.000031 28
0.104834 46
0.071447 6
0.000041 12
0.000039 28
0.436811 6
0.000032 12
0.000019 31
0.172749 6
0.000060 12
0.000021 31
0.149926 6
0.000087 12
0.000004 28
0.557893 6
0.000057 12
0.000022 1
0.000006 30
1.014153 6
0.000079 12
0.000025 28
0.021215 6
0.000051 40
0.278599 6
0.000087 12
0.000061 1
0.000051 30
0.104655 6
0.000036 12
0.000004 1
0.000022 30
0.123831 6
0.000027 12
0.000032 28
0.053290 6
0.000075 12
0.000015 28
0.939881 6
0.000026 12
0.000024 31
0.165853 6
0.000064 12
0.000024 31
0.873659 6
0.000046 40
0.106150 6
0.000075 12
0.000034 28
0.279080 6
0.000039 12
0.000017 28
0.074977 6
0.000047 40
0.081021 6
0.000047 12
0.000019 28
0.147678 6
0.000040 40
2.722968 6
0.000043 12
0.000056 28
0.496958 6
0.000035 12
0.000035 28
0.341825 6
0.000052 12
0.000032 28
0.102028 6
0.000023 12
0.000039 28
0.948895 6
0.000078 12
0.000025 28
0.175805 6
0.000074 12
0.000041 28
0.308947 6
0.000051 40
0.168801 6
0.000081 12
0.000010 28
0.165608 6
0.000080 12
0.000009 28
0.114329 6
0.000082 12
0.000061 28
0.126509 6
0.000069 12
0.000033 28
0.155069 6
0.000079 12
0.000006 28
0.473101 6
0.000065 40
0.442863 6
0.000066 12
0.000042 28
0.268839 6
0.000053 40
0.081974 6
0.000051 40
0.100795 6
0.000197 12
0.000053 28
0.373136 6
0.000035 12
0.000103 28
0.086610 6
0.000075 40
0.193742 6
0.000117 12
0.000039 28
0.089905 6
0.000035 12
0.000040 28
0.187822 46
0.108182 6
0.000051 12
0.000006 28
0.259149 6
0.000054 40
0.636987 6
0.000012 18
1.087837 6
0.000066 13
0.207816 6
0.000052 13
0.086843 6
0.000033 13
0.063499 6
0.000016 13
0.328194 6
0.000054 12
0.000034 17
0.305160 6
0.000211 18
0.061792 6
0.000026 12
0.000018 25
0.430095 6
0.000042 12
0.000008 4
0.212949 6
0.000237 19
0.124684 6
0.000051 12
0.000023 3
0.117479 6
0.000036 12
0.000036 3
0.107522 6
0.000021 12
0.000045 3
0.125075 6
0.000065 13
0.000009 2
0.076653 6
0.000033 12
0.000003 1
0.093333 6
0.000034 13
0.280831 6
0.000038 15
0.207905 6
0.000028 15
0.216735 6
0.000063 13
0.015177 6
0.000034 29
0.364710 6
0.000031 15
0.190109 6
0.000037 13
0.193701 6
0.000044 13
0.000013 20
0.723262 6
0.000234 18
0.126662 6
0.000042 16
0.000007 21
1.242074 6
0.000069 12
0.000005 7
0.097935 6
0.000072 13
0.119085 6
0.000057 13
0.048062 6
0.000186 44
0.159797 6
0.000098 12
0.000055 17
0.308684 6
0.000048 12
0.000059 3
0.094839 6
0.000072 12
0.000004 1
0.000117 27
0.305060 6
0.000008 12
0.000018 1
1.711330 6
0.000030 12
0.000028 28
0.147302 6
0.000024 12
0.000005 28
0.140534 6
0.000027 40
0.122124 6
0.000069 12
0.000029 28
0.081933 6
0.000147 12
0.000028 28
0.090012 6
0.000043 12
0.000006 28
0.554137 6
0.000069 12
0.000070 28
0.200816 6
0.000077 29
0.000033 11
0.296724 6
0.000026 12
0.000007 28
0.121617 6
0.000078 12
0.000028 28
1.107981 6
0.000047 18
0.945554 6
0.000043 13
0.109551 6
0.000053 12
0.000005 1
0.000032 18
1.826768 6
0.000114 190
0.000021 54
0.817295 6
0.000093 89
0.000006 225
0.000012 28
0.000016 49
0.000006 12
1.010569 6
0.000198 13
0.000007 37
0.002269 28
0.000027 57
0.000077 53
0.000019 8
0.000826 28
0.002349 50
0.000062 40
0.000014 25
0.000099 110
19.092917 16
0.405072 1
0.265413 1
0.271232 1
1.157392 11
0.147302 11
0.379977 11
0.583220 7
0.025561 7
0.633220 2
0.000017 9
0.000038 36
0.002331 8
0.000044 54
0.000026 13
0.000279 67
0.000392 116
0.000042 262
0.000019 182
0.000024 17
2.041320 13
0.000027 21
0.000158 12
0.000020 22
0.237209 6
0.000026 29
0.760421 6
0.000025 29
0.471491 6
0.000040 12
0.000005 17
0.126514 6
0.000068 29
0.108559 6
0.000104 12
0.000055 17
0.400817 6
0.000022 29
0.446923 6
0.000591 29
0.065598 6
0.000065 12
0.000033 17
0.399032 6
0.000021 12
0.000023 3
0.146343 6
0.000028 12
0.000043 3
0.506619 6
0.000041 12
0.000021 17
0.106345 6
0.000042 29
0.103676 6
0.000054 29
0.381266 6
0.000034 12
0.000038 3
0.123589 6
0.000027 15
0.082368 6
0.000064 29
0.121399 6
0.000034 29
0.296613 6
0.000055 13
0.000024 2
0.115584 6
0.000031 45
0.084255 6
0.000034 29
0.283948 6
0.000151 17
1.139919 6
0.000031 29
0.000239 6
0.000029 17
0.509476 6
0.000180 18
0.355838 6
0.000165 17
0.209083 6
0.000040 18
0.141793 6
0.000041 16
1.008163 6
0.000051 13
0.073681 6
0.000066 31
0.097245 6
0.000038 12
0.000103 4
0.220757 6
0.000041 13
0.118494 6
0.000026 15
0.248174 6
0.000020 12
0.000021 22
0.148731 6
0.000043 12
0.000045 5
0.178336 6
0.000006 13
0.000010 3
3.165113 6
0.000036 13
0.546812 6
0.000029 31
0.079319 6
0.000026 12
0.000019 4
0.162481 6
0.000017 12
0.000015 1
0.128357 6
0.000078 13
2.208571 6
0.000038 12
0.000021 17
0.733378 6
0.000583 29
0.165958 6
0.000045 13
0.000024 27
1.123688 6
0.000191 17
0.454153 6
0.000023 13
0.065204 6
0.000022 31
0.071915 6
0.000180 29
0.428661 6
0.000089 13
0.000024 18
0.070962 6
0.000087 12
0.000030 17
1.112779 6
0.000037 12
0.000007 3
0.076990 6
0.000044 14
0.000093 28
0.104745 6
0.000075 29
0.457983 6
0.000057 12
0.000031 3
0.109433 6
0.000106 12
0.000021 28
0.166910 6
0.000007 12
0.000022 1
1.168620 6
0.000147 12
0.000026 28
0.308485 6
0.000053 12
0.000005 28
0.149604 6
0.000027 12
0.000024 28
0.081847 6
0.000032 12
0.000032 28
0.218024 6
0.000037 40
0.073551 6
0.000045 40
0.347116 18
0.000021 3
1.648256 6
0.000077 12
0.000064 17
0.481477 6
0.000068 12
0.000036 19
0.054784 6
0.000059 29
0.192545 6
0.000081 12
0.000024 17
0.366293 6
0.000049 15
0.120679 6
0.000095 13
0.133340 6
0.000177 13
0.118711 6
0.000108 35
0.250767 6
0.000153 17
0.096446 6
0.000048 12
0.000023 25
1.695289 6
0.000036 18
0.000021 1
0.139361 6
0.000076 13
0.109903 6
0.000055 13
0.110384 6
0.000075 12
0.000005 3
0.000029 29
0.114241 6
0.000072 12
0.000005 17
0.427761 6
0.000065 12
0.000008 3
0.112243 6
0.000026 12
0.000054 28
0.174197 6
0.000008 12
0.000020 1
0.956555 6
0.000049 40
0.149865 6
0.000035 12
0.000027 28
0.114376 6
0.000069 12
0.000027 28
0.353718 6
0.000670 40
0.486245 6
0.000039 13
0.000037 29
3.267859 6
0.000059 12
0.000042 28
3.915904 6
0.000042 12
0.000021 28
1.398589 6
0.000007 13
0.348325 6
0.000029 12
0.000015 1
0.275822 6
0.000040 14
0.000045 35
0.611966 6
0.000007 12
0.000014 3
0.287308 18
0.000007 3
0.258531 18
0.000021 3
1.881673 6
0.000079 17
0.598435 6
0.000049 37
1.738658 6
0.000021 12
0.000040 7
0.334187 6
0.000040 13
0.219662 6
0.000068 13
0.189650 6
0.000040 35
0.248389 6
0.000194 17
1.681457 6
0.000036 13
0.071617 6
0.000055 12
0.000035 19
0.195912 6
0.000085 17
0.907767 6
0.000088 16
0.620318 19
0.122581 6
0.000648 31
0.071359 6
0.000030 18
0.000006 11
1.295962 6
0.000194 18
0.373727 6
0.000188 18
1.275693 6
0.000051 12
0.000038 19
0.516160 6
0.000049 12
0.000030 17
0.407872 6
0.000061 12
0.000039 3
0.057089 6
0.000026 13
0.772347 6
0.000034 12
0.000024 17
0.249257 6
0.000025 31
0.311921 6
0.000106 12
0.000051 2
0.000013 20
0.178944 6
0.000061 12
0.000035 3
0.234956 6
0.000065 13
0.068284 6
0.000044 13
2.867581 6
0.000065 13
0.126151 6
0.000095 12
0.000022 17
1.059832 6
0.000024 12
0.000021 3
0.078377 6
0.000083 13
0.084561 6
0.000208 13
0.081395 6
0.000031 13
0.164591 6
0.000079 29
1.010593 6
0.000045 15
0.167784 6
0.000036 12
0.000078 28
0.198162 6
0.000019 12
0.000030 1
1.383654 6
0.000039 12
0.000021 28
0.544816 6
0.000101 12
0.000030 28
0.170600 6
0.000061 12
0.000006 28
0.067202 6
0.000068 12
0.000045 28
0.138608 6
0.000049 40
0.093805 6
0.000109 12
0.000037 28
1.153290 6
0.000020 12
0.000005 3
0.229431 6
0.000084 12
0.000025 17
0.904742 6
0.000077 12
0.000042 19
0.598821 6
0.000615 29
2.075897 6
0.000043 29
1.068581 6
0.000096 12
0.000034 3
0.099579 6
0.000120 13
0.555886 6
0.000042 15
0.149134 6
0.000073 14
0.000008 20
0.809785 6
0.000335 15
0.146831 6
0.000087 13
0.089753 6
0.000088 13
0.283306 6
0.000064 13
0.098448 6
0.000079 13
1.643890 6
0.000043 13
0.145499 6
0.000084 13
0.194898 6
0.000135 13
0.189808 6
0.000056 13
0.102213 6
0.000059 29
0.558455 6
0.000050 13
0.000013 2
0.272822 6
0.000089 29
0.199679 6
0.000092 29
0.786628 6
0.000080 12
0.000035 3
0.059807 6
0.000069 13
0.123476 6
0.000094 12
0.000007 1
0.070310 6
0.000064 15
0.000019 20
0.215657 6
0.000212 18
0.100941 6
0.000009 16
0.000015 21
1.732571 6
0.000027 12
0.000033 7
0.223983 6
0.000062 13
0.070032 6
0.000039 13
0.220866 6
0.000098 44
0.092704 6
0.000041 29
1.327580 6
0.000024 12
0.000024 3
0.128451 6
0.000024 13
0.000039 27
0.180473 18
0.000021 1
0.431577 6
0.000037 12
0.000025 28
0.167834 6
0.000031 40
0.183218 6
0.000032 12
0.000023 28
0.138226 18
0.000022 28
0.107229 6
0.000114 12
0.000034 28
0.264439 6
0.000027 40
0.075751 6
0.000045 40
0.210048 6
0.000037 12
0.000094 28
0.148877 6
0.000159 12
0.000009 28
0.269472 6
0.000721 40
2.020873 6
0.000141 12
0.000007 28
0.966600 6
0.000110 12
0.000033 28
0.072152 6
0.000054 12
0.000023 28
0.113844 6
0.000071 12
0.000018 28
0.152596 6
0.000046 12
0.000006 28
0.100012 6
0.000087 12
0.000065 28
0.191707 6
0.000047 12
0.000007 28
0.522850 6
0.000047 40
0.109774 6
0.000062 40
0.095962 6
0.000137 12
0.000019 28
0.081958 6
0.000068 12
0.000030 28
1.185621 6
0.000072 12
0.000027 28
0.079079 6
0.000029 12
0.000030 28
0.256169 6
0.000066 40
0.110488 6
0.000079 12
0.000033 28
0.299044 6
0.000068 12
0.000027 28
0.126721 6
0.000053 12
0.000016 28
0.116106 6
0.000086 12
0.000027 28
0.402042 6
0.000048 13
0.000020 30
0.063121 6
0.000054 12
0.000021 28
0.621646 6
0.000006 12
0.000023 6
0.256797 6
0.000028 12
0.000005 14
0.000005 11
1.663122 6
0.000097 12
0.000054 7
0.276741 6
0.000035 13
0.202424 6
0.000063 13
0.138688 6
0.000128 12
0.000047 23
0.086070 6
0.000053 12
0.000040 17
0.208786 21
0.253226 6
0.000129 18
0.137839 6
0.000037 16
0.000020 21
0.330608 6
0.000020 16
0.635720 19
0.086553 6
0.000049 31
0.193817 6
0.000127 18
1.882252 6
0.000204 17
0.999713 6
0.000093 13
0.037451 6
0.000045 12
0.000030 1
0.086171 6
0.000056 29
1.719528 6
0.000059 13
0.000020 2
0.066272 6
0.000051 12
0.000011 30
0.051719 6
0.000084 29
0.294410 6
0.000077 15
0.384893 6
0.000043 13
0.222259 6
0.000032 13
0.104648 6
0.000057 13
0.106758 6
0.000043 29
2.512158 6
0.000105 15
0.142926 6
0.000056 13
0.083656 6
0.000067 13
0.191547 6
0.000050 13
0.221084 6
0.000081 12
0.000029 17
80.949335 6
0.000061 15
0.647594 6
0.000048 12
0.000025 17
1.367201 6
0.000031 13
0.000033 27
0.075395 6
0.000076 38
0.072463 6
0.000049 38
0.166806 6
0.000033 12
0.000035 26
0.100591 6
0.000079 38
0.311365 6
0.000092 17
0.000006 33
0.072415 6
0.000040 29
1.710665 6
0.000035 12
0.000027 19
0.083920 6
0.000056 29
0.850778 6
0.000054 15
0.048388 6
0.000062 13
0.411297 6
0.000114 12
0.000077 30
0.117861 6
0.000059 29
1.124058 6
0.000074 12
0.000045 3
0.111951 6
0.000111 12
0.000022 30
0.221884 6
0.000115 20
0.098296 6
0.000085 14
0.000020 28
0.083030 6
0.000087 29
1.067627 6
0.000066 15
0.072281 6
0.000063 31
0.055762 6
0.000060 17
0.152562 6
0.000132 13
0.087057 6
0.000063 13
1.069849 6
0.000054 29
0.332773 6
0.000067 13
0.898892 6
0.000058 29
0.477158 6
0.000080 12
0.000045 28
0.323470 6
0.000067 38
0.084146 6
0.000083 12
0.000029 26
0.197227 6
0.000076 38
0.059644 6
0.000095 38
1.398677 6
0.000085 12
0.000006 27
0.000021 11
0.385972 6
0.000053 29
4.248224 6
0.000091 12
0.000021 3
0.460916 6
0.000134 18
1.607488 6
0.000031 13
0.552827 6
0.000030 13
0.088436 6
0.000044 13
0.059784 6
0.000017 13
0.473853 6
0.000062 13
0.333900 6
0.000034 29
0.756166 6
0.000067 12
0.000032 19
0.118813 6
0.000017 12
0.000006 17
1.443026 6
0.000029 12
0.000037 3
0.265064 6
0.000024 13
0.099047 6
0.000168 12
0.000009 1
0.111823 6
0.000066 13
1.521613 6
0.000018 12
0.000008 3
0.115287 6
0.000020 12
0.000013 3
0.142726 6
0.000070 12
0.000023 3
0.189610 6
0.000061 13
0.664196 6
0.000073 15
0.218148 6
0.000050 13
0.134793 6
0.000051 13
0.059995 6
0.000034 13
0.123105 6
0.000053 13
1.559810 6
0.000102 12
0.000022 17
0.401700 6
0.000033 15
1.199803 6
0.000023 13
0.059235 6
0.000037 13
0.088028 6
0.000054 13
0.468161 6
0.000032 16
0.000031 30
1.727063 6
0.000034 29
0.072030 6
0.000062 29
0.393510 6
0.000077 12
0.000019 3
0.091411 6
0.000033 13
0.190101 6
0.000036 13
0.226243 6
0.000108 13
0.255959 6
0.000083 13
0.313863 6
0.000089 12
0.000023 17
0.133606 6
0.000038 12
0.000023 19
0.135984 6
0.000078 13
1.229548 6
0.000036 12
0.000066 17
0.634919 6
0.000039 13
0.000004 18
0.293735 6
0.000344 18
1.505646 6
0.000040 13
0.893904 6
0.000045 13
0.069260 6
0.000031 13
0.091168 6
0.000077 13
0.280165 6
0.000071 13
0.518292 6
0.000024 29
1.567193 6
0.000042 12
0.000042 19
0.056877 6
0.000074 29
0.163882 18
0.000040 1
0.278361 6
0.000070 31
0.172314 6
0.000041 12
0.000120 21
0.098722 6
0.000039 13
0.576436 6
0.000006 12
0.000023 1
0.654839 18
0.000024 1
1.710974 6
0.000047 12
0.000009 21
0.204777 6
0.000056 12
0.000034 21
0.134857 6
0.000029 12
0.000030 21
0.062230 6
0.000106 33
0.132101 6
0.000036 12
0.000005 21
0.093779 6
0.000069 33
0.199696 6
0.000039 34
0.148865 6
0.000052 12
0.000032 24
0.127014 6
0.000066 12
0.000024 24
0.101868 6
0.000034 12
0.000005 24
0.262912 6
0.000058 12
0.000038 24
0.696034 6
0.000055 12
0.000029 21
0.112227 6
0.000076 12
0.000023 21
0.078637 6
0.000024 12
0.000023 21
0.065847 6
0.000030 33
0.074095 6
0.000011 12
0.000035 21
0.379006 6
0.000063 12
0.000026 21
0.137497 6
0.000055 60
0.331090 19
1.253855 6
0.000055 60
0.091686 6
0.000033 12
0.000023 48
0.051809 6
0.000030 12
0.000029 48
0.645810 6
0.000033 12
0.000033 3
0.450358 6
0.000097 12
0.000017 37
0.111729 6
0.000044 12
0.000005 21
1.076457 6
0.000125 33
0.096788 6
0.000062 12
0.000028 21
0.245656 6
0.000056 33
0.082233 6
0.000023 12
0.000033 21
0.180907 6
0.000032 22
0.000005 11
0.324901 6
0.000030 12
0.000034 21
1.067497 6
0.000042 12
0.000018 22
0.687476 6
0.000041 33
0.814580 6
0.000027 15
0.207475 6
0.000029 13
0.312849 6
0.000072 12
0.000061 46
0.499595 6
0.000019 12
0.000026 1
0.214034 6
0.000039 12
0.000018 44
0.725715 6
0.000052 53
0.075696 6
0.000005 12
0.000020 5
1.593858 18
0.000008 1
0.176546 6
0.000035 12
0.000019 22
1.521997 6
0.000063 12
0.000031 37
0.062969 6
0.000054 12
0.000005 21
0.178963 6
0.000088 22
0.000006 11
0.555936 6
0.000066 12
0.000023 22
0.601415 6
0.000005 12
0.000005 1
0.520899 21
0.218189 18
0.000018 6
0.968756 19
0.660559 6
0.000034 12
0.000007 1
0.099564 6
0.000120 13
0.325425 6
0.000039 13
0.247029 6
0.000047 13
0.265709 6
0.000042 13
0.088371 6
0.000024 13
0.407787 6
0.000026 12
0.000035 1
0.366616 6
0.000079 12
0.000037 17
2.182271 6
0.000038 31
0.066784 6
0.000040 12
0.000019 17
0.222502 18
0.000018 1
0.419072 6
0.000022 12
0.000018 3
0.200426 6
0.000053 12
0.000027 3
0.129806 6
0.000046 12
0.000023 22
0.238475 6
0.000084 12
0.000021 19
0.109148 6
0.000037 12
0.000048 17
0.338778 18
0.000018 1
0.295097 6
0.000029 12
0.000085 19
0.157974 6
0.000063 12
0.000037 21
0.168567 6
0.000008 13
1.643458 6
0.000065 12
0.000021 21
0.135810 6
0.000063 12
0.000027 21
0.214175 6
0.000117 33
0.061787 6
0.000066 12
0.000020 21
0.061948 6
0.000076 12
0.000006 21
0.073857 6
0.000064 12
0.000068 21
1.859356 6
0.000039 12
0.000005 21
0.122453 6
0.000061 12
0.000054 48
0.251610 18
0.000018 1
0.931368 6
0.000026 12
0.000020 48
0.258653 6
0.000036 60
0.248760 6
0.000182 12
0.000035 48
0.377036 6
0.000043 12
0.000024 48
0.244475 18
0.000050 48
0.070794 6
0.000049 12
0.000007 48
1.064449 18
0.000012 3
0.918360 6
0.000058 12
0.000033 37
0.051477 6
0.000046 12
0.000007 21
0.577449 6
0.000028 22
0.000009 11
0.076660 6
0.000060 12
0.000035 21
0.228072 6
0.000064 12
0.000027 21
0.146414 6
0.000037 12
0.000025 21
0.118247 6
0.000063 12
0.000021 21
0.711623 6
0.000051 12
0.000005 37
0.069993 6
0.000145 12
0.000028 21
1.039886 18
0.000007 1
0.185432 18
0.000022 6
1.047968 6
0.000055 13
0.079381 6
0.000054 13
0.087733 6
0.000033 13
0.918778 6
0.000043 29
0.625725 6
0.000108 31
0.072920 6
0.000083 12
0.000009 17
0.398858 6
0.000062 12
0.000030 3
0.126904 6
0.000026 12
0.000018 22
0.161380 6
0.000052 12
0.000008 3
0.021362 6
0.000037 12
0.000025 17
0.057624 6
0.000046 12
0.000075 17
0.492270 6
0.000023 12
0.000036 3
0.135844 6
0.000022 12
0.000006 3
0.330232 6
0.000057 12
0.000025 22
0.245528 6
0.000043 12
0.000038 19
0.076194 6
0.000079 12
0.000031 17
0.203394 18
0.000041 6
0.182675 6
0.000067 29
0.364855 18
0.000015 1
0.320212 6
0.000020 12
0.000017 7
0.285064 18
0.000033 1
0.523185 18
0.000020 7
0.200789 6
0.000060 12
0.000165 4
0.213228 6
0.000286 19
0.315083 6
0.000257 12
0.000006 1
0.186144 6
0.000033 12
0.000022 19
0.176227 6
0.000065 13
0.000130 20
0.130912 18
0.000021 1
1.671151 18
0.000010 21
0.064607 6
0.000078 12
0.000017 39
1.174534 6
0.000036 49
0.046045 6
0.000046 12
0.000005 37
0.332058 6
0.000021 13
0.222334 6
0.000044 12
0.000022 39
0.261719 6
0.000059 12
0.000025 42
0.169233 6
0.000028 12
0.000049 39
1.767984 6
0.000034 51
0.178845 6
0.000068 12
0.000018 39
0.120082 6
0.000056 12
0.000011 39
0.051473 6
0.000031 51
0.173511 6
0.000037 12
0.000039 39
1.086381 6
0.000021 18
0.499380 6
0.000041 29
0.166664 6
0.000043 12
0.000032 3
0.280042 6
0.000038 12
0.000057 1
0.081613 6
0.000036 13
0.096413 6
0.000041 13
0.445911 6
0.000041 13
0.825974 6
0.000058 29
0.251841 6
0.000049 12
0.000025 3
0.161877 6
0.000060 12
0.000006 1
0.000075 27
0.263197 6
0.000007 13
2.426579 6
0.000019 12
0.000020 1
0.514132 6
0.000012 13
0.033168 18
0.000015 1
0.030783 6
0.000024 12
0.000005 1
0.030099 6
0.000020 12
0.000037 1
0.029998 18
0.000006 1
0.030920 6
0.000041 13
0.571938 6
0.000054 13
0.386673 6
0.000018 13
0.513746 6
0.000006 12
0.000025 1
0.030326 18
0.000010 1
0.030463 6
0.000024 13
0.030232 6
0.000007 12
0.000015 1
0.029630 18
0.000018 3
0.030647 6
0.000022 12
0.000004 3
0.191903 6
0.000026 13
0.515576 6
0.000007 13
0.031874 6
0.000022 13
0.033198 6
0.000020 12
0.000020 1
0.033481 6
0.000017 13
0.034078 6
0.000007 13
0.032636 6
0.000027 13
0.156814 6
0.000024 12
0.000022 1
0.359548 6
0.000047 17
0.142706 6
0.000203 58
0.000004 12
0.135810 6
0.000039 12
0.000018 5
3.611177 6
0.000095 17
0.129406 6
0.000032 12
0.000024 42
0.251719 6
0.000008 12
0.000040 1
0.513561 6
0.000046 13
0.002624 18
0.000006 1
0.031670 6
0.000028 12
0.000054 1
0.031984 6
0.000016 13
0.033977 18
0.000017 1
0.031741 18
0.000017 3
0.034324 18
0.000018 3
0.031844 6
0.000029 12
0.000019 6
0.183068 18
0.000027 8
0.168861 6
0.000018 13
0.836623 6
0.000075 12
0.000023 28
0.498478 6
0.000047 40
0.052424 6
0.000071 40
0.139146 6
0.000064 12
0.000022 28
0.067784 6
0.000057 12
0.000021 28
0.361463 6
0.000044 13
0.000021 30
0.137166 6
0.000121 12
0.000030 31
0.114270 6
0.000035 12
0.000003 1
0.000014 30
0.139505 6
0.000049 12
0.000007 28
0.082817 6
0.000066 12
0.000030 28
0.197639 6
0.000086 12
0.000048 31
0.119259 6
0.000076 43
0.156864 6
0.000078 12
0.000045 1
0.000024 30
0.149822 6
0.000062 12
0.000038 28
0.293834 6
0.000050 13
0.000021 30
0.181923 6
0.000094 12
0.000049 28
0.058005 6
0.000069 12
0.000069 28
0.138755 6
0.000048 40
0.095877 6
0.000076 12
0.000030 28
0.277245 6
0.000187 12
0.000037 28
0.941511 6
0.000118 40
0.212281 6
0.000165 12
0.000033 28
0.069337 6
0.000088 12
0.000024 28
0.107755 6
0.000081 12
0.000053 28
1.872582 6
0.000008 12
0.000025 3
1.965945 6
0.000118 12
0.000029 17
0.748169 18
0.000020 1
0.875240 6
0.000076 12
0.000028 19
0.254679 6
0.000007 12
0.000011 3
0.346194 6
0.000064 13
1.229164 6
0.000112 29
0.000048 11
0.597841 6
0.000084 12
0.000034 6
1.318179 6
0.000092 6
0.000064 238
0.806429 6
0.000053 185
0.000006 35
0.000006 94
0.000006 28
0.000026 62
0.506755 6
0.000138 50
0.001954 28
0.000023 57
0.000080 61
0.000438 28
0.001643 50
0.000087 40
0.000006 25
0.000089 8
0.000051 102
5.962122 15
0.293555 1
0.540179 1
0.170123 1
0.213421 11
0.143814 11
1.602277 7
0.069756 7
0.140973 7
0.281643 7
0.121355 7
0.068463 7
0.264976 2
0.000021 9
0.000036 36
0.002516 8
0.000038 54
0.000025 13
0.000283 67
0.000362 116
0.000037 334
0.000014 127
1.779403 6
0.000028 28
0.000333 12
0.000008 22
0.247871 6
0.000047 12
0.000025 17
1.184951 6
0.000065 12
0.000007 17
1.393143 6
0.000025 12
0.000032 17
0.147285 6
0.000033 29
0.191985 6
0.000030 29
0.347386 6
0.000031 29
2.156960 6
0.000029 12
0.000004 17
0.058229 6
0.000023 12
0.000004 17
0.118926 6
0.000042 12
0.000022 17
0.113735 6
0.000051 29
0.458597 6
0.000166 17
2.536229 6
0.000108 13
0.134929 6
0.000067 31
0.051966 6
0.000034 12
0.000005 4
0.222616 6
0.000019 13
0.056105 6
0.000053 13
1.445954 6
0.000048 12
0.000018 17
1.404959 6
0.000037 29
0.412284 6
0.000035 27
0.000006 2
0.259691 6
0.000550 29
0.346472 6
0.000076 12
0.000031 28
1.239652 6
0.000172 17
6.561764 6
0.000068 13
0.039809 6
0.000060 13
0.304859 6
0.000033 15
0.072383 6
0.000032 13
0.000029 18
0.164479 6
0.000035 12
0.000095 17
1.281326 6
0.000106 12
0.000030 19
0.053270 6
0.000043 29
0.103599 6
0.000034 29
0.079642 6
0.000038 12
0.000016 1
0.682115 6
0.000056 13
0.151529 6
0.000028 12
0.000032 31
0.246354 6
0.000049 12
0.000085 33
0.287634 6
0.000076 15
0.161520 6
0.000006 15
0.202694 6
0.000031 12
0.000012 3
0.183316 18
0.000037 1
0.265065 18
0.000040 1
1.847666 6
0.000086 12
0.000009 21
0.047393 6
0.000067 12
0.000004 18
0.000021 32
0.124067 6
0.000049 33
1.015337 6
0.000051 33
0.112222 6
0.000070 12
0.000031 48
0.181731 6
0.000020 12
0.000018 1
2.704690 6
0.000073 12
0.000008 48
0.523892 6
0.000139 60
0.219950 6
0.000067 12
0.000034 48
0.052526 6
0.000043 12
0.000021 48
0.168428 6
0.000029 12
0.000048 48
0.087836 6
0.000094 12
0.000020 48
0.859484 18
0.000027 3
0.871487 19
0.404945 6
0.000019 12
0.000006 3
0.674807 6
0.000090 29
0.266974 6
0.000098 12
0.000005 17
1.223984 6
0.000036 15
0.088474 6
0.000115 13
0.112285 6
0.000100 13
0.087556 6
0.000109 15
0.000026 20
0.288094 6
0.000091 17
0.157371 6
0.000041 37
1.383955 6
0.000036 19
0.064042 19
0.123834 6
0.000044 13
0.082629 6
0.000063 12
0.000111 32
0.090227 6
0.000107 29
0.953968 6
0.000047 15
0.151478 6
0.000076 13
0.000026 27
0.199376 6
0.000044 12
0.000031 1
0.931163 6
0.000038 12
0.000020 28
0.045089 6
0.000041 12
0.000008 28
0.140814 6
0.000042 12
0.000042 28
1.683939 6
0.000077 12
0.000036 31
0.115033 6
0.000061 12
0.000022 31
0.136037 6
0.000090 12
0.000084 28
0.103568 6
0.000060 12
0.000089 28
0.167984 6
0.000071 12
0.000044 28
0.319855 6
0.000040 12
0.000004 1
0.000023 30
0.184152 6
0.000063 12
0.000042 28
0.152975 6
0.000054 29
0.000008 11
0.878606 6
0.000073 12
0.000013 31
0.133939 6
0.000062 12
0.000026 31
0.050003 6
0.000083 40
0.691258 6
0.000056 40
0.185924 6
0.000058 12
0.000027 28
0.445539 6
0.000088 12
0.000032 1
0.000024 30
0.096371 6
0.000069 12
0.000035 28
0.350017 6
0.000028 12
0.000015 3
0.336649 6
0.000059 12
0.000019 17
0.190710 6
0.000081 17
2.273115 6
0.000027 12
0.000046 25
3.262389 19
0.506894 25
0.008812 6
0.000021 13
0.034341 6
0.000008 13
0.034267 18
0.000026 1
0.032350 6
0.000049 13
0.031875 6
0.000025 12
0.000033 1
0.366829 6
0.000008 18
0.266632 18
0.000023 5
0.329845 18
0.000007 6
0.228591 6
0.000030 12
0.000029 1
0.186377 6
0.000021 19
0.154810 18
0.000022 1
0.230829 6
0.000036 12
0.000024 1
0.170699 6
0.000123 12
0.000016 42
1.314882 6
0.000027 12
0.000029 42
0.094787 6
0.000082 54
0.221028 6
0.000030 12
0.000028 42
0.089801 6
0.000485 12
0.000037 42
1.830151 6
0.000027 12
0.000019 42
0.514715 6
0.000105 12
0.000033 42
0.070920 6
0.000110 12
0.000043 42
0.052363 6
0.000055 12
0.000017 42
0.416004 6
0.000071 12
0.000034 42
0.061343 6
0.000168 12
0.000018 42
0.182461 6
0.000069 12
0.000032 42
0.079656 6
0.000095 12
0.000015 42
0.161492 6
0.000242 12
0.000007 42
0.284985 6
0.000128 12
0.000019 42
0.086246 6
0.000033 12
0.000037 42
0.126741 6
0.000087 54
0.091741 6
0.000077 12
0.000028 42
0.459977 6
0.000018 12
0.000042 1
0.124219 6
0.000029 18
0.833475 6
0.000019 19
0.266709 18
0.000013 1
0.513183 18
0.000042 1
0.000297 19
0.033110 18
0.000008 1
0.033594 6
0.000018 13
0.032925 18
0.000018 1
0.033421 6
0.000638 13
0.022037 6
0.000005 12
0.000005 1
0.346245 6
0.000096 13
0.000017 4
0.295403 6
0.000057 68
0.151803 6
0.000044 12
0.000025 1
0.660191 6
0.000056 13
0.157866 6
0.000022 12
0.000005 1
0.249518 6
0.000059 12
0.000005 5
0.389916 6
0.000089 71
0.355982 6
0.000039 17
0.182043 6
0.000070 71
0.330452 18
0.000019 6
1.688004 6
0.000029 19
0.134260 6
0.000031 13
0.087387 6
0.000108 13
0.231586 6
0.000043 12
0.000040 23
0.153055 6
0.000051 29
0.182873 6
0.000112 15
0.926851 6
0.000195 17
1.293251 6
0.000030 18
0.000020 11
0.449438 6
0.000018 16
1.470399 6
0.000033 13
0.031955 6
0.000050 31
0.105445 6
0.000096 17
0.496232 6
0.000038 13
0.145693 6
0.000056 31
0.326014 6
0.000023 12
0.000031 17
0.742102 6
0.000117 12
0.000046 3
0.089726 6
0.000072 13
0.020609 6
0.000092 29
0.494330 6
0.000077 13
0.000032 2
0.110963 6
0.000035 13
0.129977 6
0.000032 12
0.000013 1
0.376045 6
0.000053 13
0.099788 6
0.000028 13
0.138039 6
0.000053 13
0.905770 6
0.000045 29
0.295897 6
0.000794 15
0.273937 6
0.000171 13
0.126260 6
0.000089 13
0.207902 6
0.000059 13
0.139294 6
0.000036 29
0.314386 6
0.000082 31
0.107221 6
0.000049 29
0.383711 6
0.000031 15
0.112011 6
0.000084 13
0.135198 6
0.000051 13
0.122796 6
0.000049 12
0.000004 21
0.000026 11
0.174039 6
0.000073 12
0.000028 17
0.859638 6
0.000037 15
0.130069 6
0.000061 29
0.000063 11
0.190030 6
0.000028 12
0.000006 1
0.652632 6
0.000139 40
0.222941 6
0.000086 12
0.000033 28
0.164802 6
0.000189 12
0.000024 28
0.138067 6
0.000061 40
0.132572 6
0.000059 40
0.135243 6
0.000054 12
0.000034 28
0.305362 6
0.000036 17
0.227112 6
0.000046 12
0.000051 17
0.483480 18
0.000049 1
0.309391 6
0.000124 51
0.491838 6
0.000085 12
0.000031 21
0.920808 6
0.000044 14
0.000036 29
0.339517 6
0.000035 12
0.000021 24
0.250676 6
0.000125 43
0.136923 6
0.000146 12
0.000061 21
0.496775 6
0.000051 12
0.000024 21
0.096122 6
0.000148 12
0.000046 19
0.119495 6
0.000077 12
0.000036 19
0.391017 6
0.000131 15
0.000108 43
0.088300 6
0.000186 12
0.000036 21
0.209072 6
0.000088 12
0.000031 21
0.327114 6
0.000062 56
0.132908 6
0.000099 12
0.000022 21
1.097178 6
0.000120 33
0.136601 6
0.000098 12
0.000008 1
0.000029 41
0.169012 6
0.000009 13
1.184736 6
0.000089 54
0.055165 6
0.000109 12
0.000024 42
0.058160 6
0.000116 54
0.657464 6
0.000063 12
0.000040 45
1.155913 6
0.000047 12
0.000017 42
0.091222 6
0.000025 15
0.210579 6
0.000103 12
0.000006 29
1.144661 6
0.000109 15
0.000005 18
0.492009 6
0.000093 12
0.000029 21
0.041221 6
0.000036 12
0.000031 19
0.180569 6
0.000092 12
0.000049 19
0.105020 6
0.000061 12
0.000024 35
0.224760 6
0.000238 6
0.000027 30
0.098970 6
0.000019 38
1.982140 6
0.000065 12
0.000004 6
0.000018 19
0.092176 6
0.000025 12
0.000037 19
0.110220 6
0.000040 12
0.000028 19
0.093471 6
0.000033 12
0.000054 46
0.104235 6
0.000061 12
0.000040 21
0.436143 6
0.000075 12
0.000028 21
0.116863 6
0.000044 13
0.000022 41
0.158461 6
0.000026 13
0.753711 6
0.000063 12
0.000024 42
0.024407 6
0.000043 12
0.000031 42
0.072972 6
0.000078 12
0.000045 42
0.419314 24
1.490949 6
0.000043 13
0.099789 6
0.000012 12
0.000015 1
0.216797 6
0.000038 13
0.249926 6
0.000054 33
0.094277 6
0.000053 12
0.000025 17
1.347688 6
0.000079 13
0.000032 2
0.052856 6
0.000045 12
0.000017 1
0.081427 6
0.000057 29
1.440926 6
0.000118 15
0.123686 6
0.000030 13
0.058362 6
0.000036 13
0.402354 6
0.000066 12
0.000007 1
0.173164 6
0.000068 13
0.078015 6
0.000036 12
0.000006 1
0.881057 6
0.000069 12
0.000014 17
0.419627 6
0.000061 12
0.000037 3
0.197641 6
0.000061 13
0.059578 6
0.000136 12
0.000013 1
0.074389 6
0.000069 13
0.137995 6
0.000080 12
0.000078 17
0.396846 6
0.000048 13
0.000032 18
0.259957 6
0.000069 29
1.280112 6
0.000029 12
0.000055 3
0.091186 6
0.000075 13
0.124358 6
0.000042 13
0.162164 6
0.000053 15
0.138709 6
0.000076 12
0.000024 3
0.043866 6
0.000085 13
0.059083 6
0.000110 13
0.336856 6
0.000072 12
0.000020 3
0.127645 6
0.000073 12
0.000027 3
0.107956 6
0.000098 12
0.000026 22
0.507999 6
0.000089 15
0.079998 6
0.000064 12
0.000033 1
0.286899 6
0.000041 12
0.000004 3
0.122702 6
0.000067 12
0.000023 22
0.058993 6
0.000079 12
0.000029 3
0.126797 6
0.000057 13
0.080238 6
0.000068 13
0.224724 6
0.000036 13
0.291133 6
0.000073 12
0.000024 3
0.215744 6
0.000110 12
0.000038 17
0.354061 6
0.000042 15
0.141464 6
0.000033 12
0.000032 32
0.117919 6
0.000630 29
2.845246 6
0.000047 15
0.452457 6
0.000078 13
0.096681 6
0.000089 12
0.000048 19
0.081256 6
0.000060 17
0.183784 6
0.000035 12
0.000005 1
0.061138 6
0.000056 13
0.328846 6
0.000085 15
0.132377 6
0.000081 12
0.000030 3
0.112463 6
0.000051 12
0.000003 3
0.000016 21
0.126931 6
0.000080 12
0.000022 6
0.129490 6
0.000083 12
0.000022 3
0.276102 6
0.000038 34
2.336216 6
0.000109 12
0.000042 3
0.106907 6
0.000042 13
0.000026 27
0.191603 6
0.000008 13
1.409814 6
0.000053 12
0.000016 28
0.287394 6
0.000089 12
0.000025 28
0.179060 6
0.000076 12
0.000025 28
0.072658 6
0.000047 40
0.155081 6
0.000055 12
0.000005 28
0.094713 6
0.000081 12
0.000071 28
0.314404 18
0.000009 3
0.721569 6
0.000061 12
0.000005 17
0.532824 6
0.000048 12
0.000018 19
0.070612 6
0.000109 29
0.438431 6
0.000095 15
0.086527 6
0.000055 13
0.078039 6
0.000066 13
0.206875 6
0.000103 15
0.000030 29
0.067951 6
0.000099 29
1.587488 6
0.000046 15
0.127231 6
0.000057 14
0.000024 28
0.096988 6
0.000072 29
0.678029 6
0.000110 12
0.000009 3
0.133944 6
0.000041 40
0.172412 6
0.000005 12
0.000023 1
0.619634 6
0.000106 12
0.000046 28
0.051783 6
0.000161 12
0.000038 28
0.109586 6
0.000093 12
0.000016 28
1.310636 18
0.000007 3
0.596234 6
0.000142 13
0.148681 6
0.000085 29
0.478308 6
0.000097 12
0.000031 3
0.122452 6
0.000207 12
0.000060 3
0.144934 6
0.000105 13
0.197841 6
0.000065 13
0.000005 2
0.127973 6
0.000122 29
0.124962 6
0.000066 29
0.752328 6
0.000108 12
0.000004 3
0.034834 6
0.000117 13
0.251762 6
0.000137 15
0.128842 6
0.000061 14
0.000007 20
0.139859 6
0.000090 15
0.089935 6
0.000065 13
0.319906 6
0.000057 15
0.134775 6
0.000073 12
0.000006 22
0.072696 6
0.000085 15
0.176495 6
0.000064 12
0.000023 22
0.654571 6
0.000079 15
0.101515 6
0.000108 12
0.000084 1
0.112134 6
0.000070 13
0.248160 6
0.000112 12
0.000032 23
0.454946 6
0.000139 18
0.194766 6
0.000042 12
0.000021 25
1.203118 6
0.000019 12
0.000023 7
0.231860 6
0.000038 13
0.366008 6
0.000109 13
0.077185 6
0.000073 12
0.000037 21
0.000009 11
0.121123 6
0.000054 29
0.357429 6
0.000046 15
0.242720 6
0.000071 12
0.000029 28
0.237719 6
0.000013 12
0.000004 1
0.507200 6
0.000046 12
0.000004 17
0.000022 11
0.142138 6
0.000096 12
0.000029 28
0.005968 6
0.000034 12
0.000007 28
0.717952 6
0.000031 43
0.174673 6
0.000060 12
0.000027 31
0.067746 6
0.000082 12
0.000033 28
0.325066 6
0.000069 12
0.000023 28
0.317670 6
0.000023 12
0.000040 6
0.692345 6
0.000034 13
0.121701 6
0.000010 13
0.106004 6
0.000072 13
0.228169 6
0.000803 33
0.309778 6
0.000026 29
1.450414 6
0.000284 18
0.177546 6
0.000019 12
0.000017 25
0.515230 6
0.000018 16
0.162343 6
0.000139 19
0.266430 6
0.000047 12
0.000031 3
0.207716 6
0.000703 18
0.143284 6
0.000048 12
0.000023 25
1.369218 6
0.000037 12
0.000007 7
0.047884 6
0.000107 13
0.152720 6
0.000069 13
0.062736 6
0.000118 44
0.123514 6
0.000033 12
0.000041 17
0.366472 6
0.000040 15
0.110448 6
0.000025 12
0.000041 28
0.243693 6
0.000020 12
0.000018 1
1.093037 6
0.000184 12
0.000126 28
0.071348 6
0.000048 12
0.000042 28
0.125493 6
0.000022 12
0.000053 28
0.093592 6
0.000048 12
0.000020 28
1.410650 6
0.000021 12
0.000007 28
0.131061 6
0.000698 40
0.102206 6
0.000068 40
0.159107 6
0.000036 12
0.000019 28
0.201829 6
0.000023 12
0.000037 28
0.142059 6
0.000040 40
0.088883 6
0.000061 12
0.000047 28
0.407712 6
0.000036 40
0.199122 6
0.000032 12
0.000026 28
0.068953 6
0.000053 12
0.000010 28
0.467010 6
0.000005 12
0.000005 6
0.992594 6
0.000020 13
0.065447 6
0.000081 12
0.000025 1
0.532849 6
0.000036 12
0.000032 3
0.133391 6
0.000041 16
0.240400 6
0.000029 13
0.003457 6
0.000053 13
0.385597 6
0.000026 15
0.156148 6
0.000031 12
0.000026 4
0.102472 6
0.000031 13
0.097254 6
0.000032 13
0.416841 6
0.000027 12
0.000034 3
0.129195 6
0.000030 12
0.000032 4
0.374079 6
0.000048 13
0.045802 6
0.000060 31
0.416594 6
0.000179 42
0.002391 28
0.000029 69
0.000057 7
2.684587 6
0.000202 14
0.000043 52
0.000724 28
0.001931 50
0.000060 40
0.000020 25
0.000062 8
0.000020 102
0.154660 1
1.732704 19
0.262470 11
0.000052 36
0.003374 8
0.000219 67
0.000076 63
0.000079 59
0.000351 116
0.000042 334
0.000238 110
0.000248 309
0.000003 12
0.000020 294
0.000004 294
0.000022 131
2.111022 6
0.000155 12
2.089713 6
0.000075 57
0.000006 8
0.000550 28
0.002369 50
0.000092 40
0.000079 25
0.000017 8
0.000005 102
2.377430 19
0.699180 4
0.602820 4
0.130764 4
0.109791 4
0.108161 4
0.128094 4
0.124208 4
0.109568 4
1.854238 4
5.165366 1
0.056106 1
0.709574 1
0.019419 1
0.120531 1
0.639791 1
0.509945 1
0.032498 1
0.422000 4
0.169554 4
0.125913 1
0.310272 4
0.721039 1
0.057005 1
0.177335 2
0.000041 9
0.000027 36
0.002420 8
0.000053 54
0.000032 13
0.000285 67
0.000337 116
0.000043 114
0.000004 148
0.000004 72
0.000014 110
0.000033 17
2.070739 6
0.000049 28
0.000292 23
0.000007 11
0.098065 6
0.000038 12
0.000033 17
0.642321 6
0.000032 29
0.500747 6
0.000006 12
0.000011 3
0.323505 6
0.000008 29
1.375215 6
0.000030 18
0.000562 11
0.075802 6
0.000060 12
0.000031 17
0.150046 6
0.000041 29
0.530643 6
0.000066 29
0.475164 6
0.000040 12
0.000067 17
0.112320 6
0.000052 12
0.000045 17
0.199125 6
0.000024 12
0.000015 6
0.000014 11
0.055993 18
0.000038 17
0.244055 6
0.000147 17
1.703914 6
0.000115 13
0.090631 6
0.000045 20
0.000005 11
0.049470 6
0.000047 16
0.106607 6
0.000021 12
0.000005 1
0.136519 6
0.000038 13
0.856775 6
0.000094 44
1.163780 6
0.000097 15
0.278862 6
0.000036 29
0.988741 6
0.000087 12
0.000031 17
0.189806 6
0.000068 12
0.000028 28
0.363845 6
0.000136 17
1.512200 6
0.000068 13
0.080280 6
0.000087 12
0.000042 1
0.063158 6
0.000038 12
0.000023 17
0.299089 6
0.000025 12
0.000029 3
0.130084 6
0.000019 12
0.000015 3
0.115862 6
0.000045 13
0.179844 6
0.000047 12
0.000025 3
0.118975 6
0.000046 12
0.000025 19
0.055870 6
0.000036 12
0.000006 17
1.769174 6
0.000098 31
0.058407 6
0.000037 29
0.945872 6
0.000131 15
0.093208 6
0.000054 14
0.000058 28
0.299093 6
0.000078 12
0.000025 8
0.077187 6
0.000030 12
0.000025 30
0.141781 6
0.000146 12
0.000014 17
0.554482 6
0.000055 13
0.000079 18
0.131565 6
0.000062 13
0.241545 6
0.000085 15
0.146759 6
0.000104 34
0.311122 6
0.000037 15
0.151936 6
0.000058 29
0.000009 11
0.237424 6
0.000020 13
1.159120 6
0.000074 12
0.000008 28
0.243175 6
0.000106 40
0.136920 6
0.000094 12
0.000028 28
0.150997 6
0.000143 40
0.180607 6
0.000094 12
0.000038 1
0.000019 30
0.156285 6
0.000080 12
0.000029 31
0.095146 6
0.000059 12
0.000020 28
0.461042 6
0.000137 12
0.000020 28
0.134330 6
0.000048 40
0.120255 6
0.000054 40
1.490003 6
0.000022 15
0.951431 6
0.000045 29
0.064174 6
0.000064 13
0.000026 18
1.521671 6
0.000072 18
0.000008 11
0.063852 6
0.000053 12
0.000029 17
0.260653 6
0.000034 12
0.000026 3
0.064229 6
0.000079 13
0.123782 6
0.000133 13
0.109062 6
0.000076 35
0.230778 6
0.000254 17
0.530233 6
0.000051 12
0.000025 25
1.189179 6
0.000060 19
0.066258 6
0.000027 13
0.125104 6
0.000029 13
0.069425 6
0.000056 44
0.091122 6
0.000092 29
1.191301 6
0.000021 15
0.108747 6
0.000072 12
0.000004 1
0.000045 27
0.197253 19
0.578739 6
0.000061 40
0.148793 6
0.000036 40
0.112798 6
0.000037 12
0.000105 28
0.500622 6
0.000051 12
0.000037 5
0.255081 6
0.000060 12
0.000027 3
0.138091 6
0.000061 12
0.000045 31
0.106543 6
0.000032 12
0.000003 1
0.000017 30
0.371610 6
0.000059 12
0.000033 28
0.365786 6
0.000054 12
0.000023 31
0.127700 6
0.000054 12
0.000063 31
0.893115 6
0.000027 12
0.000025 28
0.292934 6
0.000046 12
0.000032 28
0.308455 6
0.000031 12
0.000019 31
0.421512 6
0.000078 29
0.000013 11
0.075745 6
0.000067 12
0.000024 28
0.326177 6
0.000068 12
0.000019 28
0.431140 6
0.000036 12
0.000029 28
2.098161 6
0.000056 12
0.000122 28
0.564027 6
0.000088 40
0.098016 6
0.000065 12
0.000025 28
0.897096 6
0.000038 12
0.000023 28
0.038009 6
0.000059 12
0.000031 28
0.150605 6
0.000079 12
0.000029 28
0.136826 6
0.000082 12
0.000006 28
0.436890 6
0.000056 12
0.000030 28
0.319165 6
0.000051 40
0.308955 6
0.000062 12
0.000032 31
0.547872 6
0.000082 12
0.000008 28
0.111370 6
0.000081 12
0.000035 28
0.234442 6
0.000090 12
0.000020 28
1.163515 6
0.000132 12
0.000095 28
0.043516 6
0.000108 12
0.000052 28
0.228523 6
0.000087 40
0.094856 6
0.000044 12
0.000030 28
0.124050 6
0.000072 40
0.180532 6
0.000643 40
0.119606 6
0.000074 12
0.000021 28
0.181832 6
0.000046 12
0.000031 28
0.098050 6
0.000085 12
0.000025 28
0.456654 23
0.209071 6
0.000043 12
0.000025 25
1.015987 6
0.000049 19
0.307083 6
0.000023 13
0.068059 6
0.000143 13
0.206664 6
0.000133 35
0.133252 35
0.203917 6
0.000646 15
0.147112 6
0.000081 17
1.242942 6
0.000030 12
0.000007 1
0.089215 6
0.000051 31
0.230473 6
0.000198 17
1.278089 6
0.000041 13
0.133014 6
0.000035 31
0.090241 6
0.000047 29
1.060506 6
0.000038 12
0.000028 19
0.462339 6
0.000064 12
0.000096 17
0.897376 6
0.000017 15
0.083880 6
0.000020 13
0.376205 6
0.000047 13
0.229937 6
0.000051 13
0.213504 6
0.000118 13
0.178367 6
0.000093 12
0.000030 17
0.560882 6
0.000027 15
0.120674 6
0.000105 13
0.310056 6
0.000090 13
0.079219 6
0.000100 12
0.000004 1
0.150589 6
0.000051 13
0.158294 6
0.000111 13
0.087433 6
0.000702 29
0.895540 6
0.000127 15
0.241484 6
0.000062 13
0.102494 6
0.000043 13
1.218849 6
0.000030 13
0.170669 6
0.000058 13
0.136013 6
0.000060 13
0.257604 6
0.000031 15
0.134522 6
0.000069 12
0.000020 3
0.238849 6
0.000193 13
0.062000 6
0.000032 13
0.179872 6
0.000020 12
0.000005 17
1.232836 6
0.000029 15
0.305213 6
0.000040 18
0.000033 11
1.473915 6
0.000749 13
0.250131 6
0.000062 13
0.094637 6
0.000123 13
0.274860 6
0.000074 13
0.284526 6
0.000071 12
0.000021 1
0.923349 6
0.000027 13
0.089258 6
0.000050 13
0.224592 6
0.000061 13
0.162152 6
0.000069 13
0.179595 6
0.000038 29
0.824361 6
0.000032 12
0.000031 19
0.110082 6
0.000038 12
0.000088 17
0.279534 6
0.000076 12
0.000008 3
0.138988 6
0.000127 13
0.115481 6
0.000103 12
0.000024 1
0.179292 6
0.000093 15
0.000029 29
0.213934 6
0.000080 12
0.000009 17
0.628191 6
0.000116 12
0.000091 3
0.117401 6
0.000093 42
0.139801 6
0.000048 12
0.000013 17
0.998186 6
0.000094 20
0.000008 11
0.416176 6
0.000051 29
0.197228 6
0.000112 12
0.000027 3
0.148248 6
0.000084 12
0.000027 22
0.140199 6
0.000096 15
0.167433 6
0.000087 12
0.000029 28
0.348336 6
0.000023 12
0.000005 1
1.387208 6
0.000093 12
0.000004 28
1.276542 6
0.000080 12
0.000027 28
0.317020 6
0.000086 12
0.000023 28
0.150500 6
0.000107 12
0.000022 28
0.065830 6
0.000063 40
0.136393 6
0.000103 40
0.088088 6
0.000094 12
0.000021 28
1.522208 6
0.000067 12
0.000024 28
3.858387 18
0.000010 3
1.718707 6
0.000122 12
0.000041 17
0.077864 6
0.000075 12
0.000007 17
0.352009 6
0.000115 15
0.148903 6
0.000041 12
0.000005 1
0.151844 6
0.000066 13
0.087956 6
0.000065 35
0.307141 6
0.000225 17
0.077192 6
0.000048 12
0.000035 25
2.742433 6
0.000068 19
0.133822 6
0.000033 13
0.029682 6
0.000062 13
0.434152 6
0.000034 12
0.000040 32
0.121261 6
0.000027 12
0.000026 17
0.342604 6
0.000056 12
0.000028 3
0.156558 6
0.000045 40
0.526627 6
0.000031 12
0.000038 1
1.251911 6
0.000067 12
0.000070 28
0.167662 6
0.000035 40
0.348272 6
0.000063 12
0.000027 28
0.144950 6
0.000044 12
0.000005 28
0.113260 6
0.000053 12
0.000028 28
0.246315 6
0.000061 12
0.000029 28
0.085815 6
0.000114 12
0.000144 28
0.141334 6
0.000067 12
0.000041 28
0.103396 6
0.000046 12
0.000041 28
0.139561 6
0.000058 12
0.000045 28
2.122783 6
0.000072 40
0.283335 6
0.000045 12
0.000030 28
0.154793 6
0.000064 12
0.000041 28
0.060043 6
0.000062 12
0.000079 28
0.172969 6
0.000055 12
0.000007 28
0.090679 6
0.000070 12
0.000036 28
0.117053 6
0.000074 40
1.477106 6
0.000086 12
0.000050 28
0.140298 6
0.000063 12
0.000018 28
0.180386 6
0.000701 40
0.095162 6
0.000717 40
0.784099 6
0.000107 12
0.000031 28
0.117541 6
0.000154 12
0.000021 28
0.234448 6
0.000114 12
0.000029 28
0.069576 6
0.000075 12
0.000026 28
0.171832 6
0.000192 12
0.000035 28
0.295924 6
0.000041 13
0.000017 30
0.089905 6
0.000055 12
0.000089 28
0.075294 6
0.000047 12
0.000007 28
0.219641 6
0.000044 40
0.193865 6
0.000054 12
0.000007 28
0.636612 6
0.000047 12
0.000060 28
0.051378 6
0.000063 40
0.075624 6
0.000044 12
0.000015 28
0.912290 6
0.000110 12
0.000037 28
0.248647 6
0.000101 12
0.000035 28
0.215632 6
0.000063 12
0.000004 28
0.236184 6
0.000082 12
0.000005 28
0.045637 6
0.000110 12
0.000036 28
0.230051 6
0.000054 40
0.529986 6
0.000052 40
0.120983 6
0.000057 40
0.254822 6
0.000087 40
0.266033 6
0.000107 12
0.000035 28
0.212677 6
0.000074 40
0.082190 6
0.000062 40
0.434717 6
0.000066 40
0.072114 6
0.000043 12
0.000034 28
0.156685 6
0.000099 12
0.000042 28
0.769618 18
0.000020 6
0.604648 6
0.000016 12
0.000180 25
1.192967 6
0.000089 19
0.323541 6
0.000365 13
0.169476 6
0.000034 12
0.000112 1
0.141818 6
0.000105 35
0.108027 6
0.000143 18
0.570418 6
0.000174 20
0.466205 6
0.000064 12
0.000086 17
0.103024 6
0.000035 12
0.000004 3
0.927206 6
0.000185 18
0.966589 6
0.001006 13
0.047874 6
0.000026 12
0.000017 19
0.073387 6
0.000150 18
1.810492 6
0.000045 13
0.096507 6
0.000061 13
1.825481 6
0.000023 13
0.109296 6
0.000186 13
0.259347 6
0.000022 12
0.000021 1
0.453795 6
0.000050 12
0.000062 3
0.197623 6
0.000023 13
0.833466 6
0.000039 29
0.624187 6
0.000031 13
0.000017 2
0.063915 6
0.000036 12
0.000036 30
0.027422 6
0.000033 12
0.000006 17
1.484780 6
0.000061 12
0.000017 3
0.101407 6
0.000063 13
0.144069 6
0.000051 13
0.265800 6
0.000035 13
0.014055 6
0.000029 13
0.462375 6
0.000036 15
0.237496 6
0.000054 13
0.091854 6
0.000010 13
0.200867 6
0.000064 13
1.564099 6
0.000075 12
0.000017 1
0.571929 6
0.000082 12
0.000023 1
0.055633 6
0.000063 13
0.214259 6
0.000121 13
0.102900 6
0.000045 13
1.184884 6
0.000057 29
0.493780 6
0.000040 12
0.000005 3
0.082806 6
0.000064 13
0.192468 6
0.000067 13
0.103737 6
0.000033 13
0.369449 6
0.000020 15
0.187587 6
0.000078 12
0.000015 3
0.171814 6
0.000107 13
0.111304 6
0.000068 13
0.116444 6
0.000045 13
0.073510 6
0.000038 13
0.229979 6
0.000063 12
0.000016 17
0.971231 6
0.000076 12
0.000161 3
0.073925 6
0.000085 13
0.044164 6
0.000069 13
0.191776 6
0.000061 13
0.209722 6
0.000035 12
0.000022 17
1.256214 6
0.000061 13
0.000026 2
0.118069 6
0.000039 12
0.000004 1
0.000020 27
0.250091 18
0.000022 1
1.018237 6
0.000096 12
0.000033 28
0.273211 6
0.000093 40
0.137853 6
0.000090 12
0.000030 28
0.074748 6
0.000040 12
0.000023 28
0.127949 6
0.000113 12
0.000029 28
0.104830 6
0.000103 12
0.000041 28
0.570617 6
0.000020 15
0.225850 6
0.000045 18
0.000007 11
0.372381 6
0.000125 13
0.000008 18
0.091223 6
0.000068 29
0.360997 6
0.000096 12
0.000005 3
0.269566 6
0.000091 13
0.562933 6
0.000222 14
0.000039 28
0.098580 6
0.000105 29
1.262150 6
0.000108 12
0.000017 3
0.275827 6
0.000086 14
0.000036 28
0.258616 6
0.000064 29
0.869024 6
0.000074 15
0.135773 6
0.000099 12
0.000091 28
0.183195 6
0.000007 12
0.000004 1
1.994266 6
0.000088 12
0.000007 28
0.062533 6
0.000097 12
0.000016 28
0.148216 6
0.000021 13
1.271159 6
0.000082 12
0.000006 30
0.110078 6
0.000114 12
0.000023 30
0.232357 6
0.000098 12
0.000021 30
0.095284 6
0.000154 12
0.000011 30
0.072944 6
0.000076 12
0.000023 30
0.535186 6
0.000107 12
0.000037 30
1.623119 6
0.000063 12
0.000007 30
0.322247 6
0.000060 42
0.639627 6
0.000046 15
0.348629 6
0.000813 40
0.519584 18
0.000017 3
0.158630 6
0.000068 29
0.425849 6
0.000005 12
0.000022 1
0.235528 18
0.000016 1
0.177501 6
0.000072 12
0.000017 45
0.191793 18
0.000008 3
0.326052 6
0.000119 15
0.000008 18
0.549849 6
0.000084 12
0.000059 3
1.943608 6
0.000074 15
0.000017 18
0.778298 6
0.000130 43
0.205226 6
0.000126 15
0.000018 18
1.104617 6
0.000118 14
0.000026 19
0.109794 6
0.000173 12
0.000047 19
0.423086 6
0.000111 33
0.681527 6
0.000062 13
0.000026 20
0.062668 6
0.000160 12
0.000030 18
0.000006 26
0.085792 6
0.000191 15
0.000037 18
0.486924 6
0.000082 33
0.196906 6
0.000127 12
0.000017 21
0.841163 6
0.000083 45
0.000006 11
1.441747 6
0.000073 244
0.658803 6
0.000049 220
0.000010 94
0.000005 28
0.000027 61
0.449878 6
0.000104 50
0.001710 28
0.000025 57
0.000115 53
0.000006 8
0.000602 28
0.002398 225
1.456641 18
0.177739 17
0.278276 18
0.141114 11
0.108667 29
0.539667 25
0.690101 11
0.000071 36
0.002763 8
0.000055 54
0.000041 13
0.000273 57
0.000035 6
0.000026 59
0.000337 116
0.000061 444
0.000313 303
0.000005 150
0.000006 129
0.000021 385
0.000004 58
0.000025 366
0.784703 6
0.000030 16
0.227683 6
0.000024 16
0.157766 18
0.000009 4
0.256008 6
0.000021 19
0.321533 6
0.000031 12
0.000029 6
0.334493 6
0.000025 12
0.000018 1
1.064585 6
0.000049 22
0.000009 6
0.000269 47
0.960878 46
0.092062 6
0.000068 12
0.000024 28
0.119770 6
0.000049 40
0.125860 6
0.000036 12
0.000009 28
0.418674 6
0.000724 40
0.252278 6
0.000034 12
0.000022 28
0.206953 6
0.000076 12
0.000023 28
0.397975 6
0.000034 29
0.000026 11
0.374127 6
0.000071 12
0.000041 28
0.081067 6
0.000039 40
0.509839 6
0.000047 12
0.000028 28
0.087909 6
0.000034 40
0.126911 6
0.000095 56
0.175715 6
0.000068 12
0.000046 28
0.100544 6
0.000076 12
0.000034 28
0.120270 6
0.000051 40
0.104861 6
0.000052 12
0.000026 28
1.143575 6
0.000096 6
0.000023 226
0.000004 12
0.093057 6
0.000119 269
0.000069 134
0.390324 6
0.000118 50
0.001798 28
0.000005 57
0.000093 21
0.000035 40
0.000386 28
0.001394 90
0.000050 25
0.000076 110
1.582286 16
0.310729 14
0.153157 17
0.280480 18
0.143043 11
0.433737 29
0.378849 25
0.156281 15
0.786264 11
0.000061 36
0.003152 8
0.000056 54
0.000037 13
0.000539 63
0.000072 59
0.000344 116
0.000050 334
0.000012 110
0.000279 69
0.000005 187
0.000034 21
0.000036 148
0.000072 129
0.000007 193
0.000011 110
0.000026 403
0.717396 18
0.000016 4
0.513468 6
0.000044 12
0.000029 4
0.004021 6
0.000005 12
0.000013 4
0.031078 6
0.000009 16
0.089492 6
0.000007 12
0.000015 4
0.208444 6
0.000006 12
0.000005 7
0.219617 18
0.000007 1
0.329685 6
0.000007 12
0.000005 3
0.201321 6
0.000029 15
0.173623 6
0.000008 12
0.000018 1
0.132136 6
0.000024 15
0.152860 6
0.000026 12
0.000030 3
0.138456 6
0.000036 12
0.000036 3
0.087982 6
0.000008 12
0.000017 3
0.138147 6
0.000009 12
0.000007 3
0.113561 6
0.000012 12
0.000004 3
0.153769 6
0.000008 12
0.000021 3
1.260344 6
0.000050 12
0.000044 1
0.302687 6
0.000006 12
0.000011 1
0.304802 6
0.000007 21
0.000016 7
0.403034 6
0.000021 28
0.000168 42
0.000009 11
0.720609 6
0.000065 12
0.000038 37
0.251763 6
0.000069 12
0.000023 34
0.254841 21
0.356672 6
0.000023 12
0.000021 3
0.214408 6
0.000070 12
0.000034 30
0.432143 6
0.000041 13
0.000022 32
0.227706 6
0.000022 12
0.000033 3
0.139902 6
0.000092 12
0.000036 28
0.683761 6
0.000062 40
0.061949 6
0.000073 12
0.000034 28
0.102768 6
0.000087 12
0.000034 28
0.114711 6
0.000263 12
0.000057 28
0.985500 6
0.000046 12
0.000039 28
0.190520 6
0.000065 12
0.000029 28
0.303665 6
0.000034 40
0.260318 6
0.000062 12
0.000004 28
0.620828 6
0.000039 40
0.066131 6
0.000065 40
0.260565 6
0.000088 12
0.000032 28
0.065153 6
0.000008 12
0.000029 28
0.166103 6
0.000094 12
0.000046 28
0.275806 6
0.000057 12
0.000006 28
0.142225 6
0.000045 12
0.000021 28
0.086502 6
0.000077 12
0.000034 28
0.121915 6
0.000040 12
0.000038 28
1.601629 6
0.000201 42
0.001801 28
0.000030 76
0.079977 6
0.000269 17
0.625102 6
0.000098 65
0.000444 28
0.002317 50
0.000072 40
0.000031 25
0.000059 8
0.000018 102
0.911393 15
0.262889 11
0.211032 14
0.191723 17
1.327911 11
0.000033 36
0.003306 757
0.000075 69
0.000014 252
0.000036 707
0.000007 12
1.813543 6
0.000591 57
0.000007 8
0.000582 28
0.001776 50
0.000048 65
0.000076 110
4.456190 1
0.063681 1
0.232986 1
0.111162 1
0.116542 1
0.166376 1
0.256614 4
0.146293 4
0.063648 1
0.048868 1
1.923450 1
0.663105 1
0.088980 1
1.707576 1
0.244530 1
0.160818 1
0.106018 1
3.077716 1
0.320206 11
0.000048 36
0.001537 28
0.001284 50
0.000076 40
0.000005 25
0.000090 110
0.869110 1
0.064990 1
0.082436 11
0.000038 36
0.003506 108
0.001223 28
0.001946 50
0.000062 65
0.000108 110
5.640750 1
0.040728 1
0.657170 4
0.154788 4
0.279967 1
0.105585 1
0.396362 6
1.121576 1
0.181757 6
1.851104 1
0.156246 1
0.179868 2
0.000021 9
0.000069 36
0.001725 12
0.000331 28
0.001263 50
0.000076 40
0.000041 25
0.000064 110
0.536891 16
1.669576 4
0.142536 4
0.892889 1
0.109203 1
0.179170 1
2.958998 1
0.241061 1
0.591899 1
0.180015 2
0.000041 9
0.000144 36
0.002060 35
0.000257 28
0.001209 50
0.000069 65
0.000098 110
0.980946 20
3.169028 4
0.292251 1
0.250835 11
0.000062 36
0.001385 35
0.000337 28
0.001724 50
0.000049 40
0.000047 25
0.000083 110
0.339768 20
0.208468 4
4.543033 1
0.078171 2
0.000039 9
0.000072 36
0.002344 35
0.000276 28
0.001080 50
0.000056 65
0.000108 110
2.838012 20
1.537187 2
0.192359 2
0.173947 1
0.514180 1
0.001714 1
0.030940 1
0.034564 1
0.033308 1
0.402235 1
0.190193 1
0.159513 1
0.144155 1
0.178779 5
0.140738 5
0.307069 5
0.551066 5
0.158250 5
0.393723 11
0.000062 36
0.005315 12
0.000403 28
0.000985 50
0.000050 40
0.000029 25
0.000103 110
2.982170 19
0.900501 4
0.209539 1
0.104419 2
0.000018 9
0.000077 36
0.005503 12
0.000691 28
0.001083 50
0.000061 40
0.000006 25
0.000057 110
1.586862 19
0.918568 2
0.237079 1
0.514900 1
0.033037 1
0.033040 1
0.033216 1
0.032987 1
0.033743 1
0.033345 1
0.253393 1
0.151715 1
0.214422 5
0.153559 5
1.839036 5
0.059592 5
0.120907 10
0.918639 3
0.113695 3
0.154067 3
0.194387 19
0.144627 19
0.137986 19
0.269199 2
0.000019 9
0.000035 36
0.002817 49
0.000511 28
0.002700 50
0.000063 65
0.000080 110
3.098028 22
43.728080 4
0.499505 4
0.002430 4
0.028830 4
0.030473 4
0.031100 4
0.030634 4
0.031335 4
0.031099 4
0.029154 4
0.033826 4
0.033333 4
0.033425 4
0.033396 4
0.029817 4
0.035918 4
0.033738 4
0.032596 4
0.033297 4
0.034197 4
0.032942 4
0.030408 4
0.035827 1
0.030512 1
0.034399 1
0.030556 1
0.030431 1
0.030431 1
0.407854 1
0.277840 4
0.130393 1
0.236472 19
0.362942 4
0.499363 4
0.002183 4
0.029525 4
0.032396 4
0.030124 4
0.029806 4
0.029990 4
0.030400 4
0.029981 4
0.031002 4
0.033690 4
0.032674 4
0.036631 4
0.030409 4
0.036645 4
0.033769 4
0.032615 4
0.031924 4
0.029723 1
0.038106 1
0.031853 1
0.029142 1
0.035841 1
0.030463 1
0.244231 1
0.054857 1
0.102593 1
0.128157 1
0.102543 1
0.804828 6
1.293028 1
0.220068 4
0.217856 1
0.097849 8
0.461044 2
0.000053 9
0.000073 36
0.002655 8
0.000061 54
0.000033 13
0.000309 63
0.000047 59
0.000355 116
0.000566 1417
18.931046 6
0.000213 57
0.000033 8
0.000672 28
0.001854 90
0.000041 25
0.000081 110
92.441094 19
0.368564 22
0.679866 19
1.112545 11
0.000064 36
0.006107 12
0.000442 28
0.001012 50
0.000061 65
0.000065 110
3.593746 19
0.766937 38
0.218244 22
0.349912 19
0.956888 22
0.217072 19
0.296824 2
0.791318 25
0.660175 2
0.292043 2
0.243630 12
0.277906 21
0.578221 18
0.516515 8
0.032927 2
0.033302 2
0.032660 29
0.033211 2
0.033801 22
0.032894 19
0.032957 38
0.033724 22
0.033052 1
0.033406 1
0.033527 1
0.029464 1
0.035827 1
0.034201 1
0.032775 1
0.031541 1
0.035004 1
0.847003 1
0.050687 1
1.205834 1
0.099553 5
0.715499 1
0.122053 1
0.367911 4
0.204007 1
0.094895 8
1.019022 1
0.102249 1
0.077820 1
0.308918 4
0.456757 1
0.940854 4
0.241593 1
0.836958 1
0.264064 1
0.201299 1
0.498667 1
0.219099 2
0.000024 9
0.000062 36
0.014425 21
0.000393 28
0.001262 50
0.000074 65
0.000079 110
13.357534 1
0.019317 1
0.099982 1
0.102587 1
0.127918 1
1.541395 1
0.031738 1
0.078781 1
0.692388 1
0.061967 1
0.092898 1
0.204883 1
0.173272 1
0.078933 1
0.329996 1
0.503026 1
1.495975 1
0.153799 1
0.142832 1
1.424023 1
0.197940 1
0.247023 1
0.565301 1
1.327927 1
0.904181 1
0.082138 1
0.234368 1
0.075368 1
0.146977 1
2.939253 1
0.026407 1
0.295104 1
0.245268 1
1.493011 1
0.095134 1
0.094373 1
0.207455 1
0.067020 1
0.205845 1
0.108071 1
0.169631 1
0.221616 1
0.306400 2
0.000017 9
0.000068 36
0.007166 31
1.535082 2
0.012554 28
0.001386 50
0.000054 65
0.000066 110
4.761056 42
0.554576 1
0.506811 1
0.032910 1
0.033058 1
0.033376 1
0.032416 1
0.033205 1
0.033103 1
0.033594 1
0.345771 1
0.186283 5
0.140694 5
0.087588 5
0.398158 5
0.055535 5
0.166205 1
0.666338 1
0.254406 1
0.379562 3
0.431543 5
0.064595 1
0.690617 1
0.001210 1
0.031209 1
0.034076 1
0.048772 1
0.004600 1
0.031837 1
0.032567 1
0.025532 1
0.055384 1
0.004185 1
0.032145 1
0.041109 1
0.036867 1
0.024506 1
0.016269 1
0.029685 1
0.029578 1
0.342603 3
0.514647 3
0.033127 3
0.033358 3
0.033017 3
0.033749 3
0.033204 3
0.146737 3
0.145943 3
0.136115 3
0.272538 3
0.182245 5
0.135699 5
0.143696 5
0.575134 5
0.040710 5
0.117640 5
0.252909 2
0.000031 9
0.000072 36
0.010831 28
0.001495 50
0.000051 40
0.000004 25
0.000067 110
2.748925 1
0.415634 1
0.083089 1
0.098919 1
0.330864 4
0.117983 4
0.126064 4
0.077840 1
0.213242 1
0.040979 1
0.127347 6
1.921910 1
0.112098 9
1.795886 1
0.089303 1
0.083457 1
0.292682 1
0.245429 2
0.000025 9
0.000058 36
0.004117 5
0.000323 28
0.001048 50
0.000084 65
0.000059 8
0.000021 102
1.129269 21
0.516558 4
0.175220 4
0.133894 4
0.135064 4
0.215400 1
0.071816 1
0.163810 1
1.103116 1
0.165800 2
0.000024 9
0.000023 36
0.004598 5
0.000354 28
0.001470 50
0.000063 40
0.000597 135
2.729188 1
0.183679 1
0.091663 1
0.194385 1
0.097324 1
0.196714 4
0.136047 4
0.105836 4
0.103919 4
0.186487 1
0.123629 1
0.096274 1
0.129424 1
1.293681 1
0.056863 1
0.076497 1
0.327659 1
0.206808 1
0.078985 1
0.286051 1
0.966019 1
0.491990 1
0.100054 1
0.088906 1
0.135603 1
1.613905 1
0.100169 1
0.289371 1
0.713505 1
0.230192 2
0.000023 9
0.000078 36
8.054390 2
0.123776 2
0.147715 2
0.144103 2
0.889547 4
0.175931 4
0.193578 4
0.976213 3
0.499988 3
0.016888 6
0.034073 3
0.032381 3
0.033084 6
0.033196 3
0.032736 3
0.033140 6
0.386496 2
0.527975 2
0.166867 6
1.537184 2
0.000132 30
0.001358 50
0.000060 40
0.000015 25
0.000057 110
1.400424 21
0.161949 42
0.149781 6
0.404585 63
0.248881 135
0.845157 11
0.000041 36
0.006322 16
0.000274 28
0.001246 50
0.000098 65
0.000149 110
1.272033 21
0.467778 52
0.537911 1
0.171603 1
0.139327 1
0.182172 1
0.293067 3
0.311428 3
0.187270 3
0.290672 7
0.118220 7
0.130501 7
0.082457 3
0.117327 3
0.246847 7
0.136788 7
0.182142 3
0.089874 3
0.081920 3
0.377143 2
0.000027 9
0.000134 36
0.027576 28
0.001631 50
0.000054 40
0.000016 25
0.000072 110
1.235798 21
0.215753 42
0.354351 52
0.612641 42
0.706967 11
0.000051 36
0.006443 16
0.000340 28
0.001709 50
0.000236 40
0.000134 135
2.167938 1
0.138019 1
0.105045 1
0.168802 1
0.382146 2
0.000007 9
0.000087 42
