0.017913 29
2.637711 1
0.053519 1
0.128287 1
1.755781 1
0.247981 1
0.105942 1
0.214012 1
0.084017 1
0.298001 1
0.272023 1
0.088113 1
0.115807 1
1.216858 11
0.001702 104
0.000047 81
0.000041 47
0.000026 48
0.000029 56
0.000028 48
0.000050 127
0.000034 78
0.000020 29
0.000032 99
0.001545 2075
0.001266 29
0.707851 12
0.249692 1
0.250272 1
0.034283 1
0.034606 1
0.034900 1
0.044650 1
0.030957 1
0.032896 1
0.033436 1
0.033000 1
0.207191 3
0.162025 3
0.146137 3
0.150010 3
0.227837 3
0.188684 5
0.147966 5
0.130014 5
0.148028 5
0.684048 5
0.225944 5
0.117863 5
0.202128 5
0.420748 11
0.001489 117
0.002136 1350
0.001652 29
0.639336 12
0.391841 28
0.220248 1
0.249928 1
0.032984 1
0.033338 1
0.033394 1
0.033384 1
0.033354 1
0.033406 1
0.032983 1
0.033842 1
0.781913 9
0.854224 5
0.103808 5
0.075891 9
0.634082 5
0.687071 11
0.002817 151
0.004627 905
0.001686 21
0.187349 15
0.273891 1
0.249968 1
0.033390 1
0.032996 1
0.033453 1
0.033943 1
0.032884 1
0.033481 1
0.032525 1
0.033024 1
0.188206 1
0.467865 3
0.172855 5
0.115880 5
0.418126 5
0.133964 5
0.174446 87
0.006114 1407
0.002082 29
3.278775 15
0.188004 42
0.164165 35
0.411892 28
0.944532 1
0.779970 1
0.109887 1
0.422191 1
0.117879 1
0.084094 1
0.299971 1
0.087863 1
0.228121 1
0.422033 1
0.168030 1
2.136038 1
1.315968 1
0.051997 1
0.375993 1
1.147966 1
0.223991 1
0.508054 1
0.391971 1
0.510002 4
0.894031 1
0.493888 4
0.438064 1
0.086051 1
0.141792 1
0.346115 1
1.185275 1
0.544787 1
3.180887 11
0.002888 53
0.002683 265
0.001170 29
8.416404 1
0.183912 1
1.038123 1
1.729930 1
0.031980 1
0.490026 1
0.177880 1
0.194035 1
0.108093 1
1.012087 1
0.051854 1
0.188012 1
0.256885 1
0.090434 1
0.240696 1
0.128000 1
0.135902 1
0.958088 1
0.095979 1
0.171943 1
0.960138 4
0.151943 4
0.108491 4
1.175555 1
0.347980 1
0.117887 1
3.740158 1
0.139933 1
0.135934 1
0.502092 1
0.103856 1
1.234201 1
0.065889 1
0.379006 11
0.006903 31
1.396790 1
0.169249 1
0.184074 1
0.154325 1
0.398727 14
0.019368 50
0.011011 104
0.003782 66
0.016814 66
0.008834 67
0.000726 67
0.095644 67
0.002324 63
0.001159 63
0.000940 63
0.017311 104
0.029647 53
0.028461 54
0.012230 54
0.086528 132
0.003872 137
0.000781 177
1.010492 15
0.001982 111
0.157573 8
0.000924 21
78.439662 1
0.294944 1
0.063954 1
0.162030 1
0.069995 1
1.455968 1
0.151932 1
0.100102 1
0.302038 1
0.095957 1
0.748080 1
0.057933 1
0.250008 1
0.772018 1
0.899987 1
0.077988 1
0.072002 1
0.490076 1
0.881872 1
0.072037 1
0.488066 1
0.247990 1
0.949923 1
0.093859 1
3.152066 11
0.003345 60
0.000361 63
1.000072 63
1.053747 63
1.024750 65
0.002017 163
0.000449 21
281.091579 1
0.187823 1
0.082062 1
0.272030 1
0.491993 4
0.141929 1
0.363070 17
