0.020639 17
0.000420 28
0.001153 44
0.000047 59
0.000158 98
1.592120 1
0.123619 1
0.120333 1
0.269909 1
0.649998 1
0.093931 1
0.216304 1
0.105248 1
1.032587 1
0.069999 1
0.069664 1
0.130324 1
2.856035 1
0.098894 1
0.052949 1
0.472048 1
0.494114 4
0.091907 1
0.662061 4
0.151580 1
0.058284 1
0.162446 1
0.253931 11
0.000046 36
0.005851 41
0.126576 62
2.968366 2
0.000709 57
0.428089 2
0.000834 28
0.002689 44
0.000069 59
0.000129 98
2.625730 17
0.420572 11
0.000050 36
0.003086 41
0.328771 2
0.169087 62
0.000029 57
1.219048 1
0.457933 2
0.000055 73
0.927989 2
0.000044 29
0.673976 2
0.000203 62
0.000186 390
0.000015 21
0.000755 28
0.001142 44
0.000051 59
0.000062 8
0.000004 90
3.065485 17
1.470404 1
0.069679 1
2.386123 1
0.080512 1
0.075357 1
1.155991 1
0.227801 1
1.286251 1
0.108491 1
0.247956 3
2.799549 1
0.141506 1
0.030414 1
0.172103 1
0.231874 1
0.108185 1
1.006246 1
1.002337 1
0.095468 1
0.435908 4
0.135961 4
0.240721 1
0.275214 1
0.929970 1
0.234555 1
0.273740 1
0.359906 11
2.297921 7
0.702109 2
0.000041 9
0.000013 36
0.004507 24
0.000473 30
0.001470 44
0.000045 59
0.000069 98
4.712945 37
0.387472 4
0.515252 4
0.032918 4
0.033456 4
0.033654 4
0.033304 4
0.033514 4
0.033437 4
0.033468 4
0.032981 4
0.033559 4
0.032997 4
0.033090 4
0.033469 4
0.033378 4
0.033083 4
0.033059 4
0.032998 4
0.033444 4
0.033402 4
0.434399 4
0.772027 4
0.141637 4
0.932431 1
0.064121 1
0.171727 1
0.566059 2
0.000025 9
0.000036 36
0.004280 23
0.000448 30
0.001200 44
0.000052 59
0.000061 98
2.479946 1
0.072221 1
0.203595 1
0.090085 1
0.176236 1
0.120807 1
1.118364 1
0.050585 1
0.529976 4
0.169982 4
0.150091 1
0.115895 1
0.200054 1
0.183945 4
0.166102 4
0.089953 1
0.207739 1
0.282285 1
1.054036 1
0.878006 1
0.047959 1
0.395929 4
0.122057 4
0.414081 1
0.497880 1
0.285867 4
0.139794 4
0.496288 1
0.038264 1
0.379819 1
0.148334 3
0.683665 4
0.597946 11
0.000049 36
0.001166 28
0.001096 44
0.000086 34
0.000025 25
0.000062 98
0.406065 16
0.349010 1
0.517277 1
0.030039 1
0.031419 1
0.031968 1
0.036100 1
0.031572 1
0.034776 1
0.423759 1
0.759620 5
0.091826 5
0.139465 3
0.510187 3
0.001304 3
0.038202 3
0.032922 3
0.033252 3
0.033617 3
0.033289 3
0.031124 3
0.035869 1
0.033043 1
0.030531 1
0.265290 1
1.318379 4
0.474734 1
1.600983 1
0.112357 1
0.072743 2
0.936945 1
0.580116 1
0.196729 2
4.774610 2
0.000034 9
0.000025 36
0.001187 28
0.001446 44
0.000064 59
0.000063 98
0.378853 23
0.300742 1
0.417289 3
3.510823 4
0.517089 4
0.033046 4
0.032916 4
0.033250 4
0.033000 4
0.033324 4
0.033444 4
0.033697 4
0.033259 4
0.033078 4
0.032996 4
0.033396 4
0.033421 4
0.033034 4
0.031580 4
0.031439 4
0.032825 4
0.036653 4
0.033393 4
0.031976 4
0.034537 4
0.032461 4
0.032446 1
0.030859 1
0.030260 1
0.031104 1
0.030240 1
0.030674 1
0.035318 1
0.040559 1
0.030552 1
0.040475 1
0.034892 1
0.033100 1
0.033246 1
0.033443 1
0.032735 1
0.032985 1
1.969326 1
0.174644 1
0.315617 1
0.091759 1
0.547834 2
0.000025 9
0.000030 42
