0.020340 17
0.000394 28
0.000992 44
0.000048 59
0.000157 8
0.000022 90
1.325219 1
0.082790 1
0.079455 1
0.131705 1
0.369328 4
1.443496 1
0.127566 1
0.398544 4
0.171342 4
0.082778 1
0.083702 1
1.160249 1
0.161783 1
0.166911 1
1.069371 3
0.249843 3
0.127277 3
0.105818 3
0.807027 3
0.082044 3
0.058594 3
0.159619 3
0.603972 7
0.208716 3
0.370855 1
0.664006 1
0.055476 1
0.371128 1
0.145398 1
0.079979 1
0.133850 1
0.119300 1
0.466739 1
0.067535 1
0.186705 1
0.241813 1
1.219427 1
0.074398 1
0.142365 1
0.497633 1
0.274645 1
0.192918 1
0.205819 1
0.102111 1
1.536247 1
0.060573 1
0.372429 1
0.033283 1
0.374349 1
0.070876 1
0.085115 1
1.173264 1
0.164616 1
1.142049 1
0.184081 1
1.957678 1
0.385663 1
0.080672 1
0.317108 1
0.122436 1
0.139701 1
1.428596 1
1.068029 11
0.000073 36
0.004905 31
1.715046 2
0.010178 10
0.001022 28
0.001033 44
0.000051 59
0.000064 98
1.867732 1
0.186184 1
0.096925 1
0.116878 1
0.269228 1
1.456751 1
0.060156 1
0.080596 1
0.529236 1
0.072282 1
0.197784 1
0.043975 1
0.080118 1
0.965062 1
0.378892 1
0.358325 1
0.127973 1
0.219604 1
0.961146 1
0.091116 1
0.193790 1
1.441094 1
0.394827 1
0.093129 1
0.184649 1
1.432213 1
0.089267 1
0.044681 1
1.450059 1
1.363079 1
0.783001 1
0.072422 1
0.844695 1
0.880832 1
0.057761 1
0.247375 1
0.140925 1
2.104309 1
0.057691 1
0.119174 1
0.319895 1
0.603302 1
0.085534 1
0.219958 1
0.805538 1
0.049963 1
0.306549 1
0.115145 1
0.128808 1
0.103674 1
0.768451 1
0.121996 1
0.048527 1
0.285599 2
0.000006 9
0.000076 36
0.009923 28
0.000977 44
0.000040 59
0.000072 98
2.226299 1
0.120687 1
0.106708 1
0.151973 1
0.100127 1
0.320886 1
0.124099 1
1.102028 1
0.415762 1
0.101348 1
0.211075 1
0.113298 1
0.072495 1
0.099335 1
0.890770 1
0.314349 1
0.141364 1
0.067208 1
0.310345 1
0.090631 1
0.189938 1
0.097937 1
0.268131 1
0.397491 1
0.078514 1
0.083145 1
1.644499 1
0.087433 1
0.100894 1
0.153499 1
1.276538 1
0.017898 1
0.357356 1
6.228727 1
0.057344 1
0.354906 1
0.061711 1
0.148785 1
0.921623 1
0.379521 1
0.051973 1
0.005620 1
0.405706 4
0.153001 4
0.064454 1
0.162324 1
0.563314 1
1.053784 1
0.058072 1
0.801731 1
0.155320 1
0.106753 1
1.030070 1
0.163869 1
1.060079 1
0.080064 1
1.255113 1
0.122871 1
0.015494 1
0.301131 1
0.708654 1
0.123358 1
0.045278 1
0.308073 4
0.185187 1
0.006478 1
0.060284 3
0.379989 555
0.144033 4
0.385989 2
0.000028 9
0.000054 36
0.010406 28
0.001067 44
0.000075 59
0.000072 98
4.519943 1
0.149314 1
0.124836 1
0.139516 1
0.077222 1
1.365467 1
0.084075 1
0.094830 1
0.564859 1
0.145404 1
0.194700 1
0.179132 1
0.063635 1
1.033938 1
0.345455 1
0.142013 1
0.056446 1
0.443221 1
0.091640 1
0.095097 1
0.931500 1
0.070450 1
0.267983 1
0.490889 1
1.338795 1
0.047181 1
0.114562 1
0.429444 1
0.087862 1
0.720891 1
0.570510 1
0.506978 1
0.986687 1
0.102167 1
0.201838 1
0.469248 1
1.124732 1
0.139213 1
1.076850 1
0.225894 1
0.307815 1
0.120734 1
2.196777 1
0.094020 1
0.216714 1
0.103849 1
0.864134 1
0.526948 1
0.118925 1
0.077964 1
0.611097 1
0.093411 1
0.222113 1
0.219615 1
0.143675 1
1.831945 1
0.047575 1
0.142323 1
0.189364 11
0.000050 36
0.011004 28
0.001030 44
0.000043 34
0.000018 25
0.000046 98
1.926031 1
0.072010 1
0.042435 1
1.068398 1
0.047952 1
0.163808 1
0.135840 1
0.074275 1
0.137327 1
0.396737 1
0.238048 1
0.077728 1
0.300183 1
0.151018 1
0.974863 1
0.041554 1
0.418519 1
0.222002 1
0.080866 1
0.158273 1
0.194839 1
0.241756 1
0.215621 1
0.156682 4
0.149640 4
0.081646 4
0.868688 1
0.093245 1
0.084368 1
0.248329 11
0.000063 36
0.002442 109
0.000347 28
0.001379 44
0.000046 34
0.000016 25
0.000069 98
3.459613 1
0.068016 1
0.186032 1
0.366044 1
0.169934 1
0.577108 1
0.236830 4
0.151296 4
0.248859 1
0.206042 1
0.112979 1
0.081047 1
0.591939 1
0.154015 1
0.100323 1
0.195588 1
0.154336 2
0.000018 9
0.000083 36
0.002006 140
0.000301 28
0.001290 44
0.000057 59
0.000068 8
0.000003 90
6.675858 1
0.003987 1
0.081335 1
0.102465 1
0.107260 1
0.639981 1
0.074133 1
0.287181 1
0.126937 1
0.322662 1
0.122225 1
0.155369 1
0.266598 1
0.660955 1
0.339024 1
0.153764 1
1.052086 1
0.435289 1
0.091735 1
0.179182 1
0.259804 1
0.136835 1
0.206634 1
0.316550 1
0.253621 1
0.095707 1
0.073791 1
0.162794 1
0.611870 1
0.129487 1
0.048627 11
0.000083 36
0.017642 50
0.007937 104
0.005322 132
0.029411 134
0.119337 193
0.000996 63
0.032927 53
0.064533 54
0.011252 54
0.216054 46
0.106703 128
0.099312 127
0.005760 33
0.076130 177
0.002187 147
0.358932 16
0.026396 115
0.041161 40
0.000808 267
0.000036 44
0.000025 88
0.025868 44
0.041165 44
0.040248 44
0.050216 44
0.038881 44
0.035287 44
0.036176 44
0.034490 44
0.068248 44
0.081847 184
0.004457 87
0.000043 133
0.000034 159
0.002421 59
0.026851 185
0.041433 66
0.002691 209
0.023009 184
0.004482 187
0.003400 163
0.003144 184
0.002923 195
0.004164 64
0.000022 171
0.003860 76
1.125566 20
1.598513 28
0.001243 44
0.000064 34
0.000015 25
0.000060 8
0.000005 90
1.060886 1
0.093391 1
0.289142 1
0.345018 1
0.260180 1
0.090032 1
0.629775 1
0.281090 1
0.064770 1
0.079796 1
0.181779 1
1.416395 1
0.113421 1
0.101756 1
0.126596 1
0.402267 1
0.152287 1
0.527860 1
0.064057 1
0.215215 1
0.739847 4
0.138753 1
0.226144 1
0.385857 4
1.400692 1
0.235352 1
2.341907 1
0.800203 4
0.743186 1
3.512604 1
0.740922 1
0.081696 1
0.148715 1
0.378775 1
0.279905 1
0.279269 4
1.298864 1
0.043942 1
0.117943 1
1.208170 1
0.079699 1
0.087146 1
0.328627 1
0.384457 2
0.000023 9
0.000062 36
0.001597 69
9.234612 29
0.000295 33
6.757091 22
0.000008 13
0.000030 22
5.009280 42
0.000007 11
0.000017 4
5.112698 20
0.000011 15
0.000005 5
0.000028 15
0.000027 7
10.419808 57
7.853259 37
0.000581 28
0.001793 44
0.000041 59
0.000133 98
11.463712 1
0.208753 1
0.087881 1
0.139467 1
0.360154 4
0.146596 4
0.093793 4
0.061020 1
0.132478 1
0.184128 1
0.365823 11
0.000068 42
