0.022376 45
0.001611 44
0.000057 34
0.000007 25
0.000199 98
4.482601 1
0.059249 1
0.295016 1
0.078073 1
0.147638 1
0.226334 1
0.536114 4
0.280194 1
0.064054 1
0.079432 1
0.278249 1
0.249999 4
0.329978 1
0.850040 1
0.435882 1
0.388039 1
0.091578 1
0.262497 1
0.055993 1
0.368058 1
0.213947 1
0.229986 1
0.227950 1
0.077880 1
0.556151 1
0.227352 1
0.168501 1
0.085964 1
0.870157 1
0.087779 1
0.142273 1
0.570038 4
0.157749 4
0.144185 4
0.397949 1
0.117698 1
0.068206 1
0.230107 11
0.000052 36
0.004786 31
1.516132 2
0.058431 65
26.525452 69
0.000132 215
0.000080 435
0.000025 153
0.020419 28
0.001061 44
0.000070 59
0.000081 98
15.617719 1
0.001177 1
0.130097 1
0.141819 1
0.264442 1
0.171730 1
0.227445 2
1.388908 1
0.411983 4
0.178039 4
0.523967 1
0.108019 1
0.249296 4
0.122621 4
0.113332 4
0.056643 1
0.528301 4
0.129818 1
0.133733 1
0.283675 1
0.050592 1
0.398044 1
0.307951 4
0.129835 4
0.120136 4
0.133722 1
0.304346 1
0.163804 1
0.311956 5
1.684242 1
0.055932 1
0.157811 1
0.348210 1
0.117523 1
0.612514 1
0.104754 1
0.171509 1
0.279757 1
0.191961 1
0.172074 1
0.279853 1
0.676037 1
0.191327 1
0.066663 2
0.000016 9
0.000047 36
0.006639 1010
0.000009 614
0.000003 103
0.000016 507
0.000035 303
0.000005 404
0.000020 810
0.000004 103
0.000015 204
0.000003 202
0.000065 1731
0.000005 101
0.000401 28
0.001736 44
0.000100 59
0.000061 8
0.000005 90
2.652883 1
0.039227 1
0.172775 1
0.524021 1
0.263941 1
0.195961 1
0.376093 1
0.145435 1
1.166505 1
0.133595 1
0.066397 1
0.292071 1
0.117004 1
0.092836 1
0.932072 1
0.626043 1
0.098159 1
0.073997 1
0.437867 1
0.106913 1
0.993084 1
0.075972 1
0.480062 1
0.127463 1
0.584415 1
0.040084 1
0.204315 1
0.695106 3
0.122516 3
0.117480 1
1.204721 5
0.189800 5
0.121901 5
0.084350 5
0.117708 5
0.252007 5
0.937900 5
0.292167 5
0.193290 3
0.501434 3
0.015581 1
0.033063 1
0.033284 1
0.071847 1
0.529538 1
0.125533 1
0.288522 1
0.136425 1
0.444213 1
0.139015 1
0.162155 1
0.310533 1
0.747618 1
0.509917 4
0.152401 1
0.547729 1
0.199958 1
0.067993 1
0.434084 1
0.601902 11
0.000053 36
0.003584 51
0.003359 28
0.002077 44
0.000178 59
0.000224 8
0.000020 90
1.421146 50
0.202663 1
0.516938 1
0.032704 1
0.033348 1
0.033380 1
0.033434 1
0.033370 1
0.033463 1
0.033169 1
0.033368 1
0.033504 1
0.032954 1
0.033456 1
0.033499 1
0.033508 1
0.032953 1
0.032968 1
0.033444 1
0.033453 1
0.033579 1
0.033484 1
0.033348 1
0.033476 1
0.033417 1
0.033440 1
0.033507 1
0.033337 1
0.033586 1
0.033437 1
0.033406 1
0.033463 1
0.033398 1
0.033501 1
0.033684 1
0.033375 1
0.033403 1
0.033389 1
1.309130 3
0.130501 5
0.433898 2
0.000006 9
0.000042 36
0.005291 23
0.000418 9
0.002124 28
0.001312 44
0.000058 34
0.000013 25
0.000068 98
2.531219 1
0.232820 1
0.096598 1
0.182060 1
0.096095 11
0.000053 42
