0.023368 29
0.333124 1
0.070001 1
0.117959 1
0.088042 1
0.230023 1
0.938737 4
1.585297 1
0.085938 1
0.263865 1
0.076819 1
0.517303 1
0.229909 1
0.258016 1
0.054018 1
0.203806 1
0.886242 1
0.065947 1
0.451101 1
0.250052 1
0.032990 1
0.033455 1
0.033080 1
0.033392 1
0.033399 1
0.033839 1
0.032964 1
0.033462 1
0.033450 1
0.032910 1
0.032981 1
0.258162 3
0.156197 3
0.137803 3
0.155191 5
0.290342 11
0.005101 31
0.684042 1
0.191926 1
0.160183 1
0.151960 1
0.182052 6
0.001383 8
0.060654 29
0.001125 4
0.237412 307
0.020836 48
0.000433 4
0.014110 48
0.000072 4
0.021597 44
0.000342 79
0.000963 49
0.000038 35
0.000027 4
0.088130 48
0.000034 4
0.017095 48
0.000450 4
0.028162 44
0.000351 148
0.014217 49
0.000033 4
0.008126 45
0.000531 90
0.000099 50
0.000033 36
0.000030 4
0.020256 43
0.000499 25
0.000034 4
0.000872 33
0.000035 4
0.007179 34
0.000076 25
0.000392 4
0.000037 27
0.000132 45
2.617048 50
0.006908 50
0.049171 150
0.010194 50
0.001231 50
0.003917 50
0.000081 50
0.001472 50
0.000093 50
0.611030 51
0.000699 51
0.036677 51
0.070246 51
0.000176 51
0.016648 51
0.000070 51
0.003226 51
0.000054 51
0.004542 51
0.000525 51
0.000955 51
0.000713 51
0.002794 51
0.000073 51
0.000863 51
0.000061 51
0.006137 102
0.037933 306
0.034706 408
0.021097 51
0.033469 66
0.000546 66
0.000533 66
0.054892 67
0.000517 67
0.216540 67
0.000116 63
0.000655 63
0.001458 63
0.038095 131
0.010707 4
0.009355 8
0.000701 21
2.980797 15
0.130303 4
0.250225 4
0.033486 4
0.033395 4
0.033094 4
0.033241 4
0.033012 4
0.511614 1
0.722022 1
0.059511 1
0.150394 1
0.238160 1
0.080288 1
0.129689 1
0.147880 1
0.188187 1
0.820036 1
0.091813 1
0.428067 4
0.166014 4
1.002012 1
0.102012 1
0.189873 1
0.240441 1
0.143542 1
0.154000 1
0.126128 1
2.223394 4
0.282641 1
0.528020 4
0.730121 1
0.283904 1
0.259934 1
0.189672 1
0.192111 1
0.248262 1
0.095977 1
0.166108 1
0.993848 1
0.484150 1
0.343941 1
0.153355 11
0.020292 50
0.007742 52
0.023430 184
0.005204 67
0.000108 67
0.127533 67
0.000446 63
0.000529 63
0.002403 63
0.033957 113
0.034513 53
0.072455 54
0.004681 54
0.145299 132
0.002370 314
0.270858 15
0.000112 111
0.162416 8
0.000061 21
2.377173 1
0.081369 1
0.171597 1
0.261951 1
0.089945 1
0.264126 1
0.227928 1
0.132066 1
0.576022 1
0.221977 1
0.105927 1
0.196031 1
0.103853 1
1.220179 1
0.421988 1
0.069938 1
0.226124 1
0.060044 1
0.115869 1
0.159991 1
0.695186 11
0.123446 14
4.809984 23
4.908909 2
0.016562 54
0.007647 77
0.000502 133
0.000035 25
1.355830 33
0.166057 37
0.233989 39
0.350013 20
0.554131 2
0.005525 34
2.308215 1
0.067597 2
0.017462 29
32.389446 1
0.099561 1
0.133897 1
0.199999 1
0.468167 1
0.092001 1
0.197979 1
0.477995 1
0.141973 1
0.416015 1
0.253930 1
0.107882 1
0.226490 1
0.125709 1
0.128002 1
0.149927 1
1.031876 1
1.500198 1
0.053952 1
0.204031 1
0.344017 1
2.963999 1
0.544042 1
0.115709 1
0.564320 1
0.263921 1
0.209921 1
0.592100 1
0.179617 1
0.152149 1
0.662181 4
0.147840 1
3.318241 1
136.559260 1
0.250021 1
0.033462 1
0.033438 1
0.032957 1
0.033515 1
0.032881 1
0.033419 1
0.033436 1
0.033408 1
0.032977 1
0.032979 1
0.033009 1
0.033388 1
0.033397 1
0.032991 1
0.033403 1
0.033461 1
0.033378 1
0.033409 1
0.033074 1
0.033406 1
0.032999 1
0.274324 5
0.168092 5
0.135910 5
0.128074 5
0.209852 5
0.296206 11
0.063759 36
4.184519 2
1.536184 75
4.617479 2
0.006935 75
0.089006 2
0.006692 66
0.001988 8
0.000104 21
89.325219 1
0.430103 1
0.129764 1
0.896144 1
0.053989 1
0.231896 1
0.234161 1
0.121788 1
0.186181 1
0.096025 1
0.157756 1
0.156210 1
0.157985 11
0.035119 10
3.161816 2
0.031727 226
0.046270 227
0.000272 8
0.000550 24
1.122297 1
0.106426 1
0.164612 11
0.003203 229
0.003868 41
0.000616 62
0.003688 227
0.000666 32
5.290850 1
0.033931 1
0.242004 1
0.068085 1
0.331955 1
0.057937 1
0.195569 6
1.490611 1
0.067463 4
0.386342 11
0.003360 229
0.002708 19
0.000538 62
0.003787 227
0.000809 8
0.000057 24
2.484927 1
0.107960 1
0.093983 1
0.117854 1
0.067527 11
0.003254 229
0.000754 8
0.002478 45
0.002633 8
0.000048 21
135.457623 12
0.490638 11
0.031168 10
3.888665 2
0.033310 226
0.045311 227
0.000660 8
0.000067 24
1.700040 1
0.114350 1
0.497041 11
0.003891 229
0.006581 41
0.001195 62
0.004185 227
0.000648 32
2.174207 1
0.037915 1
0.074221 1
0.245725 1
0.052110 1
0.239979 1
0.139884 1
0.000017 4
1.658337 1
0.071286 3
0.278073 11
0.004224 229
0.005123 12
0.000258 62
0.003986 227
0.000625 8
0.000036 24
10.120221 1
0.013852 1
0.230098 4
1.980007 4
504.475311 1
0.150814 1
0.091933 1
0.105967 1
0.060023 1
1.658029 1
0.094457 1
0.125528 1
0.052009 1
0.111925 1
0.100023 1
0.350076 1
0.162545 11
0.003676 229
0.003855 46
0.034361 56
0.989589 56
1.000127 56
1.025888 56
0.137919 2
0.001388 154
0.002029 62
0.003533 227
0.000748 32
382.072521 1
0.001907 1
0.168006 1
0.338060 1
0.174030 1
0.155878 1
0.116076 1
0.456075 4
0.255182 4
0.032952 4
0.033402 4
0.033214 4
0.033455 4
0.033011 4
0.032973 1
0.033006 1
0.033759 1
0.033227 1
0.033002 1
0.033406 1
0.033007 1
0.032996 1
1.983403 1
1.052006 1
0.007878 1
0.452269 4
0.187796 4
0.119106 1
0.084923 1
0.137950 1
0.316278 11
0.005554 237
0.006874 53
0.000100 21
1.173269 1
0.043955 1
0.117936 1
0.244591 1
0.125370 1
0.162013 1
0.106057 1
0.234041 1
2.298288 1
0.069775 1
0.343978 1
0.602004 1
1.005974 1
0.084279 1
0.757680 1
0.089992 1
0.102058 1
0.413997 1
0.760466 1
0.289556 1
0.118129 1
0.119707 1
0.804148 1
0.143999 1
0.257944 1
0.844106 1
0.527951 1
0.381987 1
0.111979 1
0.912028 1
1.984552 1
0.083248 1
0.250155 1
0.484054 1
0.359048 1
0.701018 1
0.283845 1
0.504097 1
0.071948 1
0.377984 1
0.300020 1
0.172056 1
0.495983 1
1.061939 4
0.162054 4
0.109846 4
0.122050 4
1.886099 1
0.188027 1
0.093798 1
0.310172 1
3.942027 1
0.137924 1
0.432057 1
0.330025 1
0.615979 1
0.109952 1
0.132827 1
0.279145 1
1.048040 1
0.695961 1
0.222067 1
0.351993 1
0.097882 1
0.404138 1
0.807990 1
0.104001 1
0.163891 1
1.349485 1
0.731526 1
3.009362 1
0.175644 1
1.363484 1
0.110482 1
0.906155 1
0.269987 1
0.066086 1
0.303847 1
0.085873 1
0.898151 1
1.958065 1
0.083894 1
4.294070 1
0.053964 1
1.608006 1
0.428066 1
0.065991 1
0.167903 1
0.008036 1
0.461994 4
0.137991 4
0.225991 4
0.200118 1
0.157882 1
0.092055 1
0.189965 4
0.145958 4
0.346091 4
0.193959 1
0.102506 1
0.325509 4
0.173978 4
0.194055 1
0.447998 1
0.097987 1
0.404024 1
0.300000 1
2.604005 1
0.887994 1
0.051938 1
0.071931 1
2.112165 1
0.069896 1
0.478073 1
0.129937 1
0.283351 1
4.496682 3
0.458050 7
3.170577 3
0.711889 3
0.121379 3
1.700122 3
0.498093 3
1.719907 3
0.824015 3
0.061926 3
0.307319 3
0.416745 3
0.259962 3
0.151980 3
0.270029 3
0.121964 3
0.109975 3
21.856880 11
0.005824 1
0.029094 525
0.002265 2
0.000031 1
0.000031 3
0.000041 2
0.000021 2
0.000022 2
0.000014 1
0.000032 2
0.000014 1
0.000015 1
0.002252 2
0.000288 1
0.000301 1
0.000082 1
0.001737 1
0.000717 1
0.000017 1
0.000015 1
0.000072 1
0.003313 1
0.000067 1
0.000015 1
0.000034 1
0.000015 1
0.000027 1
0.000033 1
0.000014 1
0.000023 1
0.000015 1
0.000014 1
0.000015 1
0.000017 1
0.000013 1
0.000015 1
0.000508 1
0.000030 1
0.000073 1
0.002046 1
0.000321 1
0.000310 1
0.000322 1
0.000031 1
0.000028 1
0.000015 1
0.000014 1
0.000014 1
0.000014 1
0.000032 1
0.000014 1
0.000014 1
0.000014 1
0.000015 1
0.000027 1
0.000015 1
0.000014 1
0.000014 1
0.000302 1
0.000021 1
0.000018 1
0.000014 1
0.000014 1
0.000016 1
0.000074 1
0.002039 1
0.000305 1
0.000024 1
0.000298 1
0.000015 1
0.000021 1
0.000072 1
0.001910 1
0.000482 1
0.000016 1
0.000015 1
0.000014 1
0.000019 1
0.000014 1
0.000014 1
0.000073 1
0.002106 1
0.000437 1
0.000656 1
0.000038 1
0.000029 1
0.000014 1
0.000016 1
0.000014 1
0.000014 1
0.000014 1
0.000015 1
0.000014 1
0.000015 1
0.000013 1
0.000014 1
0.000015 1
0.000015 1
0.000014 1
0.000013 1
0.000082 1
0.002240 1
0.000035 1
0.000448 1
0.002167 1
0.000361 1
0.001808 1
0.000307 1
0.000264 1
0.000752 1
0.000017 1
0.000015 1
0.000014 1
0.000015 1
0.000015 1
0.000073 1
0.002237 1
0.000519 1
0.000055 1
0.000015 1
0.000015 1
0.000630 1
0.002191 1
0.000031 1
0.000312 1
0.000018 1
0.000072 1
0.002046 1
0.000325 1
0.000009 1
0.000319 2
0.000025 2
0.000022 2
0.002200 2
0.000424 1
0.000313 1
0.000305 1
0.000023 1
0.000073 1
0.002020 1
0.000347 1
0.000024 1
0.000280 1
0.000015 1
0.000014 1
0.000017 1
0.000074 1
0.002281 1
0.000042 1
0.000429 1
0.000016 1
0.000014 1
0.000016 1
0.000015 1
0.000047 1
0.000073 1
0.002068 1
0.000352 1
0.001973 1
0.000031 1
0.000349 1
0.000017 1
0.000014 1
0.000038 1
0.000032 1
0.000014 1
0.000014 1
0.000014 1
0.000013 1
0.000015 1
0.000072 1
0.002224 1
0.000044 1
0.000400 1
0.000016 1
0.000014 1
0.000074 1
0.002221 1
0.000031 1
0.000311 1
0.000018 1
0.000018 1
0.000014 1
0.000014 1
0.000020 1
0.000014 1
0.000016 1
0.000035 1
0.000014 1
0.000073 1
0.002127 1
0.000337 1
0.000024 1
0.000327 1
0.000015 1
0.000014 1
0.000018 1
0.000072 1
0.001905 1
0.000619 1
0.000018 1
0.000023 1
0.000014 1
0.000018 1
0.000076 1
0.002506 1
0.000368 1
0.000024 1
0.000286 1
0.000015 1
0.000018 1
0.000014 1
0.000014 1
0.000023 1
0.000015 1
0.000014 1
0.000014 1
0.000014 1
0.000014 1
0.000015 1
0.000039 1
0.000014 1
0.000468 1
0.002128 1
0.000325 1
0.000302 1
0.000023 1
0.000313 1
0.000015 1
0.000015 1
0.000072 1
0.001793 1
0.000314 1
0.000015 1
0.000015 1
0.000014 1
0.000015 1
0.000014 1
0.000013 1
0.000014 1
0.000073 1
0.002364 1
0.000032 1
0.000405 1
0.000015 1
0.000015 1
0.000014 1
0.000015 1
0.000014 1
0.000014 1
0.000073 1
0.002139 1
0.000299 1
0.000303 1
0.000351 1
0.001474 1
0.000458 1
0.000076 1
0.002943 1
0.000039 1
0.000015 1
0.000326 1
0.000021 1
0.000015 1
0.000265 1
0.002858 2
0.000495 1
0.000014 2
0.001840 1
0.000347 1
0.000017 1
0.000074 1
0.002163 2
0.000010 1
0.000018 1
0.000021 2
0.000021 2
0.000022 2
0.000020 2
0.000020 2
0.001841 2
0.000444 1
0.001874 1
0.000334 1
0.000018 1
0.000073 1
0.002037 1
0.000307 1
0.000298 1
0.000309 1
0.000023 1
0.000073 1
0.001752 1
0.000456 1
0.000015 1
0.000014 1
0.000015 1
0.000014 1
0.000077 1
0.001852 1
0.000340 1
0.000015 1
0.000020 1
0.000014 1
0.000014 1
0.000063 1
0.000014 1
0.000029 1
0.000014 1
0.000074 1
0.002689 1
0.000516 1
0.000035 1
0.000029 1
0.000014 1
0.000075 1
0.002126 1
0.000433 1
0.000324 1
0.000298 1
0.000029 1
0.000014 1
0.000074 1
0.002094 1
0.000307 1
0.000024 1
0.000016 1
0.000014 1
0.000014 1
0.000014 1
0.000017 1
0.000014 1
0.000373 1
0.002325 1
0.000381 1
0.000441 1
0.000047 1
0.000074 1
0.002098 1
0.000293 1
0.000306 1
0.000302 1
0.000295 1
0.000023 1
0.000015 1
0.000014 1
0.000014 1
0.000073 1
0.003018 1
0.000074 1
0.000031 1
0.000014 1
0.000015 1
0.000016 1
0.000073 1
0.002174 1
0.000322 1
0.000354 1
0.001471 1
0.000331 1
0.000016 1
0.000015 1
0.000018 1
0.000014 1
0.000014 1
0.000020 1
0.000014 1
0.000014 1
0.000073 1
0.002198 1
0.000406 1
0.000061 1
0.000015 1
0.000014 1
0.000015 1
0.000014 1
0.000014 1
0.000073 1
0.002128 1
0.000038 1
0.000343 1
0.000015 1
0.000016 1
0.000013 1
0.000014 1
0.000021 1
0.000014 1
0.000076 1
0.002076 1
0.000299 1
0.000024 1
0.000014 1
0.000014 1
0.000013 1
0.000015 1
0.000015 1
0.000014 1
0.000283 1
0.000014 1
0.000014 1
0.000074 1
0.002228 1
0.001817 1
0.001766 1
0.001790 1
0.001197 2
0.000019 17
0.000541 2
0.000030 1
0.000045 2
0.000026 1
0.000026 1
0.000044 2
0.000025 1
0.000026 1
0.000046 2
0.000026 1
0.000025 1
0.000045 2
0.000026 1
0.000025 1
0.000371 2
0.000027 1
0.000043 2
0.000025 1
0.000026 1
0.000042 2
0.000026 1
0.000025 1
0.000044 2
0.000335 1
0.000051 2
0.000025 1
0.000026 1
0.000044 2
0.000025 1
0.000025 1
0.000031 2
0.000016 2
0.000036 2
0.000013 1
0.000029 1
0.000306 1
0.000044 3
0.000013 1
0.000012 1
0.000029 1
0.000017 2
0.000034 2
0.000012 1
0.000012 1
0.000017 1
0.000035 2
0.000012 1
0.000012 1
0.000016 2
0.000017 2
0.000344 3
0.000017 1
0.000016 2
0.000039 2
0.000012 1
0.000012 1
0.000012 1
0.000017 2
0.000035 2
0.000016 2
0.000017 2
0.000016 2
0.000017 2
0.000033 2
0.000017 2
0.000033 2
0.000012 1
0.000013 1
0.000383 2
0.000040 2
0.000036 2
0.000036 1
0.000027 1
0.000043 2
0.000026 1
0.000025 1
0.000043 2
0.005400 76
0.003561 2
0.000046 1
0.000015 1
0.000587 1
0.002118 1
0.000313 1
0.000311 1
0.000025 1
0.000075 1
0.002865 1
0.000330 1
0.000029 1
0.000015 1
0.000014 1
0.000450 1
0.002092 1
0.000362 1
0.001752 1
0.000402 1
0.000039 1
0.000038 1
0.000015 1
0.000015 1
0.000073 1
0.002117 1
0.000330 1
0.000024 1
0.000015 1
0.000014 1
0.000015 1
0.000014 1
0.000014 1
0.000015 1
0.000074 1
0.001794 1
0.003280 1
0.002465 1
0.001579 1
0.000589 2
0.016490 7
0.006802 8
0.000765 21
14.284402 1
0.069850 1
0.078442 1
0.159755 1
0.189890 1
4.374098 1
0.063976 1
0.103893 1
0.298265 4
0.132316 4
0.099556 1
0.049967 1
2.216072 1
0.129794 1
0.186040 1
0.210140 1
0.143928 1
0.448056 1
0.147852 1
1.286142 1
0.199974 1
1.704053 1
0.285962 1
0.210052 1
0.241959 1
1.482467 1
0.359538 1
0.139962 1
0.125930 1
0.294820 1
0.921341 1
0.069919 1
0.277987 1
0.198178 3
1.975877 1
0.098349 1
0.064079 1
0.215578 4
0.880351 1
0.078991 1
0.968613 1
0.078048 1
0.723953 1
0.181961 1
1.528117 1
0.086299 1
0.165650 1
0.915942 1
0.556021 4
0.981057 11
0.004772 31
1.860291 1
0.213919 1
0.177892 1
0.168056 1
0.240954 14
0.010647 8
0.000050 21
1.465458 41
0.496208 1
0.619671 1
0.250122 1
0.033006 1
0.033419 1
0.033370 1
0.033007 1
0.033007 1
0.033013 1
0.033004 1
0.033024 1
0.033437 1
0.443772 1
0.336184 1
0.250136 1
0.032541 1
0.033062 1
0.033958 1
0.032461 1
0.032971 1
0.033396 1
0.032911 1
0.033066 1
0.187519 1
0.197981 1
0.145839 1
0.091795 1
0.194444 1
0.123621 1
0.216544 1
0.327508 3
0.240955 5
0.138026 5
0.125891 5
0.122048 5
1.352051 5
0.048190 5
0.176238 5
0.380777 14
0.250014 1
0.033426 1
0.442457 40
0.621873 1
0.250438 1
0.033090 1
0.033431 1
0.032940 1
0.033138 1
0.033035 1
0.033421 1
0.033391 1
0.033471 1
0.033012 1
0.033419 1
0.033060 1
0.354402 3
0.249785 3
0.033012 3
0.033066 3
0.032959 3
0.033033 3
0.033031 3
0.033004 3
0.033046 3
0.033292 3
0.033037 3
0.033102 3
0.033170 3
0.032983 1
0.033237 1
0.033196 1
0.033029 1
0.033208 1
0.033334 1
3.681487 1
0.250114 1
0.033002 1
0.033447 1
0.032776 1
0.032935 1
0.259708 3
0.199701 3
0.250550 3
0.032615 3
0.032992 3
0.033059 3
0.033386 1
0.033434 1
0.177033 4
0.159950 4
0.131949 4
0.114009 4
0.250291 4
0.032952 4
0.033338 4
0.033776 4
0.033253 4
0.033446 4
0.032982 4
0.033027 4
0.135011 4
0.137908 4
0.166056 4
1.166095 1
0.163399 7
2.002576 1
0.566002 1
0.551371 1
0.760665 1
0.103930 1
0.179414 1
1.373095 1
0.055502 1
1.792048 1
0.187891 1
0.347592 1
1.149534 11
0.008389 4
0.000987 50
0.003895 29
2.110981 42
10.008281 125
0.355822 122
2.573942 1
0.250369 1
0.040930 1
0.042907 1
0.018079 1
0.033073 1
0.036472 1
0.061979 1
0.031401 1
0.033411 1
0.036571 1
0.034314 1
0.031104 1
0.032390 1
0.033182 1
0.033489 1
0.033007 1
0.033462 1
0.033396 1
0.033384 1
0.033032 1
0.032994 1
0.033348 1
0.032991 1
0.033475 1
1.393783 1
0.221157 1
0.570205 1
1.062734 5
0.514299 11
0.007689 8
0.000082 21
2.433196 43
0.152326 117
0.171316 125
0.302196 170
0.728199 11
0.028324 252
0.029645 102
0.000854 1
0.000020 1
0.000074 1
0.002650 1
0.000049 1
0.000016 1
0.000041 1
0.000015 1
0.000014 1
0.000582 1
0.004011 1
0.000026 1
0.000016 1
0.000015 1
0.000073 1
0.002005 1
0.000508 1
0.000019 1
0.000015 1
0.000014 1
0.000019 1
0.000015 1
0.000013 1
0.000017 1
0.000074 1
0.002274 1
0.000322 1
0.000295 1
0.000321 1
0.000026 1
0.000014 1
0.000023 1
0.000014 1
0.000013 1
0.000074 1
0.005407 1
0.001216 3
0.001248 1
0.000033 1
0.000074 1
0.004423 1
0.001904 1
0.003801 1
0.002989 1
0.000263 2
0.001245 1
0.000021 1
0.000013 1
0.000012 1
0.000012 1
0.000013 1
0.000039 1
0.000012 1
0.000012 1
0.000012 1
0.000013 1
0.000032 1
0.000012 1
0.000012 1
0.000013 1
0.000012 1
0.000012 1
0.000012 1
0.000012 1
0.000012 1
0.000012 1
0.000012 1
0.000013 1
0.000031 1
0.000014 1
0.000012 1
0.000011 1
0.000012 1
0.000012 1
0.000012 1
0.000013 1
0.000787 1
0.000017 1
0.000013 1
0.000014 1
0.000014 1
0.000015 1
0.000034 1
0.000012 1
0.000012 1
0.000012 1
0.000013 1
0.000031 1
0.000012 1
0.000012 1
0.000014 1
0.000033 1
0.000015 1
0.000014 1
0.000014 1
0.000013 1
0.000013 1
0.000032 1
0.000013 1
0.000012 1
0.000013 1
0.000012 1
0.000012 1
0.000013 1
0.000031 1
0.000013 1
0.000012 1
0.000012 1
0.000640 1
0.000047 1
0.000014 1
0.000013 1
0.000034 1
0.000013 1
0.000012 1
0.000012 1
0.000013 1
0.000012 1
0.000013 1
0.000032 1
0.000012 1
0.029398 265
0.001538 1
0.000368 1
0.000423 1
0.000360 1
0.000027 1
0.000309 1
0.000016 1
0.000015 1
0.000014 1
0.000073 1
0.001929 1
0.000458 1
0.002476 1
0.000345 1
0.000328 1
0.000291 1
0.000023 1
0.000015 1
0.000016 1
0.000014 1
0.000014 1
0.000073 1
0.002313 1
0.000037 1
0.000015 1
0.000069 1
0.000014 1
0.000015 1
0.000014 1
0.000015 1
0.000015 1
0.000020 1
0.000014 1
0.000015 1
0.000016 1
0.000013 1
0.000032 1
0.000016 1
0.000013 1
0.000014 1
0.000014 1
0.000346 1
0.000023 1
0.000035 1
0.000014 1
0.000073 1
0.001799 1
0.000318 1
0.000015 1
0.000015 1
0.000014 1
0.000014 1
0.000014 1
0.000073 1
0.001821 1
0.000291 1
0.000016 1
0.000017 1
0.000014 1
0.000075 1
0.002112 1
0.000087 1
0.002382 1
0.001022 1
0.000075 1
0.000017 1
0.000015 1
0.000015 1
0.000015 1
0.000014 1
0.000074 1
0.001988 1
0.000370 1
0.002101 1
0.000409 1
0.000015 1
0.000014 1
0.000014 1
0.000015 1
0.000015 1
0.000014 1
0.000019 1
0.000072 1
0.002119 1
0.000307 1
0.000316 1
0.000328 1
0.000021 1
0.000073 1
0.002111 1
0.000032 1
0.000338 1
0.000015 1
0.000015 1
0.000014 1
0.000073 1
0.002214 1
0.000035 1
0.000014 1
0.000016 1
0.000015 1
0.000014 1
0.000073 1
0.002084 1
0.000024 1
0.000285 1
0.000023 1
0.000015 1
0.000014 1
0.000013 1
0.000021 1
0.000014 1
0.000017 1
0.000072 1
0.002259 1
0.000038 1
0.000015 1
0.000014 1
0.000014 1
0.000075 1
0.001926 1
0.000329 1
0.000022 2
0.000021 2
0.000079 2
0.002071 1
0.000026 1
0.000016 1
0.000352 1
0.002376 1
0.000371 1
0.000398 2
0.000008 1
0.002186 2
0.000287 1
0.000827 1
0.000015 1
0.000016 1
0.000014 1
0.000014 1
0.000020 1
0.000014 1
0.000016 1
0.000015 1
0.000014 1
0.000015 1
0.000072 1
0.002039 1
0.000467 1
0.000076 1
0.002099 1
0.000336 1
0.000026 1
0.000312 1
0.000078 1
0.002084 1
0.000029 1
0.000014 1
0.000023 1
0.000014 1
0.000014 1
0.000023 1
0.000014 1
0.000014 1
0.000072 1
0.002186 1
0.000033 1
0.000074 1
0.002217 1
0.000306 1
0.000022 1
0.000020 1
0.000017 1
0.000014 1
0.000015 1
0.000030 1
0.000014 1
0.000015 1
0.000015 1
0.000013 1
0.000018 1
0.000368 1
0.002063 1
0.000379 1
0.000386 1
0.000036 1
0.000014 1
0.000797 1
0.002140 1
0.000308 1
0.000024 1
0.000014 1
0.000015 1
0.000295 1
0.000028 1
0.000016 1
0.000013 1
0.000015 1
0.000032 1
0.000013 1
0.000015 1
0.000013 1
0.000014 1
0.000076 1
0.002193 1
0.000095 1
0.001862 1
0.000358 1
0.000016 1
0.000025 1
0.000014 1
0.000015 1
0.000073 1
0.002067 1
0.000328 1
0.000323 1
0.000294 1
0.000023 1
0.000016 1
0.000014 1
0.000014 1
0.000015 1
0.000015 1
0.000014 1
0.000291 1
0.000018 1
0.000014 1
0.000073 1
0.002320 1
0.000370 1
0.001464 1
0.000345 1
0.000015 1
0.000016 1
0.000014 1
0.000071 1
0.000014 1
0.000014 1
0.000014 1
0.000016 1
0.000014 1
0.000015 1
0.000022 1
0.000014 1
0.000020 1
0.000018 1
0.000014 1
0.000016 1
0.000308 1
0.000015 1
0.000015 1
0.000014 1
0.000014 1
0.000016 1
0.000073 1
0.002057 1
0.000313 1
0.000322 1
0.000345 1
0.001487 1
0.000499 2
0.002101 1
0.000338 1
0.000024 1
0.000321 1
0.000023 2
0.001941 2
0.000307 1
0.000015 1
0.000073 1
0.002302 1
0.000706 1
0.000036 1
0.000015 1
0.000024 1
0.000014 1
0.000016 1
0.000055 1
0.000014 1
0.000992 1
0.002175 1
0.000095 1
0.001758 1
0.000340 1
0.000073 1
0.003055 1
0.000445 1
0.000018 1
0.000075 1
0.002221 1
0.000036 1
0.001623 1
0.001464 1
0.000018 1
0.032088 84
0.021628 101
0.002322 1
0.000023 1
0.000073 1
0.001881 1
0.000039 1
0.000015 1
0.000015 1
0.000014 1
0.000014 1
0.000028 1
0.000014 1
0.000016 1
0.000014 1
0.000058 1
0.000014 1
0.000014 1
0.000025 1
0.000423 2
0.000025 2
0.000025 2
0.000079 2
0.002382 1
0.000507 1
0.001483 1
0.000025 1
0.000028 1
0.000015 1
0.000015 1
0.000015 1
0.000014 1
0.000081 2
0.001853 1
0.000020 1
0.000017 1
0.000018 1
0.000014 1
0.000061 1
0.000378 2
0.000101 2
0.002931 1
0.000074 1
0.000797 2
0.000533 2
0.000011 1
0.002959 1
0.000410 2
0.000516 2
0.000023 2
0.000021 2
0.002454 2
0.000031 1
0.000015 1
0.000015 1
0.000015 1
0.000017 1
0.000073 1
0.002258 1
0.000030 1
0.000074 1
0.002819 1
0.000043 1
0.000498 1
0.000079 1
0.000015 1
0.000014 1
0.000015 1
0.000014 1
0.000015 1
0.000014 1
0.000073 1
0.001819 1
0.000462 1
0.000019 1
0.000074 1
0.002267 1
0.000950 1
0.000040 1
0.000016 1
0.000014 1
0.000015 1
0.000015 1
0.000015 1
0.000078 1
0.002178 1
0.000455 1
0.001507 1
0.000351 1
0.000016 1
0.000014 1
0.000014 1
0.000073 1
0.002041 1
0.000724 1
0.000020 1
0.000015 1
0.000018 1
0.000015 1
0.000020 1
0.000060 1
0.000014 1
0.000016 1
0.000108 1
0.000015 1
0.000015 1
0.000015 1
0.000014 1
0.000015 1
0.000052 1
0.000014 1
0.000016 1
0.000074 1
0.002217 1
0.000033 1
0.000016 1
0.000014 1
0.000015 1
0.000013 1
0.000017 1
0.000363 1
0.001983 1
0.000077 1
0.001523 1
0.000016 1
0.000015 1
0.000477 1
0.000028 1
0.000031 1
0.000016 1
0.000014 1
0.000021 1
0.000014 1
0.000015 1
0.000072 1
0.002580 1
0.001847 1
0.001840 1
0.001468 1
0.000637 2
0.016772 7
0.005178 8
0.001174 21
0.612428 106
0.240849 112
0.091366 117
0.904230 117
0.327702 117
0.157807 125
0.338483 122
0.249737 117
0.033415 170
0.033433 67
0.032944 1
0.032994 1
0.033101 1
0.033032 1
0.033132 1
0.033579 1
0.033381 1
0.033244 1
0.179790 106
0.337965 1
0.249808 1
0.033024 1
0.032975 1
0.033036 1
0.033421 1
0.033459 1
0.032991 1
0.033383 1
0.033447 1
0.033082 1
0.033068 1
0.032951 1
0.032982 1
0.033447 1
0.033026 1
0.032967 1
0.033028 1
0.033548 1
0.033006 1
0.032997 1
0.033075 1
0.032952 1
0.033030 1
0.034087 1
0.034430 1
0.043118 1
0.034212 1
0.032183 1
0.032744 1
0.034715 1
0.031741 1
0.033009 1
0.032985 1
0.033117 1
0.033057 1
0.033519 1
0.032981 1
0.033003 1
0.033035 1
0.033402 1
0.033024 1
0.033459 1
0.033374 1
0.033010 1
0.033367 1
0.033026 1
0.033057 1
0.033434 1
0.032927 1
0.033056 1
0.033408 1
0.032972 1
0.033007 1
0.032961 1
0.033439 1
0.033091 1
0.032985 1
0.434179 3
0.164114 3
0.168876 5
0.317130 11
0.004252 1
0.029544 314
0.000795 1
0.000423 1
0.000328 1
0.000498 1
0.001573 1
0.001234 1
0.001482 1
0.000019 1
0.000017 1
0.000014 1
0.000017 1
0.000016 1
0.000015 1
0.000015 1
0.000019 1
0.000014 1
0.000042 1
0.000014 1
0.000014 1
0.000014 1
0.000016 1
0.000015 1
0.000015 1
0.000017 1
0.000016 1
0.000016 1
0.000015 1
0.000014 1
0.000073 1
0.002329 1
0.000048 1
0.000279 1
0.000015 1
0.000015 1
0.000014 1
0.000072 1
0.002130 1
0.000324 1
0.000021 1
0.000285 1
0.000020 1
0.000021 2
0.002210 2
0.000319 1
0.000017 1
0.000015 1
0.000014 1
0.000074 1
0.001884 1
0.000362 1
0.000016 1
0.000073 1
0.001897 1
0.000371 1
0.002054 1
0.000298 1
0.000348 1
0.000427 1
0.000046 1
0.000075 1
0.002365 1
0.000333 1
0.000317 1
0.000322 1
0.000026 1
0.000014 1
0.000014 1
0.000014 1
0.000014 1
0.000015 1
0.000359 1
0.002114 1
0.000300 1
0.000293 1
0.000303 1
0.000023 1
0.000073 1
0.002242 1
0.000419 1
0.000464 1
0.000380 1
0.001530 1
0.000362 1
0.000015 1
0.000015 1
0.000014 1
0.000013 1
0.000026 1
0.000016 1
0.000014 1
0.000014 1
0.000015 1
0.000013 1
0.000024 1
0.000014 1
0.000014 1
0.000073 1
0.001828 1
0.000310 1
0.000015 1
0.000055 1
0.000014 1
0.000014 1
0.000019 1
0.000023 1
0.000014 1
0.000013 1
0.000073 1
0.002257 1
0.000036 1
0.000400 1
0.000016 1
0.000014 1
0.000014 1
0.000023 1
0.000014 1
0.000015 1
0.000014 1
0.000014 1
0.000027 1
0.000014 1
0.000014 1
0.000014 1
0.000072 1
0.002089 1
0.000303 1
0.000294 1
0.000411 1
0.001556 1
0.000309 1
0.000073 1
0.003009 1
0.000907 1
0.000034 1
0.000016 1
0.000014 1
0.000015 1
0.000014 1
0.000020 1
0.000014 1
0.000014 1
0.000073 1
0.002057 1
0.000413 1
0.000019 1
0.000017 1
0.000015 1
0.000017 1
0.000016 1
0.000014 1
0.000016 1
0.000015 1
0.000017 1
0.000017 1
0.000016 1
0.000017 1
0.000017 1
0.000082 1
0.002241 1
0.000373 1
0.000378 1
0.000491 1
0.000029 1
0.000375 1
0.002423 2
0.000405 2
0.000022 2
0.000033 2
0.000016 1
0.000014 1
0.000021 2
0.001523 1
0.000934 1
0.000335 1
0.000015 1
0.000014 1
0.000050 1
0.000014 1
0.000014 1
0.000014 1
0.000013 1
0.000057 1
0.000020 1
0.000014 1
0.000014 1
0.000014 1
0.000014 1
0.000014 1
0.000357 1
0.002122 1
0.000029 1
0.000290 1
0.000034 1
0.000015 1
0.000015 1
0.000014 1
0.000014 1
0.000073 1
0.002454 1
0.000469 1
0.000411 1
0.000027 1
0.000015 1
0.000014 1
0.000074 1
0.002079 1
0.000344 1
0.001839 1
0.000370 1
0.000425 1
0.001557 1
0.000365 1
0.000017 1
0.000014 1
0.000014 1
0.000014 1
0.000016 1
0.000074 1
0.002176 1
0.000030 1
0.000015 1
0.000029 1
0.000013 1
0.000074 1
0.002120 1
0.000367 1
0.001931 1
0.000353 1
0.000010 1
0.001888 2
0.000299 1
0.000017 1
0.000015 1
0.000014 1
0.000014 1
0.000014 1
0.000015 1
0.000014 1
0.000014 1
0.000014 1
0.000017 1
0.000073 1
0.003901 1
0.000048 1
0.000601 1
0.001951 1
0.000346 1
0.000047 1
0.000016 1
0.000015 1
0.000015 1
0.000016 1
0.000016 1
0.000015 1
0.000014 1
0.000017 1
0.000015 1
0.000016 1
0.000015 1
0.000015 1
0.000059 1
0.000328 1
0.000015 1
0.000078 1
0.002211 1
0.000410 1
0.000469 1
0.000048 1
0.000465 1
0.000016 1
0.000015 1
0.000078 1
0.002626 1
0.000366 1
0.000028 1
0.000016 1
0.000015 1
0.000015 1
0.000017 1
0.000015 1
0.000433 1
0.003436 1
0.000061 1
0.000019 1
0.000514 1
0.001986 1
0.000337 1
0.000017 1
0.000015 1
0.000016 1
0.000014 1
0.000077 1
0.002293 1
0.000030 1
0.000015 1
0.000362 1
0.002239 1
0.000032 1
0.000305 1
0.000016 1
0.000015 1
0.000014 1
0.000077 1
0.002316 1
0.000542 1
0.002012 1
0.000382 1
0.000034 1
0.000016 1
0.000016 1
0.000016 1
0.000078 1
0.002677 1
0.000057 1
0.000018 1
0.000017 1
0.000015 1
0.000466 1
0.000950 3
0.002338 2
0.001950 1
0.000027 1
0.000309 1
0.000019 1
0.000015 1
0.000015 1
0.000023 2
0.000023 2
0.000031 2
0.000016 1
0.000083 2
0.002533 1
0.000044 1
0.000015 1
0.000015 1
0.000064 2
0.000036 2
0.000022 2
0.000021 2
0.002025 2
0.000332 1
0.000016 1
0.000016 1
0.000015 1
0.000015 1
0.000015 1
0.000016 1
0.000015 1
0.000025 1
0.000077 1
0.002319 1
0.000477 1
0.000484 1
0.000556 1
0.001656 1
0.000397 1
0.000017 1
0.000015 1
0.000016 1
0.000015 1
0.000076 1
0.002007 1
0.000344 1
0.000016 1
0.000077 1
0.002240 1
0.000398 1
0.000491 1
0.002194 1
0.000032 1
0.000015 1
0.000078 1
0.002268 1
0.000031 1
0.000309 1
0.000046 1
0.000015 1
0.000015 1
0.000015 1
0.000016 1
0.000014 1
0.000014 1
0.000032 1
0.000015 1
0.000015 1
0.000018 1
0.000014 1
0.000397 1
0.002368 1
0.000096 1
0.002196 1
0.000334 1
0.000316 1
0.000024 1
0.000352 1
0.000018 1
0.000016 1
0.000015 1
0.000014 1
0.000016 1
0.000015 1
0.000015 1
0.000016 1
0.000015 1
0.000077 1
0.002592 1
0.000350 1
0.000028 1
0.000016 1
0.000016 1
0.000015 1
0.000373 1
0.001914 1
0.000329 1
0.000015 1
0.000015 1
0.000015 1
0.000015 1
0.000016 1
0.000077 1
0.002372 1
0.000352 1
0.000017 1
0.000077 1
0.002733 1
0.000071 1
0.000079 1
0.002377 1
0.000553 1
0.000017 1
0.000016 1
0.000022 1
0.000016 1
0.000015 1
0.000016 1
0.000015 1
0.000016 1
0.000019 1
0.000015 1
0.000022 1
0.000016 1
0.000014 1
0.000016 1
0.000015 1
0.000014 1
0.000015 1
0.000017 1
0.000015 1
0.000016 1
0.000030 1
0.000015 1
0.000077 1
0.002770 1
0.000043 1
0.000016 1
0.000015 1
0.000050 1
0.000015 1
0.000019 1
0.000014 1
0.000015 1
0.000076 1
0.002447 1
0.000459 1
0.000016 1
0.000388 1
0.003112 2
0.000348 1
0.000331 1
0.000089 1
0.002363 1
0.000444 1
0.000044 1
0.000016 1
0.000015 1
0.000076 1
0.002249 1
0.000030 1
0.000310 1
0.000016 1
0.000020 1
0.000015 1
0.000014 1
0.000022 1
0.000014 1
0.000021 1
0.000014 1
0.000015 1
0.000015 1
0.000015 1
0.000014 1
0.000017 1
0.000014 1
0.000015 1
0.000018 1
0.000365 1
0.002288 1
0.000403 1
0.000429 1
0.000033 1
0.000016 1
0.000015 1
0.000015 1
0.000394 1
0.000017 1
0.000076 1
0.002204 1
0.000342 1
0.000028 1
0.000014 1
0.000014 1
0.000017 1
0.000023 1
0.000014 1
0.000014 1
0.000029 1
0.000014 1
0.000074 1
0.002185 1
0.000382 1
0.001553 1
0.000395 1
0.000017 1
0.000017 1
0.000014 1
0.000015 1
0.000015 1
0.000014 1
0.000016 1
0.000074 1
0.002391 1
0.000374 1
0.000026 1
0.000015 1
0.000014 1
0.000074 1
0.002214 1
0.000363 1
0.002425 1
0.000049 1
0.000442 1
0.000076 1
0.002181 1
0.000032 1
0.000020 1
0.000014 1
0.000014 1
0.000018 1
0.000288 1
0.000020 1
0.000016 1
0.000016 1
0.000014 1
0.000018 1
0.000017 1
0.000014 1
0.000015 1
0.000015 1
0.000014 1
0.000073 1
0.002102 1
0.000299 1
0.000287 1
0.000357 1
0.001892 1
0.001598 1
0.002671 1
0.002431 1
0.001062 2
0.000373 2
0.000009 1
0.000360 3
0.000019 1
0.000034 1
0.000018 2
0.000017 2
0.000036 2
0.000025 1
0.000026 1
0.000026 1
0.000043 2
0.000025 1
0.000026 1
0.000450 2
0.000031 1
0.000028 1
0.000044 2
0.000026 1
0.000026 1
0.000043 2
0.000027 1
0.000026 1
0.000043 2
0.000025 1
0.000027 1
0.000521 2
0.000029 1
0.000026 1
0.000025 1
0.000044 2
0.000026 1
0.000026 1
0.000043 2
0.000025 1
0.000025 1
0.000043 2
0.000025 1
0.000025 1
0.000043 2
0.000370 1
0.000024 2
0.000017 2
0.000017 2
0.000040 2
0.000016 2
0.000016 2
0.000017 2
0.000034 2
0.000013 1
0.000012 1
0.000079 6
0.000013 1
0.000013 1
0.000016 2
0.000379 2
0.000019 1
0.000041 2
0.000036 2
0.000012 1
0.000012 1
0.000017 2
0.000016 2
0.000036 2
0.000012 1
0.000012 1
0.000013 1
0.000036 2
0.000017 2
0.000035 2
0.000410 2
0.000032 1
0.000142 2
0.000147 2
0.012431 107
0.002757 1
0.000512 1
0.000039 1
0.000348 1
0.000017 1
0.000022 1
0.000078 1
0.002245 1
0.000315 1
0.000320 1
0.000025 1
0.000345 1
0.000016 1
0.000077 1
0.002651 1
0.000407 1
0.000100 1
0.001931 1
0.000364 1
0.000016 1
0.000015 1
0.000015 1
0.000014 1
0.000044 1
0.000077 1
0.002331 1
0.000041 1
0.000017 1
0.000409 1
0.000036 1
0.000016 1
0.000016 1
0.000014 1
0.000016 1
0.000015 1
0.000015 1
0.000015 1
0.000015 1
0.000014 1
0.000078 1
0.002527 1
0.000514 1
0.000024 1
0.000018 1
0.000016 1
0.000016 1
0.000026 1
0.000079 1
0.002430 1
0.000040 1
0.000575 1
0.002374 1
0.000098 1
0.001993 1
0.001234 1
0.000021 1
0.000015 1
0.000015 1
0.000021 1
0.000017 1
0.000014 1
0.000015 1
0.000023 1
0.000015 1
0.000016 1
0.000017 1
0.000014 1
0.000016 1
0.000015 1
0.000014 1
0.000497 1
0.002368 1
0.000033 1
0.000016 1
0.000399 1
0.000077 1
0.002309 1
0.000419 1
0.000033 1
0.000419 1
0.000016 1
0.000077 1
0.002434 1
0.000043 1
0.000374 1
0.000017 1
0.000018 1
0.000014 1
0.000080 1
0.002342 1
0.000033 1
0.000015 1
0.000077 1
0.002284 1
0.000469 1
0.000040 1
0.000444 1
0.000519 1
0.001087 1
0.000018 1
0.000016 1
0.000016 1
0.000078 1
0.002490 1
0.000101 1
0.002025 1
0.000416 1
0.000018 1
0.000015 1
0.000015 1
0.000015 1
0.000016 1
0.000015 1
0.000014 1
0.000028 1
0.000014 1
0.000020 1
0.000015 1
0.000014 1
0.000016 1
0.000015 1
0.000015 1
0.000017 1
0.000015 1
0.000014 1
0.000017 1
0.000498 1
0.002349 1
0.000037 1
0.000407 1
0.000017 1
0.000015 1
0.000016 1
0.000030 1
0.000015 1
0.000018 1
0.000019 1
0.000015 1
0.000037 1
0.000015 1
0.000014 1
0.000015 1
0.000076 1
0.002309 1
0.000035 1
0.000017 1
0.000052 1
0.000015 1
0.000020 1
0.000034 1
0.000015 1
0.000015 1
0.000540 1
0.000030 1
0.000015 1
0.000014 1
0.000015 1
0.000017 1
0.000020 1
0.000015 1
0.000014 1
0.000015 1
0.000014 1
0.000077 1
0.003059 1
0.000058 1
0.000429 1
0.000036 1
0.000017 1
0.000015 1
0.000019 1
0.000015 1
0.000015 1
0.000017 1
0.000075 1
0.002588 1
0.000465 1
0.000037 1
0.000423 1
0.000018 1
0.000077 1
0.001980 1
0.000406 1
0.000016 1
0.000020 1
0.000015 1
0.000014 1
0.000020 1
0.000014 1
0.000014 1
0.000076 1
0.002289 1
0.000037 1
0.000424 1
0.000017 1
0.000019 1
0.000014 1
0.000077 1
0.002263 1
0.000431 1
0.001916 1
0.000358 1
0.000026 1
0.000015 1
0.000014 1
0.000076 1
0.002336 1
0.000035 1
0.000414 1
0.000078 1
0.002258 1
0.000324 1
0.000326 1
0.000026 1
0.000016 1
0.000015 1
0.000015 1
0.000432 1
0.000032 1
0.000019 1
0.000076 1
0.002280 1
0.000435 1
0.000478 1
0.000029 1
0.000015 1
0.000014 1
0.000077 1
0.002284 1
0.001922 1
0.001934 1
0.001902 1
0.000405 2
0.018580 7
0.006142 8
0.000084 21
0.333288 105
0.265663 229
0.254133 112
0.852163 117
0.203830 125
1.454124 11
0.009980 8
0.000036 21
0.655962 41
0.179905 169
0.144445 229
0.129695 112
0.151972 117
2.110770 11
0.013950 8
0.000228 21
2.753776 1
0.154010 1
0.161993 1
0.235985 1
1.182092 4
0.347911 1
0.398045 1
1.989982 1
0.560025 1
1.686018 1
0.117812 1
0.468192 1
0.193869 1
0.117999 1
0.290223 1
2.341899 1
0.161966 1
0.172012 1
1.084392 11
0.036047 38
0.005443 76
0.001073 32
0.008665 22
0.003538 106
0.005282 82
0.003264 8
0.000038 21
19.562348 1
0.121805 1
0.089995 1
0.118533 1
0.115497 1
0.606153 1
0.122287 1
0.045606 1
0.197992 1
0.340070 4
0.250009 4
0.033398 4
0.032987 4
0.033455 4
0.032997 4
0.033496 4
0.033430 4
0.033004 4
0.033358 1
0.033494 1
0.033403 1
0.033003 1
0.033792 1
0.032619 1
0.033007 1
0.033454 1
0.033048 1
0.033034 1
0.033052 1
0.033004 1
0.033032 1
0.033015 1
0.032982 1
1.187897 1
0.274050 1
0.243897 1
1.464073 1
0.964015 1
0.251948 1
0.342055 1
0.250025 1
1.135959 1
0.091954 1
0.708031 1
0.042015 1
0.253965 1
0.222465 1
0.111544 1
0.201987 1
0.234045 1
0.209980 1
0.207993 1
0.326058 1
0.061944 1
0.238072 1
0.107792 1
0.126044 1
0.246116 1
1.056388 11
0.045327 75
0.007329 87
0.076395 10
6.057291 2
0.010204 42
0.001098 4
0.178934 29
10.969104 1
0.085985 1
0.063926 1
0.157976 1
0.105936 1
0.504136 1
0.108008 1
0.085982 1
0.135891 1
0.209995 1
0.683081 4
0.130946 4
1.016064 1
0.064016 1
0.722848 1
0.161109 1
0.296037 1
0.173003 2
0.341252 1
0.335750 4
1.355999 1
0.061972 1
0.164841 1
0.467213 1
0.183037 5
2.055356 1
0.189644 1
0.217973 1
0.066356 4
2.549635 1
0.962029 1
0.085182 8
3.474781 1
0.426089 1
0.075462 1
1.046447 1
0.064007 1
0.446047 1
1.405959 1
0.436009 1
0.170182 1
0.199800 1
0.215987 1
0.610008 1
0.048014 1
0.083886 1
0.426135 1
0.399932 4
0.176005 4
1.198040 1
0.096074 1
0.213170 11
0.023195 8
0.000482 891
15.819750 19
0.000058 38
0.065304 22
0.000462 1
1.148650 23
2.556834 25
0.810454 22
0.000063 3
0.151984 25
0.187584 22
0.000523 3
0.217401 25
0.190082 25
0.181896 22
0.000483 3
0.997595 25
0.254032 25
0.085891 25
0.246065 25
1.411307 23
0.311739 23
0.301010 25
2.539842 22
0.000547 3
2.605590 25
0.500074 41
0.139916 27
0.153884 25
0.515483 27
2.612652 28
2.495980 23
0.242006 23
0.260019 23
0.233984 23
0.062287 23
0.071700 23
2.408044 23
0.161982 23
0.113982 23
0.153928 23
0.940112 23
0.799963 23
0.444023 23
0.410003 23
0.098010 23
0.589960 23
1.040060 23
0.241953 23
0.153956 23
0.154087 23
0.063896 23
0.124094 23
0.615991 27
0.099933 28
2.693897 23
0.332162 23
0.311943 22
0.000483 1
0.441573 23
0.254950 23
0.233005 23
0.320058 25
0.177905 23
0.122042 22
0.000424 1
0.290966 23
2.110581 23
0.310051 22
0.000509 1
0.121429 23
0.082111 23
0.229987 22
0.000520 1
1.651442 23
0.354040 23
0.070432 22
0.000059 1
0.157328 23
0.208199 23
0.749970 23
0.163936 22
0.000542 1
0.147882 23
0.093484 23
2.482129 22
0.000034 1
0.237945 22
0.000494 1
0.569545 23
0.037917 23
0.652738 16
0.000480 11
0.124799 28
3.573905 23
0.172622 22
0.000063 1
0.889524 23
0.237956 23
1.222061 22
0.000503 1
1.405405 23
0.083904 23
0.046119 22
0.000493 1
0.175500 23
0.257951 23
0.256300 23
0.279743 23
0.918335 23
0.184811 23
0.249911 23
0.033445 23
0.140866 23
0.241954 23
1.249774 23
0.484959 36
0.241054 23
0.672932 34
0.627261 23
0.240050 23
0.208630 27
0.315541 23
0.447535 22
0.000481 1
1.062460 31
1.093417 27
0.998633 22
0.000504 6
2.843318 23
0.138144 23
0.133933 22
0.000500 1
1.817429 23
0.718122 23
0.802033 22
0.000042 1
0.205902 23
0.155998 23
1.600049 23
0.107838 23
0.120059 22
0.000488 1
0.113600 23
0.288035 23
0.077940 22
0.000481 1
0.397518 23
0.150038 23
0.160569 23
0.131447 23
0.147873 23
0.980119 23
0.483966 23
0.322029 23
0.269947 23
0.810064 23
1.248385 23
0.753636 23
0.101985 23
0.854001 22
0.000504 1
1.037512 23
0.071908 23
0.598028 22
0.000494 1
0.213524 23
0.315993 23
0.216052 22
0.000467 1
1.249533 23
1.005969 23
0.250021 22
0.000456 1
0.103560 23
1.012243 23
0.629734 23
0.646051 23
0.115976 23
0.019951 23
0.784093 27
0.189920 28
3.426226 22
0.000795 1
0.126973 23
0.168028 23
1.101965 23
0.854043 23
0.099966 22
0.000498 1
0.231564 23
0.247924 23
0.282058 22
0.000470 1
0.105333 23
0.476095 23
0.102051 23
1.436032 23
0.069995 23
1.791828 23
0.882214 23
0.061950 23
1.069995 23
0.113864 23
0.214118 23
0.142372 23
0.145477 23
0.792236 23
0.378798 22
0.000039 1
0.581159 23
0.277962 23
0.151886 23
0.450119 23
0.172033 23
0.125820 23
0.312187 23
0.903950 23
0.291990 23
0.213993 23
0.311992 23
0.169905 23
0.330107 22
0.000483 1
0.063485 23
0.444069 23
0.967973 22
0.000461 1
0.617571 23
0.667990 23
0.931997 22
0.000462 1
0.859483 23
1.170075 23
1.125942 22
0.000443 1
0.045526 23
0.330042 23
1.072051 27
2.437961 23
0.675988 22
0.000438 1
2.203447 23
0.306153 23
0.241949 23
0.216064 23
0.176277 23
0.167673 23
0.436013 23
2.704203 22
0.000073 1
0.375705 23
0.117938 23
0.320450 22
0.000095 1
0.545546 23
4.947905 286
3.756202 419
1.146119 55
0.004205 104
0.000210 29
1.791417 40
9.581898 1
0.001861 1
0.154054 1
0.113876 1
0.124014 1
1.896173 1
1.069977 1
0.107983 1
0.560029 4
0.122644 1
2.385825 1
0.091513 1
0.211828 1
0.175060 4
1.827118 1
0.329986 1
0.144457 13
2.001533 11
0.025151 26
0.006927 81
0.003519 29
4.906516 1
0.103803 1
0.104025 1
1.254140 4
0.250285 4
0.034050 4
0.032775 1
0.033011 1
0.033026 1
0.033400 1
0.033402 1
0.033448 1
0.033139 1
0.033397 1
0.033445 1
0.033102 1
2.783462 1
0.105977 1
0.095915 1
0.174071 1
0.132641 1
1.057437 1
0.301913 1
0.099896 1
0.660179 1
0.101978 1
0.177881 1
0.134510 1
1.353606 1
0.342655 4
0.453339 1
0.252418 1
0.127570 1
0.960902 1
1.141129 1
0.069973 1
0.147974 1
0.230024 1
0.270026 1
0.468678 2
0.567330 1
0.165865 1
0.264125 1
0.187886 1
0.300107 4
0.153957 4
0.160024 1
0.131919 1
0.281314 13
0.862757 4
0.250366 4
0.032994 4
0.033051 4
0.033044 4
0.033393 4
0.033482 4
0.581672 4
0.160043 4
0.487445 11
0.109025 152
0.004407 29
7.298386 29
0.133769 1
0.250168 1
0.033420 1
0.033445 1
0.033412 1
0.033044 1
0.033423 1
0.033278 1
0.032982 1
0.033439 1
0.033404 1
0.032998 1
0.035414 1
0.032566 1
0.032952 1
0.032961 1
0.033034 1
0.033023 1
0.033403 1
0.032895 1
0.034205 1
0.033051 1
0.041164 1
0.116499 1
1.036838 5
0.250220 5
0.032949 5
0.032996 5
0.033378 5
0.033038 1
0.032998 1
0.033402 1
0.033000 1
0.033015 1
0.033116 1
0.232192 11
0.094510 152
0.004197 8
0.000063 21
8.776899 1
0.001914 1
0.610072 1
0.091976 1
0.702233 1
0.202235 1
0.096963 1
0.482580 1
0.193990 1
0.169989 1
0.146060 4
0.277946 4
0.170030 4
0.147954 4
0.252021 4
5.402024 1
1.551245 29
0.174135 101
0.109712 48
0.122306 72
0.597808 1
0.250055 1
0.033414 1
0.032997 1
0.033805 1
0.032814 1
0.033010 1
0.033008 1
0.033025 1
0.033061 1
0.033456 1
0.032958 1
0.033009 1
0.033376 1
0.033093 1
0.032965 1
0.033436 1
0.033412 1
0.033063 1
0.032971 1
0.033020 1
0.033114 1
0.033371 1
0.033466 1
0.033393 1
0.033469 1
0.033388 1
0.033450 1
0.035480 1
0.032972 1
0.033442 1
0.033462 1
0.048639 1
0.036091 1
0.031022 1
0.032996 1
0.033405 1
0.032959 1
0.033072 1
0.033067 1
0.033017 1
0.032999 1
0.033506 1
0.032926 1
0.032986 1
0.033052 1
0.124116 5
0.250013 5
0.127081 3
0.286118 3
0.156847 5
0.250346 5
0.033416 5
0.033181 5
0.032992 5
0.033022 5
0.032989 5
0.033363 1
0.033484 1
0.032984 1
0.033406 1
0.033011 1
0.759782 5
0.085974 5
0.173954 5
0.122009 9
1.145831 11
0.001948 232
68.760280 1
0.092048 1
0.135876 1
0.212095 1
0.115803 1
0.416154 1
0.430032 1
0.137939 1
0.196161 1
0.189938 1
0.253929 1
0.417987 1
0.264031 1
0.204170 1
0.739780 1
0.644001 1
0.143915 1
0.105992 1
0.126004 1
0.426081 1
0.121924 1
0.340118 1
0.255989 1
0.324007 1
0.021993 1
0.236623 4
1.911463 1
0.415917 1
0.610349 8
1.639819 11
0.019066 1
0.315800 2523
0.039627 8
0.000683 21
170.668124 1
0.192461 1969
0.237553 98
0.005067 1871
124.281662 1
0.001878 1
0.091502 1
1.016566 1
0.095902 1
1.634619 1
0.079463 1
0.255996 1
0.144167 1
0.207817 1
0.092297 1
0.347754 1
0.345932 1
0.130113 1
0.893928 1
1.152087 1
0.217380 3
1.476552 1
0.149747 1
0.833591 1
0.217613 1
0.273086 1
0.503901 1
1.934325 1
0.095580 1
0.251433 1
0.265009 1
0.239981 1
0.285748 1
0.085851 1
2.015167 11
0.012324 8
0.000472 21
0.465376 30
0.326811 4
0.306378 4
0.147570 4
0.125965 4
0.107988 4
0.222089 4
0.264191 4
1.999780 1
0.086371 1
0.173577 1
0.186312 1
0.199741 1
0.281728 11
0.012050 8
0.000098 21
3.742237 1
0.299875 1
0.129888 1
0.118403 1
0.135807 1
0.596239 1
0.069614 1
0.462131 1
0.301997 1
0.588021 1
0.151951 1
0.121871 1
0.889234 1
0.547221 1
0.033851 1
0.385825 1
0.664091 1
0.952010 1
0.491811 1
0.744061 1
0.166038 1
0.239968 1
1.061730 1
0.496387 1
0.315926 1
0.157961 1
0.288267 1
1.254194 1
0.307739 1
0.235458 1
0.094218 1
0.402126 1
0.335982 1
0.240306 1
0.427708 1
2.004121 1
0.128504 1
0.781433 1
0.068183 1
0.653703 1
0.746175 1
0.443995 1
0.370169 1
0.201748 1
0.459973 1
0.187981 1
0.097908 1
0.310323 1
0.737884 4
0.167914 4
0.199984 4
0.220101 4
0.823906 1
0.226136 1
0.068213 1
0.119663 1
3.007993 1
0.522007 1
0.183886 1
0.222114 1
0.982056 1
0.934044 1
0.185843 1
1.019122 1
2.382901 1
0.444086 1
0.363965 1
0.007905 1
0.526205 4
0.123804 4
0.091984 1
0.074044 1
0.229470 1
0.318490 4
0.210047 6
2.562131 1
0.449935 1
0.471949 1
0.091990 1
0.502118 1
0.476076 1
2.981897 1
0.315920 1
0.256014 1
0.121923 1
1.202160 1
0.233917 1
0.248038 1
0.141884 1
0.154164 1
0.921879 1
0.539999 4
0.750075 1
0.333967 1
0.172177 1
2.577917 4
2.854671 3
0.715295 4
0.240300 1
0.973658 1
0.219947 1
0.220389 1
1.003662 1
0.442365 1
2.019711 1
0.115874 1
0.154052 1
0.158450 3
1.993532 1
0.385972 1
0.113821 8
2.968548 1
0.249656 1
0.035953 1
0.542041 1
0.004615 1
1.133516 1
1.501905 1
0.143887 1
0.102009 1
0.832371 1
0.157893 1
0.295813 4
0.151975 4
0.139994 4
0.065875 1
0.192084 1
1.702111 1
0.990077 1
0.093878 1
0.206159 1
0.041815 1
0.242156 1
3.557899 1
4.924254 1
0.467807 1
0.317895 1
0.744149 1
0.044224 1
1.565694 1
0.557955 1
0.104420 1
0.309228 1
2.100412 3
1.283821 3
0.102197 3
0.252496 7
0.147451 7
0.121944 3
0.084049 3
2.095944 7
0.120001 7
0.184079 3
0.087983 3
1.747848 3
1.394122 3
0.540023 3
0.488529 3
0.073461 3
0.446203 480
0.445817 3
0.301981 3
0.158002 3
0.242050 3
0.229935 3
0.206401 3
6.629041 11
0.013883 1
0.000662 1
0.000628 1
0.000080 1
0.000090 1
0.000029 1
0.000060 1
0.000045 1
0.000026 1
0.000027 1
0.000019 1
0.000020 1
0.000023 2
0.000057 2
0.000026 2
0.000024 1
0.000024 2
0.000023 2
0.000055 3
0.000357 1
0.030880 247
0.000373 1
0.000842 1
0.000035 1
0.000029 1
0.000030 1
0.000029 1
0.000029 1
0.000029 1
0.000091 1
0.002404 1
0.000379 1
0.000046 1
0.000403 1
0.002213 1
0.000051 1
0.000314 1
0.000029 1
0.000029 1
0.000030 1
0.000075 1
0.000082 1
0.000324 1
0.000048 1
0.000031 1
0.000028 1
0.000030 1
0.000028 1
0.000028 1
0.000028 1
0.000072 1
0.000028 1
0.000313 1
0.000030 1
0.000029 1
0.000048 1
0.000029 1
0.000028 1
0.000090 1
0.001950 1
0.000471 1
0.002200 1
0.000329 1
0.000042 1
0.000029 1
0.000028 1
0.000030 1
0.000515 1
0.000038 1
0.000779 1
0.000035 1
0.000032 1
0.000032 1
0.000030 1
0.000032 1
0.000035 1
0.000101 1
0.002394 1
0.000361 1
0.000372 1
0.000046 1
0.000028 1
0.000091 1
0.002236 1
0.000109 1
0.001896 1
0.000471 1
0.000032 1
0.000047 1
0.000029 1
0.000092 1
0.002259 1
0.000365 1
0.000356 1
0.000396 1
0.001616 1
0.000609 1
0.000032 1
0.000032 1
0.000031 1
0.000032 1
0.000035 1
0.000035 1
0.000029 1
0.000031 1
0.000029 1
0.000029 1
0.000032 1
0.000033 1
0.000029 1
0.000093 1
0.002043 1
0.000382 1
0.000031 1
0.000031 1
0.000032 1
0.000031 1
0.000091 1
0.002269 1
0.000543 1
0.000613 1
0.000069 1
0.000092 1
0.002312 1
0.000051 1
0.000361 1
0.000091 1
0.002237 1
0.000340 1
0.000399 1
0.000045 1
0.000361 1
0.000030 1
0.000030 1
0.000028 1
0.000029 1
0.000044 1
0.000029 1
0.000028 1
0.002432 1
0.002719 1
0.000597 1
0.000154 1
0.000442 1
0.004764 1
0.000168 1
0.000532 1
0.000052 1
0.000029 1
0.000031 1
0.000028 1
0.000028 1
0.000054 1
0.000029 1
0.000028 1
0.000028 1
0.000032 1
0.000028 1
0.000089 1
0.001844 1
0.001417 1
0.000033 1
0.000029 1
0.000050 1
0.000339 1
0.000098 1
0.003258 1
0.000448 1
0.000089 1
0.000030 1
0.000029 1
0.000028 1
0.000028 1
0.000404 1
0.004111 1
0.000449 1
0.000768 1
0.000053 1
0.000031 1
0.000045 1
0.000341 1
0.002451 1
0.000051 1
0.000047 1
0.000029 1
0.000028 1
0.000031 1
0.000029 1
0.000030 1
0.000030 1
0.000490 1
0.000032 1
0.000029 1
0.000030 1
0.000029 1
0.000032 1
0.000032 1
0.000028 1
0.000028 1
0.000028 1
0.000028 1
0.000042 1
0.000529 1
0.002304 1
0.000046 1
0.000030 1
0.000029 1
0.000027 1
0.000085 1
0.001943 1
0.000430 1
0.000029 1
0.000033 1
0.000087 1
0.001962 1
0.000375 1
0.000029 1
0.000028 1
0.000049 1
0.000029 1
0.000073 1
0.000032 1
0.000030 1
0.000090 1
0.000451 1
0.000117 1
0.002466 1
0.000263 1
0.001587 9
0.002024 1
0.000448 1
0.000051 1
0.000030 1
0.000027 1
0.000030 1
0.000027 1
0.000027 1
0.000027 1
0.000028 1
0.000026 1
0.000087 1
0.002457 1
0.000373 1
0.000047 1
0.000432 1
0.002550 1
0.000592 1
0.000050 1
0.000028 1
0.000438 1
0.002136 1
0.000326 1
0.000031 1
0.000027 1
0.000028 1
0.000027 1
0.000080 1
0.000027 1
0.000030 1
0.000452 1
0.000030 1
0.000078 1
0.000029 1
0.000027 1
0.000027 1
0.000030 1
0.000027 1
0.000086 1
0.002566 1
0.000432 1
0.000052 1
0.000045 1
0.000107 1
0.002177 1
0.000047 1
0.000088 1
0.002272 1
0.000673 1
0.000077 1
0.000030 1
0.000028 1
0.000029 1
0.000027 1
0.000090 1
0.002014 1
0.000404 1
0.000109 1
0.001893 1
0.000548 1
0.000034 1
0.000030 1
0.000031 1
0.000110 1
0.000031 1
0.000028 1
0.000029 1
0.000031 1
0.000054 1
0.000069 1
0.000515 1
0.000048 1
0.000031 1
0.000031 1
0.000092 1
0.002203 1
0.000386 1
0.000105 1
0.001998 1
0.000604 1
0.000040 2
0.000023 1
0.000023 1
0.000141 1
0.001982 1
0.000431 1
0.001993 2
0.000436 1
0.000096 1
0.002191 1
0.000052 1
0.000398 2
0.001934 1
0.000443 1
0.000089 1
0.002171 1
0.000352 1
0.000368 2
0.000311 2
0.000070 2
0.000023 1
0.000022 1
0.000056 2
0.001144 1
0.001323 1
0.000556 1
0.002325 1
0.000343 1
0.000047 1
0.000028 1
0.000028 1
0.000400 1
0.002083 1
0.000376 1
0.000030 1
0.000038 1
0.000087 1
0.002410 1
0.000061 1
0.000028 1
0.000030 1
0.000028 1
0.000028 1
0.000088 1
0.002192 1
0.000355 1
0.000067 1
0.000029 1
0.000027 1
0.000043 1
0.000027 1
0.000027 1
0.000395 1
0.002542 1
0.000084 1
0.000023 2
0.000033 1
0.000034 2
0.000512 2
0.000429 2
0.001969 5
0.001161 1
0.000343 1
0.000036 1
0.000029 1
0.000030 1
0.000028 1
0.000087 1
0.002994 1
0.000085 1
0.000029 1
0.000031 1
0.000028 1
0.000349 1
0.000109 1
0.002077 1
0.000377 1
0.000030 1
0.000029 1
0.000029 1
0.000028 1
0.000027 1
0.000062 1
0.000028 1
0.000436 1
0.002279 1
0.000524 1
0.000080 1
0.000498 1
0.000036 1
0.000031 1
0.000030 1
0.000031 1
0.000029 1
0.000029 1
0.000042 1
0.000028 1
0.000028 1
0.000028 1
0.000030 1
0.000027 1
0.000610 1
0.000035 1
0.000081 1
0.000032 1
0.000027 1
0.000087 1
0.002020 1
0.000373 1
0.000029 1
0.000038 2
0.000033 2
0.000031 1
0.000027 1
0.000027 1
0.000033 2
0.000023 1
0.000025 1
0.000033 2
0.000326 1
0.000047 2
0.000034 1
0.000035 2
0.000022 1
0.000101 1
0.000046 1
0.001991 1
0.000336 2
0.000089 1
0.002012 1
0.000448 1
0.001953 1
0.000476 1
0.000119 1
0.002295 1
0.000051 1
0.000028 1
0.000088 1
0.002146 1
0.000425 1
0.002123 1
0.000551 1
0.000063 1
0.000029 1
0.000028 1
0.000100 1
0.000416 1
0.001898 1
0.000319 1
0.000030 1
0.000028 1
0.000027 1
0.000086 1
0.002138 1
0.000506 1
0.000036 1
0.000090 1
0.002021 1
0.000392 1
0.000032 2
0.000037 1
0.000075 3
0.000027 1
0.000037 2
0.000401 2
0.002151 1
0.000044 1
0.000327 1
0.000034 2
0.000022 1
0.000085 2
0.002263 1
0.000064 1
0.001969 2
0.000420 1
0.000024 1
0.000089 1
0.002118 1
0.000335 1
0.000043 1
0.000340 1
0.000028 1
0.000028 1
0.000028 1
0.000030 1
0.000027 1
0.000029 1
0.000087 1
0.001815 1
0.000341 1
0.000030 1
0.000027 1
0.000028 1
0.000027 1
0.000069 1
0.000027 1
0.000028 1
0.000028 1
0.000029 1
0.000338 1
0.000283 1
0.005248 31
0.001289 1
0.000643 1
0.000055 1
0.000033 1
0.000031 1
0.000033 1
0.000029 1
0.000031 1
0.000030 1
0.000033 1
0.000918 1
0.002589 1
0.000084 1
0.000548 1
0.001938 1
0.000420 1
0.000031 1
0.000030 1
0.000087 1
0.002615 1
0.000446 1
0.000415 1
0.000049 1
0.000038 2
0.000745 1
0.002131 1
0.000592 1
0.000067 1
0.000031 1
0.000027 1
0.000031 1
0.000027 1
0.000605 1
0.000071 1
0.000064 1
0.000037 1
0.000024 1
0.000090 1
0.002210 1
0.000046 1
0.002423 2
0.000516 1
0.000541 1
0.000050 1
0.000088 1
0.002167 1
0.000372 1
0.000395 1
0.000046 1
0.000366 1
0.000029 1
0.000033 1
0.000028 1
0.000027 1
0.000032 1
0.000027 1
0.000086 1
0.001881 1
0.000402 1
0.000028 1
0.000029 1
0.000054 1
0.000029 1
0.000028 1
0.000028 1
0.000027 1
0.000027 1
0.000417 1
0.001948 1
0.000515 1
0.000030 1
0.000061 1
0.000028 1
0.000028 1
0.000028 1
0.000028 1
0.000030 1
0.000032 1
0.000028 1
0.000092 1
0.002304 1
0.000060 1
0.000367 1
0.000090 1
0.001868 1
0.000380 1
0.000029 1
0.000028 1
0.000031 1
0.000028 1
0.000027 1
0.000030 1
0.000029 1
0.000028 1
0.000028 1
0.000027 1
0.000499 1
0.001918 1
0.000459 1
0.000028 1
0.000037 1
0.000030 1
0.000030 1
0.000030 1
0.000087 1
0.000028 1
0.000028 1
0.000028 1
0.000027 1
0.000417 1
0.000030 1
0.000027 1
0.000028 1
0.000027 1
0.000027 1
0.000053 1
0.000030 1
0.000027 1
0.000028 1
0.000028 1
0.000420 2
0.002106 1
0.000045 1
0.000331 1
0.000088 1
0.003811 1
0.000083 1
0.000023 1
0.000030 1
0.000027 1
0.000028 1
0.000034 1
0.000041 1
0.000027 1
0.000028 1
0.000056 1
0.000028 1
0.000395 1
0.000032 1
0.000027 1
0.000030 1
0.000027 1
0.000027 1
0.000042 1
0.000027 1
0.000027 1
0.000086 1
0.001815 1
0.000371 1
0.000028 1
0.000028 1
0.000089 1
0.002485 1
0.000530 1
0.000050 1
0.000343 1
0.000028 1
0.000028 1
0.000028 1
0.000028 1
0.000087 1
0.001859 1
0.000340 1
0.000028 1
0.000029 1
0.000028 1
0.000027 1
0.000027 1
0.000033 1
0.000027 1
0.000367 1
0.001843 1
0.000449 1
0.000081 1
0.000090 1
0.002160 1
0.000390 1
0.001799 1
0.000337 1
0.000040 1
0.000027 1
0.000027 1
0.000027 1
0.000031 1
0.000319 1
0.000034 1
0.000087 1
0.002135 1
0.000044 1
0.000364 1
0.002204 1
0.000403 1
0.000385 1
0.000056 1
0.000320 1
0.000036 1
0.000029 1
0.000028 1
0.000031 1
0.000024 1
0.000028 1
0.000027 1
0.000027 1
0.000027 1
0.000035 2
0.000423 1
0.002365 1
0.000514 2
0.000092 1
0.002276 1
0.000070 1
0.000089 1
0.002217 1
0.000507 1
0.000392 2
0.000059 2
0.000036 2
0.000036 2
0.000583 2
0.000098 2
0.002220 1
0.000455 1
0.000620 1
0.000013 2
0.000111 2
0.001990 1
0.000425 2
0.000024 1
0.000022 1
0.000071 1
0.000028 1
0.000023 1
0.000028 1
0.000115 3
0.002286 1
0.000067 2
0.000036 1
0.001968 2
0.000664 1
0.000026 1
0.000087 1
0.002839 1
0.000431 1
0.000092 1
0.000034 1
0.000029 1
0.000087 1
0.001877 1
0.000427 1
0.000028 1
0.000029 1
0.000027 1
0.000027 1
0.000029 1
0.000086 1
0.002439 1
0.000056 1
0.000028 1
0.006704 18
0.001583 1
0.000516 1
0.000509 1
0.000465 1
0.000518 1
0.000061 1
0.000032 1
0.000028 1
0.000564 1
0.001855 1
0.000394 1
0.000030 1
0.000029 1
0.000091 1
0.002827 1
0.000461 1
0.000031 1
0.000029 1
0.000028 1
0.000088 1
0.002468 1
0.000376 1
0.000514 1
0.000056 1
0.000032 1
0.000027 1
0.000088 1
0.002267 1
0.000058 1
0.000028 1
0.000029 1
0.000029 1
0.000027 1
0.000391 1
0.000110 1
0.002187 1
0.000056 1
0.000376 1
0.000056 1
0.000029 1
0.000028 1
0.000032 1
0.000023 1
0.000029 1
0.000021 1
0.000021 1
0.000085 1
0.002595 1
0.000536 1
0.002436 1
0.000064 1
0.000025 1
0.000030 1
0.000028 1
0.000028 1
0.000034 1
0.000027 1
0.000089 1
0.001959 1
0.000407 1
0.000029 1
0.000028 1
0.000028 1
0.000029 1
0.000029 1
0.000028 1
0.000027 1
0.000027 1
0.000028 1
0.000028 1
0.000028 1
0.000553 1
0.000037 1
0.000088 1
0.002632 1
0.000421 1
0.000046 1
0.000521 1
0.000029 1
0.000027 1
0.000046 1
0.000028 1
0.000028 1
0.000027 1
0.000085 1
0.000027 1
0.000029 1
0.000030 1
0.000027 1
0.000088 1
0.002345 1
0.000049 1
0.000458 1
0.000085 1
0.002623 1
0.000119 1
0.000041 2
0.002342 2
0.000053 1
0.000447 1
0.000031 1
0.000029 1
0.000028 1
0.000028 1
0.000028 1
0.000027 1
0.000028 1
0.000029 1
0.000028 1
0.000027 1
0.000027 1
0.000027 1
0.000028 1
0.000416 1
0.000051 1
0.000050 1
0.000028 1
0.000034 1
0.000031 1
0.000028 1
0.000045 1
0.000027 1
0.000031 1
0.000029 1
0.000432 1
0.000049 1
0.000030 1
0.000087 1
0.002720 1
0.000412 1
0.000044 1
0.000029 1
0.000027 1
0.000855 1
0.001928 1
0.000455 1
0.000030 1
0.000089 1
0.002197 1
0.000452 1
0.001931 1
0.000052 1
0.000030 1
0.000384 1
0.000035 1
0.000051 1
0.000035 1
0.000027 1
0.000027 1
0.000038 1
0.000027 1
0.000028 1
0.000345 1
0.002681 1
0.000505 1
0.000032 1
0.000076 1
0.000027 1
0.000029 1
0.000028 1
0.000027 1
0.000033 1
0.000028 1
0.000028 1
0.000028 1
0.000028 1
0.000548 1
0.000048 1
0.000090 1
0.002237 1
0.000052 1
0.000483 1
0.002254 1
0.000419 1
0.000491 1
0.000046 1
0.000028 1
0.000027 1
0.000087 1
0.002203 1
0.000048 1
0.000409 1
0.000034 1
0.000029 1
0.000028 1
0.000029 1
0.000029 1
0.000029 1
0.000029 1
0.000087 1
0.002261 1
0.000423 1
0.000070 1
0.000028 1
0.000028 1
0.000029 1
0.000029 1
0.000028 1
0.000029 1
0.000460 1
0.002221 1
0.000047 1
0.000497 1
0.000036 1
0.000032 1
0.000030 1
0.000028 1
0.000027 1
0.000075 1
0.000027 1
0.000027 1
0.000034 1
0.000030 1
0.000501 1
0.000029 1
0.000029 1
0.000027 1
0.000033 1
0.000028 1
0.000028 1
0.000027 1
0.000029 1
0.000027 1
0.000030 1
0.000027 1
0.000028 1
0.000027 1
0.000028 1
0.000031 1
0.000027 1
0.000486 1
0.001932 1
0.000479 1
0.000031 1
0.000088 1
0.003321 1
0.000103 1
0.000030 1
0.001093 1
0.001914 1
0.000467 1
0.000041 1
0.000027 1
0.000028 1
0.000027 1
0.000029 1
0.000028 1
0.000028 1
0.000028 1
0.000027 1
0.000031 1
0.000029 1
0.000027 1
0.000023 1
0.000023 1
0.000021 1
0.000380 1
0.000037 1
0.000038 2
0.000038 2
0.000022 1
0.000081 1
0.002175 1
0.000449 1
0.000032 1
0.002315 2
0.000410 1
0.000462 1
0.000054 1
0.000027 1
0.000579 1
0.001972 1
0.000437 1
0.000031 1
0.000028 1
0.000034 1
0.000028 1
0.000027 1
0.000028 1
0.000027 1
0.000087 1
0.002239 1
0.000060 1
0.000451 1
0.000036 1
0.000029 1
0.000065 1
0.000027 1
0.000028 1
0.000027 1
0.000028 1
0.000028 1
0.000028 1
0.000028 1
0.000028 1
0.000028 1
0.000538 1
0.001893 1
0.000460 1
0.000028 1
0.000088 1
0.002295 1
0.000061 1
0.000502 1
0.000106 1
0.002205 1
0.000059 1
0.000389 1
0.000030 1
0.000234 1
0.000036 1
0.001949 1
0.000127 1
0.001970 1
0.000444 1
0.000091 1
0.002355 1
0.000056 1
0.000029 1
0.000040 1
0.000028 1
0.000028 1
0.000027 1
0.000028 1
0.000027 1
0.000087 1
0.002177 1
0.001986 2
0.000447 1
0.000476 1
0.000089 1
0.000030 1
0.000061 1
0.000041 1
0.000029 1
0.000030 1
0.000030 1
0.000029 1
0.000030 1
0.001577 1
0.000050 1
0.000031 1
0.000028 1
0.000027 1
0.000028 1
0.000035 1
0.000027 1
0.000027 1
0.000029 1
0.000026 1
0.000028 1
0.000027 1
0.000028 1
0.000029 1
0.000027 1
0.000027 1
0.000028 1
0.000086 1
0.002567 1
0.000071 1
0.000030 1
0.000533 1
0.000048 1
0.000028 1
0.000028 1
0.000027 1
0.000034 1
0.000088 1
0.001940 1
0.000417 1
0.000032 1
0.000028 1
0.000028 1
0.000088 1
0.001890 1
0.000496 1
0.003318 1
0.000462 1
0.000052 1
0.000028 1
0.000028 1
0.000027 1
0.000028 1
0.000027 1
0.000057 1
0.000027 1
0.000027 1
0.000088 1
0.002453 1
0.000552 1
0.000100 1
0.000035 1
0.000058 1
0.000028 1
0.000028 1
0.000088 1
0.002251 1
0.000046 1
0.000025 1
0.001716 1
0.001196 1
0.000096 1
0.000030 1
0.000044 1
0.000521 1
0.000038 1
0.000028 1
0.000028 1
0.000029 1
0.000030 1
0.000028 1
0.000027 1
0.000028 1
0.000043 1
0.000028 1
0.000087 1
0.002700 1
0.000508 1
0.000060 1
0.000661 1
0.002224 1
0.000430 1
0.000136 1
0.002257 1
0.000406 1
0.000503 1
0.000107 1
0.003691 1
0.000462 1
0.000055 1
0.000029 1
0.000085 1
0.002370 1
0.000061 1
0.002137 2
0.000097 2
0.000028 1
0.000022 1
0.000029 1
0.000027 1
0.000037 2
0.000035 1
0.000060 2
0.000015 1
0.000027 1
0.000085 1
0.003070 1
0.000697 1
0.001355 1
0.000099 2
0.003114 1
0.000081 1
0.000120 4
0.004621 1
0.027037 42
0.002546 1
0.003285 18
0.002666 1
0.000207 1
0.003205 1
0.000433 1
0.000062 1
0.000071 1
0.000028 1
0.000035 2
0.000022 1
0.000082 1
0.002340 1
0.000475 1
0.000457 2
0.001495 1
0.045004 124
0.000024 3
0.003926 1
0.018186 91
0.001167 1
0.000703 1
0.002865 1
0.000040 1
0.000028 1
0.000030 1
0.000027 1
0.000029 1
0.000069 1
0.000027 1
0.000086 1
0.001949 1
0.000440 1
0.000059 1
0.000030 1
0.000544 1
0.000076 1
0.000036 1
0.000029 1
0.000029 1
0.000028 1
0.000027 1
0.000027 1
0.000030 1
0.000088 1
0.002882 1
0.000274 1
0.000480 1
0.000070 1
0.000039 1
0.000466 1
0.003767 1
0.000074 1
0.000029 1
0.000544 1
0.002968 1
0.001268 1
0.001906 1
0.000495 1
0.000474 1
0.000085 1
0.000034 1
0.000628 1
0.004007 1
0.019119 88
0.001694 1
0.000129 1
0.002326 1
0.000067 1
0.000479 1
0.000030 1
0.000029 1
0.000061 1
0.000091 1
0.002154 1
0.000952 1
0.000030 1
0.000029 1
0.000028 1
0.000032 1
0.000090 1
0.001942 1
0.000485 1
0.000030 1
0.000052 1
0.000027 1
0.000039 1
0.000027 1
0.000027 1
0.000033 1
0.000088 1
0.002322 1
0.000056 1
0.000476 1
0.000030 1
0.000029 1
0.000030 1
0.000028 1
0.000027 1
0.000030 1
0.000028 1
0.000027 1
0.000087 1
0.002611 1
0.000556 1
0.000052 1
0.000029 1
0.000690 1
0.002284 1
0.000058 1
0.000496 1
0.000033 1
0.000028 1
0.000028 1
0.000032 1
0.000027 1
0.000028 1
0.000087 1
0.001842 1
0.000399 1
0.000029 1
0.000027 1
0.000027 1
0.000309 1
0.001314 1
0.000030 1
0.000029 1
0.000089 1
0.002303 1
0.000058 1
0.001260 1
0.001216 1
0.000382 1
0.000029 1
0.000032 1
0.000087 1
0.002260 1
0.000462 1
0.000123 1
0.001925 1
0.000394 1
0.000029 1
0.000027 1
0.000028 1
0.000027 1
0.000028 1
0.000088 1
0.002242 1
0.000424 1
0.000508 1
0.001898 1
0.000039 1
0.000028 1
0.000028 1
0.000028 1
0.000027 1
0.000060 1
0.000027 1
0.000028 1
0.000503 1
0.002287 1
0.000113 1
0.002048 1
0.000389 1
0.000023 1
0.000087 1
0.002254 1
0.000052 1
0.000428 2
0.000045 2
0.000020 1
0.000031 1
0.000035 3
0.000035 1
0.000022 1
0.000093 2
0.000015 1
0.001872 1
0.000544 2
0.003013 1
0.001214 2
0.000020 1
0.000052 3
0.000035 2
0.000038 1
0.000036 1
0.000023 1
0.000044 2
0.000086 2
0.002210 1
0.000454 1
0.000125 2
0.001917 1
0.001968 2
0.000381 1
0.000084 1
0.002300 1
0.000055 1
0.000435 1
0.000092 1
0.002201 1
0.000359 1
0.000473 1
0.000068 1
0.000030 1
0.000028 1
0.000482 1
0.000064 1
0.000028 1
0.000088 1
0.002256 1
0.000439 1
0.000476 1
0.000107 1
0.002218 1
0.000387 1
0.000447 1
0.000043 1
0.000571 1
0.002302 1
0.000429 1
0.000047 1
0.000569 1
0.000028 1
0.000087 1
0.000029 1
0.000027 1
0.000027 1
0.000088 1
0.001914 1
0.000426 1
0.000090 1
0.002177 1
0.000370 1
0.000481 1
0.000105 1
0.002268 1
0.000049 1
0.000433 1
0.000029 1
0.000030 1
0.000029 1
0.000028 1
0.000028 1
0.000028 1
0.000029 1
0.000031 1
0.000028 1
0.000030 1
0.000028 1
0.000027 1
0.000028 1
0.000571 1
0.001852 1
0.000407 1
0.000029 1
0.000033 1
0.000028 1
0.000087 1
0.001986 1
0.000379 1
0.000030 1
0.000042 1
0.000029 1
0.000028 1
0.000033 1
0.000028 1
0.000029 1
0.002159 2
0.001030 1
0.002295 1
0.000409 1
0.000048 1
0.000031 1
0.000505 1
0.000029 1
0.000088 1
0.002204 1
0.000415 1
0.000432 1
0.000042 1
0.000028 1
0.000087 1
0.002018 1
0.000495 1
0.000031 1
0.000088 1
0.001922 1
0.000399 1
0.000029 1
0.000028 1
0.000028 1
0.000027 1
0.000028 1
0.000029 1
0.000027 1
0.000032 1
0.000088 1
0.002240 1
0.000049 1
0.000031 1
0.000377 1
0.000049 1
0.000095 1
0.002278 1
0.000455 1
0.001915 1
0.000049 1
0.000411 1
0.000029 1
0.000027 1
0.000029 1
0.000028 1
0.000028 1
0.000052 1
0.000034 1
0.000027 1
0.000028 1
0.000028 1
0.000028 1
0.000030 1
0.000462 1
0.002309 1
0.000058 1
0.000028 1
0.000089 1
0.002198 1
0.000366 1
0.000512 1
0.000045 1
0.000028 1
0.000028 1
0.000028 1
0.000544 1
0.000030 1
0.000028 1
0.000027 1
0.000028 1
0.000030 1
0.000028 1
0.000027 1
0.000088 1
0.002190 1
0.000456 1
0.000491 1
0.000044 1
0.000028 1
0.000100 2
0.002259 1
0.000040 1
0.000025 1
0.000033 1
0.000431 2
0.002188 1
0.000466 2
0.000645 1
0.000041 1
0.003790 2
0.000501 1
0.002036 1
0.000458 1
0.000568 2
0.000032 1
0.000037 2
0.000026 1
0.000099 2
0.000017 1
0.002686 1
0.000530 1
0.000037 1
0.000469 2
0.000019 1
0.000032 1
0.000030 1
0.000091 1
0.002388 1
0.000056 1
0.000450 3
0.000112 2
0.002318 1
0.001586 1
0.003437 2
0.000676 2
0.001322 1
0.000032 1
0.000056 1
0.000028 1
0.000027 1
0.000027 1
0.000050 1
0.000028 1
0.000027 1
0.000028 1
0.000027 1
0.000029 1
0.000046 1
0.000027 1
0.000027 1
0.000027 1
0.000026 1
0.000027 1
0.000028 1
0.000046 1
0.000028 1
0.000053 1
0.000027 1
0.000028 1
0.000028 1
0.000047 1
0.000027 1
0.000027 1
0.000046 1
0.000027 1
0.000026 1
0.000027 1
0.000027 1
0.000048 1
0.000027 1
0.000027 1
0.000027 1
0.000047 1
0.000027 1
0.000521 1
0.000029 1
0.000028 1
0.000027 1
0.000027 1
0.000026 1
0.000027 1
0.000027 1
0.000026 1
0.000028 1
0.000026 1
0.000027 1
0.000026 1
0.000027 1
0.000026 1
0.000027 1
0.000026 1
0.000028 1
0.000483 1
0.000048 1
0.000027 1
0.000027 1
0.000027 1
0.000026 1
0.000029 1
0.000073 1
0.000028 1
0.000046 1
0.000027 1
0.000026 1
0.000027 1
0.000027 1
0.000027 1
0.000545 1
0.000029 1
0.000050 1
0.000027 1
0.000028 1
0.000048 1
0.000028 1
0.000027 1
0.000027 1
0.000027 1
0.000027 1
0.000027 1
0.000027 1
0.000616 1
0.000036 1
0.000028 1
0.000028 1
0.000026 1
0.000028 1
0.000055 1
0.000021 1
0.000040 1
0.000027 1
0.000022 1
0.000021 1
0.000020 1
0.000025 2
0.000025 2
0.000020 1
0.000030 2
0.000026 2
0.000960 2
0.000066 2
0.000027 1
0.000027 1
0.000052 2
0.000040 3
0.000025 2
0.000038 3
0.000037 3
0.000026 2
0.000057 3
0.000023 1
0.000029 2
0.000056 3
0.000420 2
0.000032 4
0.000078 4
0.000022 1
0.000025 2
0.000030 2
0.000038 3
0.000059 3
0.000027 2
0.000267 1
0.001487 31
0.000098 5
0.000038 3
0.000047 2
0.000028 1
0.000033 1
0.000058 4
0.000023 1
0.000515 1
0.000051 1
0.000069 5
0.000023 1
0.000044 1
0.000022 1
0.000025 1
0.000026 2
0.000043 2
0.000027 1
0.000033 2
0.000039 3
0.000027 2
0.000501 3
0.000055 1
0.000026 1
0.000028 1
0.000034 3
0.000074 4
0.000028 2
0.000026 2
0.000039 3
0.000045 1
0.000509 1
0.000086 3
0.000032 1
0.000041 3
0.000043 2
0.000027 1
0.000032 2
0.000025 2
0.000045 2
0.000027 1
0.000044 1
0.000479 2
0.000061 2
0.000027 1
0.000023 1
0.000050 1
0.000036 2
0.000033 4
0.000025 1
0.000040 3
0.000057 3
0.000483 2
0.000071 4
0.000025 2
0.000025 2
0.000034 3
0.000049 1
0.000026 1
0.000028 1
0.000025 2
0.000038 3
0.000044 2
0.000030 1
0.000456 1
0.000403 6
0.016302 196
0.002750 1
0.001983 1
0.000377 2
0.017209 7
0.008618 8
0.000682 21
2.485766 1
0.103958 1
0.155975 1
0.149940 1
0.076161 1
1.125912 1
0.111994 1
0.071956 1
0.606018 4
0.144065 4
0.116150 4
1.411925 1
0.135818 1
0.458067 1
0.092103 1
0.179828 1
0.160198 1
1.685922 1
0.117926 1
0.136005 1
0.204106 1
0.716171 1
0.289776 1
0.151924 1
0.240092 1
0.163983 1
0.756095 1
0.168285 1
0.065964 1
0.317650 1
0.763979 1
0.113731 1
0.566375 1
0.147214 1
1.020763 4
0.120038 4
0.125860 4
0.118006 4
0.119158 4
0.118797 4
0.156098 1
0.161994 1
0.114352 1
0.421182 1
1.058675 1
0.079377 7
2.018640 1
0.089972 1
0.539190 1
0.758684 1
0.365892 1
0.101994 1
0.146624 1
1.093374 1
2.416498 1
0.471544 1
0.063943 1
0.490061 1
4.020606 11
0.009051 8
0.000083 21
8.938282 1
0.011980 1
0.092060 1
0.169061 1
0.135059 1
0.272338 1
0.121744 1
0.046573 1
0.203361 1
0.207766 1
0.486064 4
0.139966 4
0.130106 1
0.116057 1
0.885915 1
0.800215 1
0.209679 1
0.240069 1
0.152262 1
0.511807 1
0.131933 1
0.111781 1
0.286177 1
2.954037 1
0.069554 7
1.750481 1
0.079156 1
2.270767 1
0.806250 1
0.134797 1
0.467279 1
0.569640 1
0.175391 1
1.818573 1
0.164045 1
0.098043 1
3.448068 1
5.864068 1
0.089852 1
0.072241 1
0.255709 1
0.909150 11
0.015808 50
0.003426 849
30.083932 57
0.053907 23
0.377090 23
2.269767 25
0.513165 25
0.184222 25
0.181752 25
0.187922 22
0.000488 3
0.123540 25
0.111800 25
2.800173 22
0.000507 3
0.272012 25
0.131524 22
0.000508 3
0.339540 25
0.099986 25
1.213992 25
0.485975 28
0.430017 22
0.000496 3
1.071469 28
1.135911 41
0.504539 25
2.167552 25
0.151950 27
0.153773 22
0.000138 3
2.435424 27
0.258102 22
2.076725 28
0.877820 22
0.000486 1
0.233547 23
0.159940 23
0.228159 22
0.000472 1
0.095454 23
0.156003 23
0.399874 22
0.000528 1
0.181855 23
0.207796 22
0.000494 1
0.105297 23
0.810101 23
0.980460 22
0.000186 1
0.383500 23
0.363990 23
0.103071 22
0.000132 1
0.470763 23
1.128236 23
0.253779 23
0.163940 23
0.140448 22
0.000084 1
0.119880 23
0.159539 22
0.000495 1
0.717668 27
0.067930 28
2.841949 23
0.226001 23
0.087823 22
0.000563 1
0.213671 23
0.218033 23
0.117828 23
0.125930 23
0.260123 23
0.458117 23
0.215242 23
0.112645 23
0.178019 23
0.836090 25
0.145994 25
0.133898 25
0.081909 25
0.594137 25
0.802447 23
0.227560 25
0.129930 23
0.397973 23
0.248049 23
0.192135 23
0.197901 23
0.180057 23
2.785809 23
0.352182 23
0.122099 23
0.255774 23
0.173964 23
1.630102 23
0.181971 23
0.151978 23
0.328139 22
0.000514 3
0.187716 25
0.109663 22
0.000511 3
0.099349 23
0.189773 23
0.143392 23
0.130850 23
7.104224 23
0.148015 23
0.238574 23
0.091317 23
0.770507 27
0.101702 28
2.705826 22
0.000474 1
0.139473 23
0.218096 23
1.490013 23
0.964005 23
0.625995 23
0.237996 23
0.086291 22
0.000967 1
0.150639 23
1.036058 23
0.614233 23
0.061766 22
0.000463 1
0.263611 27
0.175854 28
1.767883 23
0.148222 23
0.159992 22
0.000494 1
0.267545 23
0.406387 23
0.123627 23
0.241925 23
0.199329 22
0.000139 1
0.380623 23
0.101951 23
0.336403 23
0.179521 23
0.280494 22
0.001005 1
0.114595 23
2.109917 23
0.137858 23
0.220074 23
0.109853 23
0.320277 23
1.242345 23
0.477845 23
0.213754 23
0.258039 23
0.326030 23
0.507977 23
0.161959 23
0.099826 22
0.000478 1
0.270568 23
0.925187 22
0.000505 1
0.099479 23
0.162801 23
0.211526 22
0.000066 1
0.225568 23
0.737613 23
1.354462 22
0.000496 1
0.363521 23
0.114006 23
0.098095 23
0.437898 23
1.191957 23
0.782021 23
0.070014 23
0.373935 22
0.000497 3
0.191483 23
0.044049 23
2.244403 16
0.000899 11
0.296879 28
6.668181 23
0.159599 23
0.154011 23
0.426279 22
0.000987 1
0.308734 23
0.114050 23
0.231750 23
0.240473 23
0.343718 23
0.088508 23
0.157539 23
0.151935 23
0.343961 23
0.119949 23
1.503866 23
0.390241 23
0.113856 23
0.420181 23
0.164177 23
1.311822 22
0.000820 1
0.111162 23
0.255965 25
0.147948 25
0.082108 23
0.085920 23
1.990066 23
0.603090 22
0.000182 1
0.516726 23
0.106338 23
0.211649 23
0.659975 23
0.203526 23
0.154544 23
0.112040 22
0.000516 1
0.235432 23
0.557947 23
0.292374 22
0.001079 1
0.288618 23
0.407880 23
0.083945 23
0.146087 23
0.173922 23
1.210031 22
0.000570 1
0.491478 23
0.374506 23
0.409597 23
0.101952 23
0.913876 23
0.078501 23
1.243661 23
0.400015 23
0.076137 23
1.191808 27
0.537964 23
0.134643 23
0.320897 22
0.000067 1
1.538490 25
0.841845 25
0.250404 25
1.145944 22
0.000487 3
0.185300 25
0.136063 22
0.000532 3
0.143393 25
0.114116 25
1.019764 25
0.249190 25
0.091381 25
0.299218 25
44.554654 286
1.321837 407
1.422279 37
1.317582 39
0.586205 55
0.017412 104
0.000778 8
0.000046 21
9.551469 1
0.091863 1
0.078245 1
0.134193 1
0.155516 1
0.984112 1
0.084255 1
0.141614 1
0.469223 4
0.982993 1
4.329956 1
0.163940 1
0.149952 1
0.156022 1
1.088007 1
0.198095 1
0.137949 1
0.150916 8
0.651118 11
0.028563 79
0.000849 85
0.013612 29
5.470037 27
0.666622 58
0.825500 1
0.249909 1
0.033040 1
0.033469 1
0.033023 1
0.033013 1
0.033051 1
0.032965 1
0.033409 1
0.033073 1
0.033047 1
0.032949 1
0.033388 1
0.032989 1
0.033106 1
0.033328 1
0.033523 1
0.033023 1
0.032931 1
0.033480 1
0.032522 1
0.033008 1
0.033062 1
0.032947 1
0.041622 1
0.030081 1
0.033568 1
0.032446 1
0.033201 1
0.032934 1
0.033435 1
0.032981 1
0.283333 1
0.314389 3
0.212568 5
0.249984 5
0.033802 5
0.033088 5
0.033003 5
0.033399 5
0.033362 5
0.033416 5
0.033559 5
0.033096 1
0.032979 1
0.033001 1
0.033423 1
0.033401 1
0.033035 1
0.653443 5
0.023978 5
0.174222 5
0.127727 9
0.604166 5
0.143901 5
0.105993 5
0.110112 5
0.081912 5
0.078500 5
0.199564 5
0.081194 5
0.258804 5
0.138194 5
0.069828 5
0.069806 9
0.320074 5
0.245689 11
0.005659 3
0.000529 2
0.000966 50
0.000739 2
0.000182 8
0.000028 21
0.999387 35
0.067995 95
0.242257 1
0.394004 57
0.163890 106
0.174327 99
0.289870 95
0.275749 99
1.051770 95
0.192377 58
0.231959 115
0.277703 115
14.094466 106
0.269944 99
0.279918 67
0.513873 35
0.296091 1
0.249917 1
0.033139 1
0.033214 1
0.032942 1
0.033416 1
0.033275 1
0.032933 1
0.033357 1
0.033194 1
0.033053 1
0.033558 1
0.032930 1
0.033440 1
0.033024 1
0.033111 1
0.032987 1
0.033475 1
0.033004 1
0.033066 1
0.032969 1
0.033096 1
0.033052 1
0.033133 1
0.032983 1
0.032982 1
0.033096 1
0.033069 1
0.033080 1
0.032952 1
0.033479 1
0.033029 1
0.033022 1
0.033545 1
0.032539 1
0.033499 1
0.032945 1
0.033499 1
0.034669 1
0.035388 1
0.031348 1
0.053334 1
0.025263 1
0.740015 5
0.105758 5
0.127984 5
0.262017 5
0.094132 5
0.463855 11
0.007662 203
0.003488 8
0.000107 21
103.497083 1
0.015525 1
0.085968 1
0.121906 1
0.154091 1
0.798352 35
0.570865 1
0.249965 1
0.033415 1
0.033101 1
0.032879 1
0.033084 1
0.033215 1
0.033456 1
0.033434 1
0.038031 1
0.033074 1
0.033033 1
0.033556 1
0.033377 1
0.033437 1
0.033003 1
0.033140 1
0.032981 1
0.032956 1
0.032994 1
0.033400 1
0.033017 1
0.033418 1
0.033513 1
0.380570 3
0.240815 5
0.154041 5
0.122067 5
0.135865 5
0.116450 5
0.278189 1
0.803477 5
0.220259 5
0.133561 5
0.118040 5
0.636061 5
0.213391 1
0.164767 6
3.841984 5
0.097911 5
0.308389 9
1.069642 5
0.182015 13
2.231496 5
0.085518 18
0.774222 3
0.250113 3
0.032944 3
0.033437 3
0.033543 3
0.033737 3
0.132086 1
0.261983 1
0.161868 1
0.146063 1
0.230220 1
0.220035 1
0.683775 4
0.250383 4
0.032859 4
0.033026 4
0.033081 4
0.032929 4
0.033386 4
0.033475 4
0.033249 4
0.032900 4
0.033081 4
0.035478 4
0.031300 4
0.033005 4
0.033072 4
0.033056 4
0.033197 8
0.044787 4
0.031478 4
0.032246 4
0.033016 4
0.033045 4
0.033128 6
0.032931 3
0.033020 1
0.033384 1
0.033020 1
0.460549 1
0.249788 1
0.558972 1
0.474018 4
0.309336 11
0.009901 203
0.002175 8
0.000097 21
1.487557 52
9.198245 4
0.250101 4
0.033160 4
0.032921 4
0.033440 4
0.032948 4
0.039223 4
0.033237 4
0.032938 4
0.033442 4
0.033243 4
0.033176 4
0.032958 4
0.033039 4
0.033302 4
0.033494 4
0.032955 4
0.032998 4
0.033473 4
0.033039 4
0.033337 4
0.033098 4
0.032998 4
0.033530 4
0.199803 67
0.450216 28
1.704717 1
0.093620 9
2.886290 1
0.101179 14
2.650094 1
0.250243 1
0.033149 1
0.033400 1
0.032983 1
0.032997 1
0.033146 1
0.033073 1
0.032935 1
0.033106 1
0.033712 1
0.032540 1
0.033512 1
0.032540 1
0.033048 1
0.033057 1
0.033001 1
0.033086 1
0.032993 1
0.033478 1
0.033005 1
0.033056 1
0.032955 1
0.033371 1
0.033018 1
0.033048 1
0.033011 1
0.033028 1
0.032985 1
0.033029 1
0.033071 1
0.033411 1
0.032544 1
0.033000 1
0.064334 1
0.041464 1
0.024815 1
0.033056 1
0.033123 1
0.033010 1
0.032997 1
0.033001 1
0.033120 1
0.033030 1
0.032993 1
0.375399 5
0.133894 5
0.365083 5
0.454912 5
0.078423 5
0.087592 5
0.085937 5
0.633062 11
0.010686 8
0.001779 1155
3.059598 26
0.258249 26
0.273838 22
0.000424 6
0.249433 23
0.033397 23
0.033026 23
0.045629 23
0.029060 23
0.101136 26
0.207910 23
0.249976 23
0.033058 23
0.033359 23
0.033438 23
0.033844 23
0.032184 23
0.033438 27
0.033152 28
0.032941 23
0.033177 38
0.033166 23
0.033411 23
0.032905 23
0.033028 22
0.000458 1
0.032624 23
0.033245 22
0.000707 1
0.032663 23
0.032611 23
0.033881 22
0.000054 1
0.032092 23
0.033526 22
0.000847 1
0.032140 23
0.033032 23
0.032984 23
0.033546 23
0.032951 23
0.033036 23
0.033079 23
0.033754 23
0.032975 23
0.032972 22
0.000493 1
0.032762 23
0.033066 23
0.033112 23
0.033100 23
0.033075 23
0.033019 23
0.033248 23
0.032990 23
0.033000 22
0.000489 1
0.032837 23
0.032942 23
0.033022 23
0.033123 23
0.033446 22
0.000860 1
0.031685 23
0.033171 23
0.032995 23
0.033017 23
0.035303 22
0.001152 1
0.030507 23
0.047898 27
0.046854 28
0.024740 23
0.143880 26
0.355949 23
0.259889 23
0.250250 23
0.033401 22
0.000492 1
0.032527 23
0.033013 23
0.033448 23
0.033043 23
0.033049 22
0.001140 1
0.031921 29
0.033115 23
0.188713 23
0.219823 23
0.152337 22
0.000487 1
15.202399 60
1.175886 23
0.079112 23
0.550285 23
0.274628 22
0.000508 8
0.557767 30
1.168979 22
0.000183 5
0.386541 27
1.730018 286
0.328356 419
0.517608 19
0.000671 36
0.004465 104
0.000217 29
0.745108 40
6.033386 1
0.068021 1
0.510054 4
0.321996 1
0.109999 1
0.119873 1
0.132052 1
1.034057 1
0.105878 1
0.144330 1
0.263789 1
0.191988 1
0.314106 1
0.976018 1
0.381939 1
0.203988 1
0.221888 1
0.180224 1
1.001841 1
0.153985 1
0.072049 1
0.244012 1
0.631994 1
0.114765 7
2.187324 1
0.075830 1
1.106082 1
0.398067 1
0.063903 1
0.438040 1
1.542025 1
0.563977 1
0.097984 1
0.182032 1
0.954898 11
0.011685 69
0.002919 29
7.044504 1
0.879979 1
0.091937 1
0.360276 1
0.085816 1
2.042119 1
0.321797 1
0.097934 1
0.471281 1
0.198852 1
0.086079 1
0.681967 1
0.265950 1
0.140196 1
0.877848 1
0.447983 1
0.065911 1
0.244030 1
0.155989 1
0.076118 1
0.245892 1
0.180036 1
0.737997 1
0.120059 1
0.549905 4
0.162015 1
0.550046 1
0.228273 13
0.678160 4
0.249583 4
0.033006 4
0.033444 4
0.033413 4
0.033123 4
0.033310 4
0.032961 4
0.033418 4
0.225223 4
0.736075 1
0.564005 4
0.076008 1
0.262872 11
0.103834 29
24.285442 1
0.040866 1
0.161055 1
0.363934 1
0.117859 1
0.982097 1
0.094099 1
0.256070 4
0.239869 1
0.161880 1
1.268125 1
1.310227 1
0.107702 1
1.229978 1
0.109913 1
0.526290 1
0.771960 1
0.184297 1
0.761892 1
0.311778 1
0.140699 1
1.050427 1
0.114850 1
0.287957 1
1.138357 1
0.257750 1
0.140187 1
0.217719 1
0.084006 1
0.159768 1
3.908939 11
0.021385 1
0.001511 46
0.000993 29
53.544450 1
0.002373 1
0.107239 1
0.087422 1
0.144285 1
0.335653 1
0.125903 1
0.128141 1
3.621974 3
0.399934 3
14.180116 7
0.060226 7
4.303151 3
0.514623 4
0.152283 4
0.129666 4
0.101860 4
0.250228 4
0.033022 4
0.032992 4
0.032977 1
0.033070 1
0.032947 1
0.033120 1
0.047998 1
0.033955 1
0.032961 1
0.033044 1
75.009941 1
0.251894 1
0.325989 4
0.110180 1
0.211767 1
1.086317 1
0.149712 1
0.472303 17
