0.018750 17
0.000369 28
0.001015 44
0.000048 34
0.000064 25
0.000091 8
0.000007 90
2.088183 1
0.149861 1
0.156151 1
0.626206 1
0.573775 1
0.041171 1
0.063042 1
0.741755 1
0.138162 1
0.407911 4
0.463398 1
0.396406 1
0.106166 1
0.119854 1
0.608224 1
8.837931 4
0.516845 4
0.033377 4
0.033051 4
0.032993 4
0.033408 4
0.033400 4
0.033069 4
0.033353 4
0.033278 4
0.033277 4
0.033311 4
0.033026 4
0.033407 1
0.033496 1
0.033330 1
0.033579 1
0.032451 1
0.033312 1
0.033325 1
0.049580 1
0.031330 1
0.035291 1
0.030609 1
0.033436 1
0.035448 1
0.032841 1
2.808231 1
0.149913 1
0.084681 1
0.349485 1
0.455934 1
0.045840 1
0.104095 1
1.241930 1
0.544086 1
0.635747 1
0.066233 1
0.071697 1
0.648194 1
0.240036 1
0.114065 1
0.180252 1
0.079662 1
0.163767 1
0.138103 1
0.910292 1
3.033877 1
0.050212 1
0.261832 1
0.178002 1
0.308025 1
0.284195 1
0.043715 1
0.550083 1
0.181663 1
0.088320 1
5.926036 1
0.190040 1
0.151888 1
0.294060 1
0.563873 11
0.000047 36
0.017774 74
0.075850 116
0.158430 118
0.081203 36
5.572703 2
0.657982 173
0.001199 28
0.001079 44
0.000027 34
0.000040 25
0.000048 8
0.000004 90
66.237110 34
0.422498 1
0.517120 1
0.033093 1
0.033132 1
0.033036 1
0.033031 1
0.033468 1
0.032998 1
0.033427 1
0.033099 1
0.032939 1
0.033485 1
0.032957 1
0.033403 1
0.033395 1
0.033876 1
0.033096 1
0.033130 1
0.033479 1
0.033496 1
0.032962 1
0.033130 1
0.124384 49
0.499586 49
0.001616 49
0.031213 49
0.029742 49
0.030428 49
0.035611 49
0.038982 49
0.265124 49
0.155679 45
0.427957 2
0.000023 9
0.000034 36
0.633831 1144
0.131298 227
0.000495 8
0.000802 78
14.784357 1
0.019398 1
0.086092 1
1.885452 11
0.005873 244
0.000647 62
0.003059 227
0.000316 8
0.000067 78
10.030410 1
0.210357 2
0.223900 1
0.230620 1
0.693244 1
0.580091 1
1.001983 4
0.255970 1
0.074234 1
1.287977 1
0.134010 1
0.265408 1
0.052816 1
0.553708 1
0.542006 1
1.033774 2
0.677627 4
0.287703 1
16.532011 11
0.005443 229
0.002515 62
0.003229 227
0.000412 86
2.711287 1
0.139586 1
0.300325 2
0.692104 1
0.519790 2
0.176390 1
1.332745 3
1.140438 5
0.806633 3
1.022074 3
0.521872 4
0.157739 3
0.152291 3
0.109932 3
1.144131 3
0.631950 6
0.453106 3
1.368198 3
0.156106 1
0.585802 1
0.082749 1
1.474037 3
0.092586 1
0.408964 2
0.278080 1
0.526490 1
0.121916 2
0.085785 1
1.790161 11
0.006087 291
0.004061 313
1.207880 1
0.718142 6
0.507581 2
0.382208 11
0.005992 237
0.003058 39
0.000904 28
0.001284 44
0.000046 59
0.000072 98
32.654657 1
0.151321 1
0.156382 1
0.237894 1
16.893139 1
0.869425 1
0.064159 1
0.127852 1
0.105874 1
0.065748 1
2.637907 4
0.516882 4
0.033551 4
0.033481 4
0.033270 4
0.033228 4
0.032808 4
0.418735 1
0.923929 1
0.058090 1
0.117794 1
0.184191 1
0.307910 1
0.080015 1
2.528138 4
0.587880 4
0.156002 4
0.129719 4
0.101757 4
0.124483 4
0.290041 1
0.274144 1
0.093579 1
0.146165 1
0.104193 1
0.076119 1
0.159902 1
0.683969 1
1.006062 1
0.069818 1
0.401630 1
0.132453 1
0.364067 1
0.317970 1
0.060273 1
1.665806 1
0.422039 1
0.078295 1
0.109044 1
1.576507 1
0.079988 1
0.095567 1
0.760170 1
1.364174 1
0.328184 1
1.682015 1
0.073735 1
0.246168 1
0.076273 1
0.301855 1
0.097301 1
0.476698 1
0.343960 1
0.051968 1
0.083787 1
0.076599 1
1.393611 1
0.412087 1
0.461924 2
0.000028 9
0.000054 36
0.737199 91
0.000367 93
0.001655 28
0.001113 44
0.000061 59
0.000067 98
19.279749 1
0.013644 1
0.117524 11
0.000053 36
0.003063 128
0.000455 28
0.000994 44
0.000056 34
0.000025 25
0.000060 98
10.178114 1
0.069917 1
0.099920 1
0.079796 1
0.090306 1
0.735873 1
0.133967 1
0.218461 1
0.971663 3
0.079824 3
0.295852 3
0.482100 3
0.590011 3
0.140011 3
0.848029 3
0.300070 3
0.111017 3
0.108986 3
0.173926 3
0.099905 3
0.398120 3
0.101540 3
0.515502 3
0.170479 1
0.890228 1
0.064149 1
0.314068 1
0.058015 1
0.255962 1
0.180144 1
0.215709 1
0.092234 1
0.277258 1
0.370664 1
0.077784 1
0.084263 1
0.740031 11
0.000036 36
0.000142 28
0.001266 44
0.000064 34
0.000031 25
0.000055 98
1.590388 1
0.215962 1
0.238053 1
0.415064 1
0.512876 1
0.074413 1
0.273452 1
0.162093 1
0.202002 1
0.081982 1
1.590108 1
0.391959 1
0.158034 1
0.029828 1
0.284515 1
0.411666 1
0.363974 1
0.189976 1
0.089850 1
0.078182 1
0.241937 1
0.125633 1
1.896225 1
0.386170 1
0.121755 1
0.452251 1
1.520043 1
0.385961 1
0.143819 1
0.043969 1
0.838131 1
0.784155 1
0.081813 1
0.456100 1
1.280058 4
0.414031 1
0.491914 1
0.099968 1
0.095622 1
6.906489 1
4.193889 4
0.430024 1
2.122086 1
1.563932 1
0.773952 1
0.075912 1
0.098134 1
0.057749 1
0.280238 1
0.056298 1
0.637691 1
0.720031 1
0.078009 1
0.327964 1
0.811904 1
0.674098 4
0.468018 1
0.469956 2
0.000014 9
0.000035 36
0.604022 91
0.000183 93
0.001771 28
0.001106 44
0.000059 59
0.000050 8
0.000004 90
31.369058 1
0.109121 1
2.446717 1
0.111922 1
0.321930 4
1.070056 1
0.299970 4
0.214059 1
0.090016 1
0.113863 1
0.422129 4
0.155846 4
0.792096 1
0.148028 1
0.099926 1
0.443775 1
0.985670 1
0.242604 1
0.106282 1
0.353692 1
0.094143 1
0.113990 1
0.259925 1
0.464013 1
1.993902 1
0.098252 1
0.099022 1
8.766806 1
0.109472 1
0.681804 1
0.037075 1
0.119606 1
0.196001 1
0.148100 1
0.303958 1
0.177074 1
0.064798 11
0.000042 36
0.005418 485
0.000627 28
0.002066 44
0.000064 59
0.000078 98
1.049904 28
0.391094 39
0.355988 3
1.666858 1
1.039936 1
0.068464 1
0.437576 1
0.070075 1
1.507959 1
0.612076 1
1.249865 1
0.312029 1
1.304166 18
0.555237 1
0.501663 1
0.012304 1
0.030420 1
0.035995 1
0.032980 1
0.031836 1
0.038217 1
0.256713 1
1.842513 5
0.143818 5
0.127122 1
0.941033 5
0.335959 5
0.155771 5
0.048240 5
0.777483 3
0.166643 5
0.203901 2
0.000007 9
0.000047 36
0.005253 485
0.000612 28
0.001169 44
0.000070 59
0.000078 98
0.453313 35
0.754934 1
1.378065 1
0.763932 1
0.277925 1
0.208035 1
0.443339 1
0.347753 1
0.364687 1
0.516995 1
0.180591 1
0.176550 1
0.316628 5
0.179477 5
0.138563 5
0.118128 5
0.841731 5
0.119868 5
0.100035 5
0.242253 5
0.231892 5
0.274325 5
0.495791 5
0.200103 5
0.663868 5
0.185157 5
0.629238 11
0.000175 36
0.006099 485
0.001990 28
0.001730 44
0.000056 34
0.000006 25
0.000154 8
0.000003 90
0.824198 37
1.284295 1
0.516514 1
0.033431 1
0.033059 1
0.033383 1
0.322323 1
0.307452 1
1.763843 1
0.677744 1
0.515486 1
0.033424 1
0.032984 1
0.033077 1
0.033538 1
0.498175 1
0.287736 1
0.635507 3
0.158776 3
0.131441 3
0.260633 3
0.181716 3
1.086761 5
0.161952 5
0.154122 5
0.127859 5
0.138019 5
0.136031 5
0.559838 5
0.174128 5
0.102065 5
0.262198 11
0.000333 36
0.005058 131
0.001311 28
0.001578 44
0.000053 34
0.000018 25
0.000073 98
0.208177 34
0.202735 1
0.503910 1
0.012988 1
0.033045 1
0.033079 1
0.033472 1
0.033491 1
0.033479 1
0.030526 1
0.177537 1
0.152367 1
0.126609 5
0.163964 5
0.407371 5
0.540651 5
0.219994 5
0.125715 5
0.330252 2
0.000008 9
0.000047 36
0.005355 131
0.002348 28
0.001546 44
0.000143 34
0.000009 25
0.000094 8
0.000022 90
46.584659 1
0.028866 1
0.166994 1
0.368035 1
0.164027 1
0.621865 4
0.270028 1
0.147786 1
0.088251 1
0.173984 1
0.515889 1
0.131828 1
0.153009 1
0.163259 1
0.195855 1
1.671946 1
1.354470 1
0.343776 1
0.126847 1
0.541135 11
0.000060 36
0.003893 45
4.503751 2
5.503348 94
10.016811 97
10.001717 50
0.000119 48
10.004183 50
0.000207 46
10.004032 95
10.038145 98
10.021635 51
0.000071 49
10.005751 51
0.000810 46
10.017432 95
10.005818 98
10.000422 50
0.000488 49
10.024371 51
0.002177 46
10.004057 93
10.001790 97
10.007001 50
0.001337 49
10.009311 50
0.004268 46
10.002614 47
0.000066 47
10.048132 50
0.000115 48
10.008494 50
0.003460 49
10.004309 50
0.032540 46
9.053134 2
0.000427 2
0.000091 30
0.001223 44
0.000073 34
0.000006 25
0.000080 98
84.559322 1
0.148767 1
0.074027 1
0.117733 1
0.868227 1
0.485228 1
0.108702 1
0.175917 1
0.084362 1
0.201827 1
0.370123 1
0.765747 1
1.308213 1
0.093473 1
0.182467 1
0.327965 1
0.422009 1
0.111590 1
0.040499 1
0.876029 1
1.056014 1
0.621773 1
0.137789 1
0.686247 1
0.432136 1
0.080507 1
0.105368 1
1.271910 1
0.103992 1
0.201655 1
0.604528 3
0.127762 3
0.332191 3
0.842105 3
0.071830 3
1.267447 3
0.320712 3
0.054115 3
3.715901 3
2.119145 1
0.185287 1
0.468816 1
1.284633 9
0.623229 3
0.130936 3
0.138486 3
1.887576 3
1.679904 3
0.122138 3
0.183386 3
0.116568 3
0.787840 3
0.931994 3
0.092031 3
0.115945 3
1.280065 7
0.742312 3
1.967744 3
0.323971 3
1.507911 3
0.518051 3
0.107530 3
0.280593 3
0.086270 3
0.207526 3
1.224083 3
0.251993 7
0.263928 3
0.118014 3
0.126145 3
0.139941 3
0.482484 3
4.859926 3
1.275437 1
0.115876 1
1.452258 1
0.101743 1
0.900203 1
1.707976 1
0.099851 1
1.303603 1
0.502542 1
1.518005 1
0.037907 1
0.266751 1
0.465401 1
1.648201 1
0.063727 1
0.319987 1
0.172028 1
1.180039 2
0.000010 9
0.000081 36
1.097265 101
0.003707 43
0.000031 62
0.001140 28
0.001384 44
0.000185 157
43.576565 1
0.069730 1
0.068286 1
0.103630 1
0.111516 1
3.590564 1
0.116102 1
0.257782 1
0.090027 1
2.185880 1
0.538104 1
0.146002 1
0.105812 1
0.722320 1
0.717774 1
0.063999 1
0.511406 11
0.000045 36
0.021314 8
0.000020 54
0.000039 13
0.000959 67
0.000352 116
0.000038 262
0.000005 72
0.000026 110
0.000121 17
1.799742 6
0.000020 28
0.000175 12
0.000022 22
0.985644 6
0.000035 29
1.558226 6
0.000036 12
0.000014 17
0.478050 18
0.000150 17
0.143827 6
0.000022 29
0.094920 6
0.000117 29
1.088767 6
0.000029 12
0.000034 17
0.297951 6
0.000062 29
0.041804 6
0.000027 12
0.000017 17
0.292022 6
0.000025 12
0.000047 17
0.109952 6
0.000028 12
0.000033 17
0.461945 6
0.000045 17
1.711900 6
0.000020 13
0.068021 6
0.000032 13
0.340102 6
0.000009 13
0.164805 6
0.000070 13
0.251100 6
0.000041 13
0.705912 6
0.000039 13
0.081989 6
0.000022 13
0.103342 6
0.000033 27
1.797976 6
0.000025 13
0.347292 6
0.000040 13
0.131272 6
0.000225 13
0.645779 6
0.000023 15
0.892045 6
0.000037 13
0.069543 6
0.000032 13
0.244254 6
0.000037 13
1.985801 6
0.000054 12
0.000026 1
0.122158 6
0.000568 13
0.227433 6
0.000568 13
0.423585 6
0.000023 13
0.839209 6
0.000033 12
0.000018 3
0.858531 6
0.000025 15
0.207969 6
0.000018 13
0.000013 2
0.227994 6
0.000023 13
0.191592 6
0.000036 13
1.196333 6
0.000047 13
0.132041 6
0.000051 13
0.129805 6
0.000035 13
0.327957 6
0.000034 13
0.071329 6
0.000038 13
1.258676 6
0.000028 15
0.149945 6
0.000029 12
0.000014 3
0.213981 6
0.000021 13
0.207948 6
0.000025 13
0.095953 6
0.000067 13
0.088969 6
0.000027 13
0.298924 6
0.000049 13
0.361973 6
0.000044 13
0.307957 6
0.000028 12
0.000018 3
0.373940 6
0.000038 13
0.101041 6
0.000130 52
0.094645 6
0.000038 12
0.000006 17
0.055770 6
0.000060 13
1.746296 6
0.000045 13
0.073946 6
0.000032 13
0.257968 6
0.000006 12
0.000007 1
0.750042 6
0.000042 13
0.052657 6
0.000046 13
0.255273 6
0.000008 13
0.466056 6
0.000027 13
0.923799 6
0.000060 13
0.181519 6
0.000039 13
0.045116 6
0.000047 13
0.141265 6
0.000031 13
1.836805 6
0.000197 17
0.561009 6
0.000007 13
0.062075 6
0.000020 13
0.477900 6
0.000031 13
0.103906 6
0.000025 13
1.236047 6
0.000032 13
0.155695 6
0.000019 13
0.100078 6
0.000007 12
0.000029 1
0.514001 6
0.000038 13
0.366052 6
0.000017 13
0.280119 6
0.000020 13
0.149938 6
0.000025 13
0.311256 6
0.000037 12
0.000003 1
0.164490 6
0.000111 13
0.053904 6
0.000030 13
0.240032 6
0.000561 13
0.513491 6
0.000034 13
0.093852 6
0.000026 13
0.155739 6
0.000034 13
0.898241 6
0.000008 13
0.497981 6
0.000026 13
0.304034 6
0.000032 13
0.179712 6
0.000021 13
0.432162 6
0.000040 13
0.147790 6
0.000018 13
0.469615 19
0.120575 6
0.000024 13
0.264002 6
0.000031 13
0.167687 6
0.000025 13
0.802255 6
0.000038 13
0.367933 6
0.000028 13
0.161781 6
0.000508 13
0.325712 6
0.000026 13
0.253942 6
0.000032 13
0.078025 6
0.000023 13
0.065635 6
0.000027 13
0.442425 6
0.000022 13
0.295841 6
0.000030 13
0.114065 6
0.000024 13
0.033886 6
0.000569 13
0.611431 6
0.000586 13
1.135482 6
0.000038 13
0.975958 6
0.000037 13
0.425941 6
0.000022 12
0.000007 1
0.183697 6
0.000034 13
0.794285 6
0.000058 13
0.777958 6
0.000031 13
0.191862 6
0.000028 13
0.087972 6
0.000029 13
0.977656 6
0.000025 13
0.198323 6
0.000023 13
0.000006 2
0.093311 6
0.000098 12
0.000029 1
0.078501 6
0.000032 13
1.526048 6
0.000022 13
0.475900 6
0.000023 13
0.072002 6
0.000030 13
0.134087 6
0.000564 13
0.399348 6
0.000032 13
0.093935 6
0.000026 13
0.081661 6
0.000035 13
1.226305 6
0.000025 13
0.517871 6
0.000024 12
0.000024 1
0.711412 19
0.085393 6
0.000042 13
0.325293 6
0.000026 13
0.263902 6
0.000040 13
0.616789 6
0.000039 13
1.495062 6
0.000036 13
0.349962 6
0.000036 13
0.095513 6
0.000030 12
0.000006 1
1.315924 6
0.000037 13
1.680113 6
0.000025 13
0.087327 6
0.000039 13
0.242954 6
0.000037 13
0.283881 6
0.000027 13
1.345204 6
0.000039 13
0.164788 6
0.000023 13
0.041263 6
0.000026 13
0.156754 6
0.000035 13
0.157804 6
0.000075 17
4.148041 6
0.000027 13
0.103211 6
0.000019 13
0.086426 6
0.000058 13
0.148143 6
0.000020 13
1.204174 6
0.000035 13
0.468706 6
0.000027 13
0.053080 6
0.000030 13
0.404104 19
0.070039 6
0.000008 13
0.039938 6
0.000030 13
0.515999 6
0.000009 12
0.000004 3
2.010097 6
0.000097 13
0.143738 6
0.000020 12
0.000005 1
0.341953 6
0.000028 13
1.703965 6
0.000575 13
0.677549 6
0.000009 13
0.505982 6
0.000042 13
1.675951 6
0.000021 13
0.121440 6
0.000035 13
0.206465 6
0.000092 13
0.473914 6
0.000031 13
0.531954 6
0.000021 12
0.000031 3
0.282370 19
0.159174 6
0.000043 13
0.145991 6
0.000035 13
1.456270 6
0.000035 13
0.655839 6
0.000029 13
0.212240 6
0.000021 12
0.000007 1
0.295991 6
0.000045 13
0.183908 6
0.000025 13
0.144419 6
0.000028 13
0.135419 6
0.000020 13
0.219988 6
0.000041 13
0.195944 6
0.000056 13
1.078022 6
0.000127 13
0.483868 6
0.000043 13
0.285844 6
0.000029 13
0.161548 6
0.000046 13
0.754442 6
0.000029 13
0.243918 6
0.000037 13
0.054692 6
0.000019 12
0.000007 1
0.096644 6
0.000043 13
0.282588 6
0.000014 12
0.000008 1
1.974035 6
0.000053 13
0.069930 6
0.000038 13
0.063997 6
0.000045 13
1.073920 6
0.000029 13
0.361288 6
0.000033 13
0.146175 6
0.000030 13
0.159470 6
0.000048 13
0.750909 6
0.000040 12
0.000008 1
1.412114 6
0.000031 13
0.281112 6
0.000035 13
0.106440 6
0.000707 13
0.033385 6
0.000022 13
0.408094 6
0.000025 13
0.070527 6
0.000116 13
0.079037 6
0.000027 13
0.145851 6
0.000037 13
0.988354 6
0.000074 13
0.675993 19
0.205974 6
0.000031 13
0.913969 6
0.000026 13
0.165217 6
0.000040 13
0.700816 6
0.000033 13
0.433869 6
0.000031 13
1.691994 6
0.000623 13
0.233327 6
0.000058 13
1.235916 6
0.000059 12
0.000007 1
0.603875 6
0.000037 13
1.468065 6
0.000030 13
0.150229 6
0.000060 13
0.189739 6
0.000024 12
0.000031 1
1.295956 6
0.000046 13
0.439873 6
0.000035 13
0.172002 6
0.000024 12
0.000014 1
0.281978 6
0.000035 13
0.745959 6
0.000020 12
0.000036 1
0.121180 6
0.000039 12
0.000004 1
1.586756 6
0.000093 13
0.601897 6
0.000596 13
0.050252 6
0.000032 13
0.246900 6
0.000033 13
0.100184 6
0.000051 13
1.761979 6
0.000019 13
0.097951 6
0.000034 13
0.323463 6
0.000024 13
0.114533 6
0.000030 13
0.233888 6
0.000080 17
5.074269 6
0.000028 13
0.053512 6
0.000025 13
0.062844 6
0.000042 13
0.090787 6
0.000025 13
0.116444 6
0.000008 12
0.000025 1
0.613977 6
0.000007 13
0.041937 6
0.000030 13
0.249584 6
0.000032 12
0.000068 1
0.138815 6
0.000026 13
0.309461 6
0.000030 13
0.151868 6
0.000024 13
0.076046 6
0.000020 13
0.281408 6
0.000030 13
0.430604 6
0.000035 13
0.267934 6
0.000021 13
1.286009 6
0.000022 15
0.085997 6
0.000030 13
0.531727 6
0.000029 13
0.270205 6
0.000024 13
0.487947 6
0.000562 13
0.051252 6
0.000024 13
0.213942 6
0.000040 13
0.148288 6
0.000030 13
0.115819 6
0.000029 13
0.157864 6
0.000031 13
0.448022 6
0.000018 12
0.000023 1
0.792085 6
0.000035 13
0.253948 6
0.000042 13
0.187884 6
0.000030 13
0.102026 6
0.000020 13
0.187526 6
0.000024 13
0.236421 6
0.000021 13
0.289938 6
0.000041 13
0.937946 6
0.000080 15
0.548052 6
0.000028 13
0.173623 6
0.000028 13
0.246212 6
0.000031 13
1.858078 6
0.000029 13
0.370028 6
0.000046 13
0.085855 6
0.000064 13
0.329866 6
0.000028 13
0.200003 6
0.000030 13
0.101969 6
0.000038 13
0.171816 6
0.000017 13
0.270375 6
0.000040 13
0.319735 6
0.000006 12
0.000005 1
0.061889 6
0.000026 13
0.095715 6
0.000036 13
0.126066 6
0.000025 13
0.350294 6
0.000147 13
0.511751 6
0.000031 13
0.896026 6
0.000017 13
0.226692 6
0.000039 13
0.197343 6
0.000027 13
1.303900 6
0.000036 13
0.475923 6
0.000026 13
0.248004 6
0.000027 13
0.159899 6
0.000030 13
0.078007 6
0.000036 13
0.323900 6
0.000028 13
0.070101 6
0.000020 13
0.091685 6
0.000047 13
0.438197 6
0.000032 13
0.987763 6
0.000028 13
0.062144 6
0.000040 13
0.151755 6
0.000028 12
0.000026 1
0.308460 6
0.000019 13
0.123349 6
0.000032 13
0.115784 6
0.000043 13
1.300375 6
0.000030 13
0.070025 6
0.000033 13
0.219354 6
0.000007 13
1.568688 6
0.000038 13
0.247910 6
0.000037 13
0.172027 6
0.000035 13
0.473950 18
0.000032 1
2.292729 19
0.081232 6
0.000023 13
0.281983 6
0.000663 13
9.549299 6
0.000033 13
0.333937 6
0.000111 13
1.580425 6
0.000033 13
0.060007 19
1.332658 18
0.000127 1
0.264677 6
0.000024 13
0.031879 6
0.000036 13
0.966818 6
0.000047 13
1.743167 6
0.000036 13
0.800074 6
0.000114 13
0.044412 6
0.000070 13
0.305333 6
0.000031 12
0.000014 3
0.189976 6
0.000078 13
0.101870 6
0.000034 13
0.146106 6
0.002024 13
1.843916 6
0.000078 17
1.145827 6
0.000048 136
0.000005 53
0.000019 54
0.469974 6
0.000061 46
0.000005 43
0.000019 253
0.000021 49
0.000006 12
1.005869 6
0.000093 50
0.004410 28
0.000389 56
0.000229 53
0.000254 8
0.000713 28
0.001376 44
0.000285 34
0.000035 123
43.376423 11
0.000078 28
0.001156 44
0.000061 59
0.000094 98
2.558540 1
0.018439 1
0.368801 1
0.066657 1
0.484033 1
0.090015 1
0.339015 1
0.236952 1
0.190103 1
0.754798 1
0.065191 1
0.172458 10
0.399515 11
0.000044 36
0.001129 28
0.001048 44
0.000073 59
0.000098 98
2.157906 1
0.165589 1
0.147803 1
0.276313 1
0.116089 1
0.228019 1
0.107426 1
0.348412 1
0.084102 1
1.219968 1
0.064026 1
0.069606 1
0.272345 1
0.088093 1
0.198046 1
0.147830 1
0.111982 1
0.952171 1
0.319852 1
0.140029 1
0.206029 1
0.234075 1
0.897895 1
0.200525 1
0.155458 11
0.000050 36
0.006599 31
1.809264 2
0.014991 50
0.007413 104
0.004413 132
0.025237 134
0.096608 130
0.000010 63
0.000948 63
0.034632 53
0.054880 54
0.008941 54
0.456267 40
0.102323 128
0.093423 126
0.004637 33
1.660696 33
0.195801 169
0.177659 107
0.055292 1
0.104054 1
0.170798 16
0.028184 109
0.041068 40
0.000686 47
0.000019 308
0.000060 44
0.031696 44
0.041475 44
0.038261 44
0.045074 44
0.037217 44
0.032838 44
0.034103 44
0.031019 44
0.064586 44
0.076401 184
0.004042 87
0.000093 292
0.003968 61
0.034988 185
0.040650 68
0.003142 209
0.002917 235
0.003130 76
0.796273 20
1.433074 28
0.001187 44
0.000052 34
0.000004 25
0.000063 8
0.000034 90
0.450805 1
0.079917 1
0.692085 1
0.029864 1
0.202226 10
0.331849 2
0.000005 9
0.000042 36
23.362751 67
0.030714 46
0.018896 36
0.000012 13
0.000004 4
0.000021 13
0.000004 17
0.000512 28
0.000007 5
0.000004 4
0.000007 8
0.000005 1
0.000009 7
0.000007 4
0.000006 2
0.000004 3
0.000007 3
0.000006 2
0.000030 17
0.000422 14
0.000004 12
0.000004 6
0.000006 6
0.000004 5
0.000023 19
0.000018 25
0.000111 24
0.000006 17
0.000198 575
0.000004 196
0.000053 322
0.000008 1151
0.000005 196
0.000004 2
0.000022 154
0.000017 42
0.000023 249
0.000004 19
0.000016 127
0.000012 58
0.000022 6
0.011718 46
0.003634 164
0.000007 2
0.001170 74
0.001340 44
0.000086 34
0.000027 25
0.000097 98
1817.625880 1
0.117634 1
0.205783 1
0.203317 1
0.175907 1
1.748153 1
0.079995 1
0.084050 1
1.177972 1
0.107820 1
0.416174 1
0.433965 1
0.164015 1
0.523922 1
0.358091 1
0.087897 1
1.486192 1
0.441011 1
0.626363 1
0.082593 1
0.251805 1
0.417920 1
0.168154 1
0.107815 1
0.052404 1
0.139690 1
0.374077 1
0.703384 4
0.191110 4
0.150454 4
0.110603 4
0.116422 4
0.127938 4
0.394169 4
1.949973 1
0.235948 1
0.344016 1
0.186056 1
0.181971 1
0.083220 1
0.166528 1
0.332748 11
0.000045 36
5.425974 30
0.000009 12
0.000202 5
0.001922 28
0.001275 44
0.000168 59
0.000076 8
0.000004 90
2.570219 1
0.025405 1
0.142288 1
0.105844 1
0.078154 1
0.367959 1
0.134269 1
0.170884 1
1.048320 3
0.071214 3
0.122875 3
0.194957 3
0.501749 3
0.159540 3
0.054206 3
0.894010 3
0.757498 3
0.069882 3
0.128518 3
0.189969 3
0.086177 3
0.146060 3
1.118675 3
0.403186 3
0.318045 3
0.324750 3
0.071692 3
0.256101 3
0.423522 3
0.256315 3
0.155496 3
0.274564 3
0.327542 7
0.170327 3
0.083611 3
0.091598 3
0.461552 3
0.538801 1
0.464162 1
0.072060 1
0.540384 1
0.108038 1
0.077478 1
0.281923 1
0.095616 1
0.358409 1
0.085133 1
0.150907 1
0.130063 1
0.693923 1
0.056192 1
0.129668 1
0.899598 1
1.458497 1
0.119810 1
0.174033 1
0.720117 1
0.382054 1
0.100202 1
0.120263 1
0.184033 1
0.106354 1
1.335243 11
0.000059 36
0.004221 31
1.745631 2
0.011857 29
0.001217 28
0.001133 44
0.000061 34
0.000017 25
0.000049 98
0.798992 58
0.161860 123
0.742835 11
0.000042 36
0.016128 2159
0.000034 5291
0.000006 161
0.000033 576
0.000008 37
0.000063 2501
0.000008 237
0.000007 73
0.002721 28
0.001523 44
0.000053 59
0.000068 98
20.904213 1
0.043005 1
0.170180 1
0.127871 1
0.795979 11
0.000049 42
