0.021337 28
0.001101 27
0.000049 42
0.000159 8
0.000023 56
4.432003 1
0.065902 1
0.609985 1
0.463901 1
1.604111 4
0.517448 4
0.033514 4
0.033447 4
0.033424 1
0.033287 1
0.032560 1
0.033422 1
0.033851 1
1.099198 1
0.238021 1
0.163462 1
0.474260 1
0.181818 1
0.316135 1
0.235913 4
0.145993 4
0.040260 1
0.089621 1
0.714385 1
0.061930 1
0.233721 1
0.180202 1
1.556082 11
0.000040 36
0.003777 28
0.001552 27
0.000038 17
0.000022 25
0.000083 64
21.072806 1
0.013324 1
0.106306 1
0.006541 1
0.375341 1
0.062182 1
0.275773 1
0.094151 1
0.663932 4
0.517334 4
0.033000 4
0.033377 4
0.033465 4
0.033410 4
0.705561 1
0.113904 1
0.874091 1
0.107741 1
0.211810 1
0.476447 1
0.729964 11
0.000045 36
0.015860 58
0.001088 29
0.001632 27
0.000048 42
0.000081 8
0.000028 56
1.086381 8
0.784813 4
0.517397 4
0.033036 4
0.033001 4
0.033384 4
0.033002 4
0.033434 4
0.033455 4
0.033029 1
0.033155 1
0.033095 1
0.033374 1
0.033387 1
0.033609 1
0.033207 1
0.033053 1
0.033356 1
0.153297 1
0.000105 1
0.033635 1
0.033140 1
0.033274 1
0.030383 1
0.030283 1
0.030729 1
0.030768 1
0.029983 1
0.030991 1
0.031112 1
0.030876 1
0.036029 1
0.030292 1
0.030589 1
0.030150 1
0.030436 1
0.030377 1
0.030459 1
0.037887 1
0.033091 1
0.548099 1
0.080082 1
0.219593 1
0.066429 1
0.177568 1
1.012682 1
0.083735 1
0.095580 1
0.050283 1
0.374017 11
0.000042 36
0.013326 84
0.000299 28
0.001246 27
0.000049 42
0.000052 8
0.000017 56
6.197283 1
0.001549 1
0.366236 1
0.113968 1
0.624149 1
0.064158 1
0.349672 11
0.000035 36
0.015150 32
0.022371 1035
0.000052 1254
2.108525 1035
0.000013 1030
0.000064 1052
0.000035 283
1.491948 124
0.525874 78
0.516104 168
0.006405 4
0.000007 113
0.030554 78
0.030260 139
0.033226 4
0.000007 74
0.032914 123
0.036347 4
0.000012 119
0.030650 79
0.032858 4
0.000010 105
0.033183 111
0.033355 79
0.033009 4
0.000020 172
0.032991 4
0.000008 120
0.032995 9
0.000008 70
0.033532 4
0.000007 112
0.033428 4
0.000010 156
0.033090 4
0.000009 94
0.033492 79
0.033494 4
0.000007 111
0.033063 157
0.033492 79
0.033050 49
0.000008 70
0.033447 4
0.000010 143
0.033015 79
0.033067 4
0.000008 123
0.033013 4
0.000023 149
0.033003 4
0.000009 75
0.032977 114
0.033162 149
0.033472 4
0.000010 75
0.032989 117
0.033005 4
0.000008 154
0.033059 4
0.000029 156
0.032952 132
0.033001 79
0.033488 4
0.000009 163
0.033092 4
0.000008 154
0.032989 4
0.000010 154
0.033429 4
0.000010 154
0.033164 4
0.000007 112
0.032942 79
0.033082 4
0.000018 163
0.033446 4
0.000092 156
0.033042 4
0.000032 154
0.033422 148
0.033510 4
0.000008 75
0.033041 119
0.032977 4
0.000011 154
0.033096 102
0.033048 79
0.033375 134
0.033014 4
0.000009 139
0.033528 9
0.000007 70
0.033431 4
0.000010 119
0.033493 125
0.033062 79
0.033454 117
0.033078 158
0.033518 106
0.033031 79
0.033054 4
0.000035 172
0.033405 99
0.033064 79
0.032971 4
0.000009 131
0.033064 79
0.032946 4
0.000009 163
0.033005 99
0.032873 79
0.033498 4
0.000023 149
0.035268 79
0.031836 141
0.033025 79
0.033084 4
0.000008 163
0.033153 4
0.000021 154
0.032856 4
0.000011 154
0.031507 4
0.000031 96
0.034507 4
0.000070 75
0.033449 4
0.000009 116
0.033070 160
0.033021 160
0.032959 4
0.000009 94
0.033436 79
0.033221 4
0.000017 131
0.033399 158
0.033036 129
0.033017 79
0.033070 4
0.000008 129
0.033073 4
0.000009 156
0.033044 4
0.000007 95
0.033133 79
0.033004 4
0.000007 113
0.033056 126
0.032965 79
0.033369 4
0.000013 98
0.032852 4
0.000008 156
0.033025 4
0.000011 124
0.033446 80
0.032977 4
0.000008 109
0.033024 4
0.000027 155
0.032949 99
0.033075 80
0.032916 4
0.000007 116
0.033057 4
0.000028 155
0.032981 119
0.032180 80
0.033834 4
0.000037 115
0.033050 4
0.000008 155
0.033028 4
0.000011 155
0.032995 4
0.000010 155
0.032961 4
0.000072 147
0.033000 80
0.032950 4
0.000010 120
0.033015 4
0.000010 141
0.033039 4
0.000010 76
0.032284 4
0.000015 115
0.032418 4
0.000019 155
0.032985 121
0.034846 80
0.033092 4
0.000031 164
0.032984 4
0.000007 95
0.033083 80
0.032896 4
0.000008 125
0.033027 4
0.000034 134
0.031139 4
0.000009 76
0.032988 4
0.000009 111
0.031303 4
0.000009 125
0.038609 4
0.000009 76
0.033049 4
0.000008 113
0.033026 4
0.000011 157
0.032943 4
0.000008 155
0.033552 103
0.032942 80
0.033474 4
0.000009 115
0.033511 4
0.000033 139
0.033464 80
0.033021 4
0.000010 127
0.033495 4
0.000024 136
0.033387 80
0.033013 4
0.000009 110
0.033532 4
0.000028 138
0.033433 80
0.033472 4
0.000010 98
0.033477 126
0.033024 80
0.033543 4
0.000052 146
0.033051 80
0.032951 4
0.000043 108
0.033356 4
0.000009 155
0.033129 4
0.000010 140
0.033484 4
0.000008 76
0.033100 4
0.000012 159
0.033445 80
0.033021 4
0.000018 133
0.033092 4
0.000029 155
0.033469 4
0.000019 155
0.032964 4
0.000009 155
0.033022 159
0.033023 140
0.033138 4
0.000008 138
0.032924 4
0.000010 148
0.033602 88
0.000008 71
0.032865 4
0.000008 155
0.033079 4
0.000009 157
0.033033 4
0.000029 157
0.033008 4
0.000024 137
0.033113 4
0.000010 76
0.033494 4
0.000009 146
0.033069 4
0.000010 76
0.032989 4
0.000009 102
0.030358 4
0.000009 131
0.036141 80
0.033097 4
0.000020 133
0.033015 4
0.000011 76
0.033416 4
0.000017 125
0.033046 4
0.000010 136
0.033477 4
0.000008 162
0.033138 4
0.000086 76
0.033303 4
0.000019 102
0.033055 4
0.000055 119
0.033414 4
0.000009 76
0.033457 4
0.000022 113
0.033475 4
0.000010 129
0.033017 4
0.000010 76
0.033468 4
0.000007 116
0.033489 4
0.000009 155
0.032974 4
0.000008 147
0.033054 4
0.000010 76
0.032929 4
0.000008 113
0.033469 4
0.000009 103
0.033469 4
0.000008 76
0.033529 4
0.000020 99
0.033004 4
0.000008 76
0.033504 4
0.000010 89
0.033014 4
0.000010 157
0.033465 4
0.000027 155
0.033104 55
0.000008 71
0.033533 4
0.000010 76
0.032897 4
0.000008 91
0.033130 112
0.033064 4
0.000009 76
0.033082 4
0.000019 164
0.032962 4
0.000018 86
0.030468 89
0.036182 89
0.032950 89
0.032945 89
0.033085 4
0.000007 85
0.033092 89
0.033051 89
0.131965 4
0.000020 85
0.026535 4
0.000010 85
0.030852 89
0.494940 28
0.002096 28
0.000696 27
0.000061 17
0.000008 25
0.000058 64
5.856704 1
0.109441 1
0.088515 1
0.290073 4
0.219912 4
0.445934 1
0.111614 1
0.140155 1
0.764312 1
0.055944 1
0.157398 11
0.000034 36
0.007320 56
0.001975 29
0.001292 27
0.000105 42
0.000011 8
0.000007 56
2.626332 1
0.099609 1
0.203518 1
0.054438 1
0.143516 1
1.216514 1
0.076287 1
0.519657 11
0.000039 36
0.010845 82
0.000327 28
0.001385 27
0.000053 42
0.000063 64
0.660818 7
0.335864 23
0.596052 4
0.540199 4
0.589875 23
0.289818 10
0.244516 1
0.516127 1
0.189752 1
0.223968 1
8.360689 1
0.021605 1
0.117506 1
0.126072 1
0.628420 1
0.093874 1
0.626092 4
0.054065 1
0.163403 1
0.428354 4
0.147817 4
0.358224 1
0.346230 4
0.575972 1
0.063455 1
0.160479 1
0.094228 1
0.293581 1
0.210084 1
0.349923 11
0.000048 36
0.014545 32
0.014092 1036
0.000029 1034
0.000117 1031
0.000139 1032
0.000013 116
0.000363 1033
0.000035 278
3.542867 4
0.000018 361
1.397939 28
0.003482 161
3.324539 1
0.158013 1
0.245629 1
0.082365 1
0.397935 11
0.000048 36
0.000123 64
0.000026 739
0.000017 496
0.000093 680
0.000008 1127
0.000061 1091
0.000005 411
0.000015 127
0.000024 618
0.000043 456
0.000006 679
0.000018 514
0.000022 454
0.000019 518
0.000067 28
0.001199 27
0.000049 42
0.000079 64
4.086170 1
0.131485 1
0.148399 11
0.000046 36
0.003449 340
0.000472 28
0.001184 27
0.000040 42
0.000072 64
14.218147 1
0.229716 2
0.438918 1
1.056082 1
0.395985 1
0.069992 1
0.389866 11
0.000045 36
0.005775 1465
0.000481 28
0.001250 27
0.000046 42
0.000070 64
1.349698 6
2.320847 4
0.179476 4
0.163987 4
0.148188 4
0.137985 4
0.141789 4
0.136101 1
0.202261 1
0.064206 1
0.231687 1
0.332262 1
0.411859 11
0.000046 36
0.000066 28
0.001265 18
0.000052 42
0.000105 64
4.167030 1
0.115214 1
0.436212 1
0.387747 11
0.000034 39
0.000064 28
0.001229 18
0.000039 42
0.000055 64
2.702994 1
0.080691 1
0.168674 1
1.046455 1
0.806108 11
0.000042 36
0.000079 28
0.001204 27
0.000068 42
0.000063 64
1.707814 4
0.217519 11
0.699235 11
0.000053 48
0.000032 28
0.001263 27
0.000043 17
0.000016 25
0.000055 64
1.156516 1
0.320050 1
0.163419 1
0.218287 1
0.078209 1
0.131562 1
0.280555 1
0.669975 11
0.000041 186
0.000007 23
0.000006 63
0.000006 21
0.000005 34
0.000014 126
0.000022 114
0.000032 225
0.000085 28
0.001282 27
0.000034 17
0.000022 25
0.000048 8
0.000015 56
6.736351 1
0.178051 1
0.337601 1
0.442088 1
0.622155 11
0.000040 42
