0.013032 17
0.000190 8
0.000035 61
1.122549 1
0.223375 1
0.245944 1
0.298526 1
0.176929 1
0.449816 1
0.107551 1
0.379553 1
0.203029 1
0.293369 1
0.253630 1
0.376755 1
0.087299 1
0.208135 1
0.145923 1
0.505880 4
0.209024 1
0.244548 11
0.006329 33
3.145944 2
0.125230 29
0.000412 4
0.390917 25
0.000664 147
0.000028 4
0.035411 81
0.000658 76
0.000078 2
0.000062 85
0.000038 4
0.040667 81
0.000105 159
0.011006 85
0.000101 4
0.027618 81
0.000095 72
0.000068 85
0.000113 4
0.003036 86
0.000054 63
0.000063 4
0.040558 70
0.000078 42
0.000052 4
0.059026 48
0.000059 4
0.057809 48
0.000048 4
0.031525 44
0.001887 163
0.065954 78
0.000792 89
0.000074 2
0.000081 89
0.028324 134
0.018311 51
0.000081 23
0.000053 4
0.000799 43
0.007162 48
0.000051 4
0.042274 44
0.000082 93
0.000080 2
0.000102 49
0.000056 38
0.000057 4
0.009268 54
0.032763 76
0.000654 49
0.012414 42
0.000082 25
0.000042 4
0.000103 27
0.000055 43
0.000033 2
4.937510 50
0.008319 50
0.002435 100
0.005606 50
0.024525 100
0.003770 100
0.006038 100
0.002496 100
0.000133 100
0.000684 50
0.000049 50
0.366309 102
0.019198 51
0.000055 51
0.062766 51
0.002045 51
0.007772 51
0.000065 51
0.000788 51
0.000066 51
0.002270 51
0.000039 51
0.056455 51
0.002927 51
0.012805 51
0.000090 51
0.066234 51
0.000058 51
0.020505 51
0.000071 51
0.053142 51
0.003037 51
0.000063 51
0.009418 51
0.000074 51
0.001424 51
0.000041 51
0.001135 51
0.000046 51
0.002289 51
0.000082 51
0.000452 51
0.000015 51
0.001258 51
0.000071 51
0.001047 102
0.028002 51
0.000060 51
0.016189 51
0.000064 51
0.044422 51
0.000056 51
0.026558 51
0.000074 51
0.021909 51
0.000054 51
0.007314 51
0.000051 51
0.000576 51
0.000067 51
0.033362 102
0.221838 62
0.019810 66
0.000135 66
0.000933 66
0.052610 67
0.001251 67
0.165074 78
0.000555 76
0.000057 63
0.001150 73
0.000010 2
0.029036 119
0.024634 8
0.000116 61
2.524812 1
0.171235 1
0.193422 1
0.402819 1
0.842505 1
0.496706 1
0.161348 1
0.259402 1
0.187615 1
0.253833 1
0.639275 1
0.875138 1
0.135122 1
0.157397 1
0.384907 1
0.132216 1
0.549019 1
0.598803 1
0.807151 1
0.733827 1
0.724007 1
0.630045 1
1.530484 1
0.434808 1
0.547419 1
0.177847 1
1.560205 1
0.127292 1
1.178328 1
0.702359 1
0.581979 1
1.343317 1
1.443162 1
0.879850 1
0.653007 1
0.488264 1
0.302305 1
0.202103 1
0.531659 1
0.217174 1
62.178795 2
0.004292 9
0.016983 50
0.012791 114
0.010025 132
0.049299 67
0.000046 67
0.171974 76
0.000046 2
0.000048 76
0.000123 63
0.001152 73
0.000037 2
0.027188 102
0.000045 2
0.000081 104
0.000036 2
0.345580 193
0.000048 2
0.102767 8
0.000042 61
9.421074 1
0.133988 1
0.127083 1
0.312720 1
0.277813 1
1.274661 1
0.420255 1
0.508573 1
0.599529 1
1.272337 1
0.509184 1
0.586464 1
0.340430 1
0.678904 1
0.307218 1
5.698699 1
1.521819 1
0.360520 1
0.151061 1
0.270238 1
0.528537 1
0.161767 1
0.198301 1
0.278067 1
1.230548 1
1.031147 1
0.710181 1
0.190120 1
0.223397 1
0.456376 1
0.816062 4
0.354333 1
1.442229 1
0.319377 1
0.233021 1
0.325221 1
0.581268 1
2.672669 2
0.000031 9
0.023356 716
0.036029 8
0.000694 61
4.136425 35
0.411303 1
0.500465 1
0.028997 1
0.031325 1
0.029984 1
0.029387 1
0.030261 1
0.030431 1
0.030115 1
0.029029 1
0.029324 1
0.773146 3
0.370889 25
0.420388 21
0.291652 3
0.500293 3
0.030688 3
0.030051 3
0.029738 3
0.030278 3
0.028970 3
0.031495 3
0.029072 3
0.029902 3
0.030470 1
0.931042 1
0.011295 1
0.009954 4
0.861586 1
1.455337 2
0.002780 9
0.012011 502
0.000033 214
0.042533 69
3.505371 1
0.434200 1
0.153069 1
0.315018 1
0.157341 1
1.646428 1
0.283416 1
0.294531 1
0.432416 1
0.414604 1
0.758011 1
0.678892 1
0.390993 1
0.233553 1
0.363498 1
0.456220 1
0.226557 1
0.217597 1
0.534911 1
0.142316 1
0.963696 1
0.985284 1
0.575823 1
0.228181 1
0.412827 1
0.222894 1
2.268771 11
0.038753 8
0.000131 61
0.865319 26
1.174507 4
0.556279 1
1.221138 11
0.010856 69
3.088156 1
0.182829 1
0.147067 1
0.373730 1
0.134229 1
0.324704 1
0.275016 1
0.262702 1
0.207685 1
0.243614 1
2.804225 1
0.611483 1
0.260493 1
0.203483 1
0.289940 1
0.583195 1
0.813512 1
0.248359 1
0.254817 1
0.612686 1
1.857509 1
0.537390 1
0.477919 1
0.237614 1
0.259946 1
0.258817 1
0.151735 1
0.894853 1
0.772650 1
0.177011 1
0.162964 1
0.404168 1
0.202667 1
1.876095 11
0.032537 8
0.000037 61
0.536427 33
0.974944 4
0.351742 1
0.323541 1
0.500561 1
0.029972 1
0.031624 1
0.028399 1
0.030971 1
0.029275 1
0.030156 1
0.030151 1
0.029042 1
0.199331 1
0.188158 1
0.173766 1
0.848815 31
0.789406 27
1.177492 11
0.034184 69
3.572120 1
0.152361 1
0.158115 1
0.340322 1
0.192483 1
2.162878 1
0.481682 1
0.369799 1
0.937636 1
0.371204 1
0.306772 1
0.404458 1
0.193725 1
1.053475 1
0.528178 1
0.613505 1
0.210151 1
0.251658 1
0.213423 1
0.132166 1
0.550458 1
3.287887 1
0.171404 1
0.385504 1
0.112262 1
0.343335 1
1.531424 11
0.025131 74
0.000910 2
0.000017 640
0.003181 69
3.741163 1
0.186431 1
0.152666 1
0.328472 1
0.153403 1
1.312056 1
0.400251 1
0.194867 1
1.972575 1
0.176210 1
0.844660 1
0.756561 1
0.221639 1
0.243829 1
0.186813 1
1.459657 1
0.637591 1
0.113693 1
0.472552 1
0.095405 1
0.500995 1
1.125937 1
0.740653 1
0.186384 1
0.284242 1
0.132417 1
1.253188 1
0.576552 1
0.551089 1
0.232173 1
0.318931 1
0.477076 1
0.133188 1
0.900408 1
0.996784 1
0.172482 1
0.157345 1
0.577581 1
2.247093 1
8.789915 11
0.905088 51
0.002278 69
23.868969 1
0.146775 1
0.195152 1
0.325953 1
1.618236 1
0.888816 1
0.359327 1
0.350881 1
0.339380 1
0.278676 1
0.220283 1
1.005338 1
0.710890 1
0.545007 1
0.264483 1
0.261824 1
0.325837 1
0.167811 1
1.432886 1
0.814706 1
0.166029 1
0.175135 1
0.283924 1
0.498898 1
0.617873 11
0.028785 8
0.000038 61
2.718517 1
0.208641 1
0.110684 1
0.249479 1
0.253950 1
0.774537 1
0.232500 1
0.554759 1
0.144229 1
1.926785 1
0.591694 1
0.379278 1
0.227937 1
1.285786 1
0.127609 1
0.808976 1
0.407740 1
0.468128 1
0.466407 1
1.278460 1
0.453968 1
0.089816 1
1.555448 1
0.185801 1
0.292215 1
5.195311 1
0.384121 1
4.491555 1
0.739278 1
0.350797 1
0.227216 1
0.662546 1
0.320522 1
0.600113 1
0.857697 1
0.840324 1
0.556771 1
0.408942 11
0.017891 78
0.000824 66
0.000064 58
0.001750 8
0.000037 61
17.412368 37
0.270574 1
0.501494 1
0.029145 1
0.030330 1
0.029677 1
0.029508 1
0.029653 1
0.031691 1
0.028946 1
0.029367 1
0.030929 1
0.030566 1
0.028889 1
0.030171 1
0.029631 1
0.029707 1
0.030498 1
0.031821 1
0.028816 1
0.222294 1
0.214191 1
1.729521 9
0.166946 5
0.329835 5
2.299121 11
0.012249 20
0.000036 54
0.000167 4
0.005659 256
0.018193 614
0.004795 8
0.000085 61
6.727536 1
0.206434 1
0.112221 1
0.386242 1
0.229600 1
1.665827 1
0.339550 1
0.318832 1
0.208675 1
0.299382 1
2.229561 1
0.742464 1
0.368080 1
0.209628 1
0.290953 1
1.045295 1
0.306850 1
0.214245 1
0.349518 1
0.416986 1
1.167994 1
0.440677 1
0.476534 1
0.185809 1
0.320454 1
0.410277 1
0.438544 4
0.673169 1
0.151728 1
0.927219 1
0.667645 1
0.229332 1
0.217025 1
0.204668 1
0.406910 1
6.401625 11
0.022675 8
0.000018 61
11.864922 1
0.139099 1
0.173016 1
0.303202 1
0.552498 1
1.295808 1
0.993710 1
0.769174 1
0.705823 1
0.389781 1
0.299081 1
0.339005 1
0.256259 1
0.390372 4
0.797990 1
1.819314 1
0.741799 1
0.671159 1
0.127959 1
0.268184 1
0.238113 1
0.188964 1
1.202651 1
0.874286 1
0.247788 1
0.120893 1
0.288232 1
0.510048 1
1.646371 11
0.006947 52
0.000585 69
4.962508 26
0.192611 1
0.500714 1
0.029603 1
0.029519 1
0.030735 1
0.029531 1
0.030126 1
0.029847 1
0.031100 1
0.029032 1
0.030057 1
0.171971 1
0.370565 1
0.965395 31
0.977348 27
0.472613 11
0.014855 221
0.000011 212
0.000110 283
0.002122 8
0.000073 61
2.448337 1
0.136387 1
0.140376 1
0.182913 1
1.382827 1
0.752230 1
0.388177 1
0.346648 1
1.810273 1
0.659711 1
0.566523 1
0.385100 1
0.228397 1
0.187390 1
0.208913 1
0.595343 1
0.177798 1
0.086335 1
3.122941 1
0.172899 1
0.820009 1
0.448964 1
0.663117 1
0.187803 1
0.247872 1
0.157349 1
1.200890 1
0.581998 1
0.500995 1
0.230504 1
0.257970 1
0.343717 1
0.326027 1
0.576179 1
0.758404 1
0.187694 1
0.177295 1
0.409248 1
0.665205 1
1.727429 11
0.011451 105
0.000012 58
0.001727 8
0.000069 61
1.922320 1
0.213615 1
0.586877 1
0.256924 1
0.994597 1
0.323354 1
1.523322 11
0.004320 815
0.000108 8
0.000009 61
0.997990 1
0.293945 1
0.265606 1
0.212048 1
0.359416 1
0.651516 1
1.057270 1
0.959004 1
1.889416 1
0.253499 1
0.106378 1
0.441202 1
0.981135 1
0.382742 1
0.550535 1
0.208225 1
0.244006 1
0.346275 1
0.095567 1
3.053640 2
0.000983 9
0.002431 193
0.000067 2
0.000049 110
0.000050 2
0.000037 102
0.000030 2
0.000391 69
2.094179 1
0.172936 1
0.109370 1
0.283900 1
0.344318 1
1.336285 1
0.512971 1
0.262255 1
0.309705 1
0.268882 1
0.313663 1
1.488148 1
0.686280 1
0.487598 1
0.299820 1
0.240251 1
0.274023 1
0.168065 1
0.735515 1
1.986788 1
0.163671 1
0.117600 1
0.309860 1
0.399524 1
1.361864 1
0.971334 1
0.747010 1
0.249912 6
0.983115 1
0.288208 1
0.128804 1
0.192119 1
0.173733 1
0.496190 1
0.429669 11
0.064425 69
29.637582 2
1.013684 4
1.837644 1
0.245809 1
1.015728 1
0.137402 1
0.964582 17
