0.016685 17
0.000138 8
0.000045 61
2.737307 1
0.218981 1
0.705558 1
0.228663 1
0.778313 1
0.141029 1
1.964923 4
0.410319 1
2.199961 11
0.009784 661
0.000128 8
0.000058 61
1.512828 1
0.181951 1
0.980998 1
0.436330 1
0.344258 1
0.273113 1
0.607419 1
0.454464 1
0.815934 1
0.138761 1
0.319112 1
0.272930 1
0.793462 1
1.241303 1
0.141653 1
0.319570 3
0.639661 11
0.033480 18
0.001035 69
4.074434 1
0.195683 1
0.107026 1
0.268233 1
0.274972 1
2.867222 1
1.189789 1
0.507864 1
0.151922 1
0.372843 1
0.254641 1
1.583244 1
0.304450 1
0.563599 1
0.819649 1
0.715268 1
0.428257 1
0.253780 1
0.862410 1
1.116236 1
0.674975 1
0.176752 1
0.563469 1
0.400968 1
0.930942 2
0.000093 20
0.000011 84
0.006353 2
0.000224 104
1.368414 11
0.016734 33
3.299290 2
0.069629 2
0.000059 9
0.000034 2
0.000754 2
0.000041 36
0.000034 2
0.000051 10
0.000034 2
0.000034 1
0.000034 14
0.000033 2
0.000037 14
0.000033 2
0.000036 1
0.001467 7
0.000038 1
0.000035 1
0.000038 11
0.000045 13
0.000048 6
0.000045 8
0.000071 5
0.000055 19
0.001062 6
0.000031 102
0.000152 233
0.001953 8
0.000021 61
3.347394 1
0.320591 1
0.214348 1
0.318480 1
0.688005 1
0.930131 1
0.258032 1
0.460499 1
0.228483 1
0.292984 1
1.998488 11
0.913637 1246
0.002402 69
2.118459 1
0.137355 1
1.186110 1
0.192648 1
0.462389 1
1.243147 2
0.001220 9
0.001491 128
0.000178 466
0.000022 8
0.000057 61
1.315743 1
0.243357 1
0.308979 1
0.237724 1
0.354653 1
0.278809 1
0.141504 1
0.470956 1
2.206510 4
0.232667 4
0.933941 4
1.107633 1
0.156484 1
0.462550 1
1.771571 1
0.568406 1
1.260236 1
0.588147 1
0.612353 1
0.719379 1
0.151685 1
0.223217 1
0.827144 1
0.393913 1
0.184452 1
0.267199 1
0.189660 1
0.345007 3
0.932339 1
0.007514 117
0.172054 185
0.000454 66
0.118690 8
0.000069 61
2.297813 23
0.339829 1
0.500180 1
0.030889 1
0.109916 1
0.001331 1
0.029365 1
0.029685 1
0.030158 1
0.030135 1
0.030362 1
0.029505 1
0.030358 1
0.355293 1
0.174968 1
0.251173 1
0.499069 1
0.030016 1
0.150267 1
0.172157 1
0.174137 1
0.168412 1
0.647449 5
0.407852 5
0.278759 11
0.008385 279
0.000119 61
2.311647 1
0.344534 1
0.920947 1
0.970911 1
0.152136 1
0.220476 1
0.612312 1
0.420061 1
0.608103 1
0.199221 1
0.292120 1
0.666847 1
0.457380 1
0.157941 1
0.269953 1
0.236612 1
0.248903 1
0.299050 1
1.826559 11
0.007091 34
0.000626 2
0.000545 8
0.000055 61
1.242696 1
0.195851 1
0.089696 1
0.324389 1
0.771079 1
0.455937 1
0.148937 1
0.624337 1
0.223173 1
1.498516 1
0.303958 1
0.217405 1
0.393380 1
0.187604 1
1.234601 1
0.198316 1
0.273757 1
0.282599 2
0.000029 9
0.074968 30
0.070209 255
0.038229 28
0.007541 69
59.275337 1
0.204027 1
0.152367 1
0.365231 1
0.157477 1
0.635608 1
0.227823 1
0.274617 1
0.147369 1
0.479908 1
4.593261 1
0.557602 1
0.379932 1
0.576608 1
0.685291 1
0.365053 1
0.241538 1
0.542988 1
2.500118 1
0.350103 1
0.227414 1
1.307711 1
1.440737 11
0.013228 80
0.000087 196
0.000009 95
0.000297 2
0.001471 69
10.379930 22
0.318433 1
0.500700 1
0.030000 1
0.029420 1
0.030575 1
0.030437 1
0.028612 1
0.032559 1
0.194094 1
0.372548 23
0.162276 23
0.243839 21
1.306926 11
0.010165 70
0.000027 228
0.002170 100
0.000550 70
0.000305 50
1.148343 1
0.344463 2
0.000036 9
0.001014 2
0.000087 1837
7.735566 1
0.937019 2
0.443208 4
0.214284 4
1.371915 1
0.612115 69
0.000069 2
0.023163 95
0.000021 2
0.007407 46
0.000746 2
0.003620 69
9.403776 1
0.210905 1
0.140364 1
0.416931 1
0.208935 1
0.665660 1
0.213852 1
0.847976 1
0.471324 1
0.487085 1
0.298539 1
0.224342 1
0.577258 1
0.180684 1
0.380095 1
0.145968 1
0.456236 1
1.810710 1
0.547269 1
0.249557 1
0.697411 1
0.241313 1
0.173440 1
0.186452 1
4.422271 1
0.303627 1
0.463153 1
0.202460 2
0.000037 9
0.025084 50
0.034783 114
0.010541 66
0.000059 66
0.052193 67
0.000052 67
0.181503 76
0.000046 2
0.000046 76
0.000469 63
0.002239 75
0.029935 98
0.000059 2
0.444400 193
0.000055 2
0.104796 69
2.092783 1
0.409385 1
0.152890 1
0.485136 1
0.194350 1
0.459160 1
0.173073 1
1.625526 1
0.399158 1
0.311363 1
0.201243 1
0.468888 1
1.451185 1
0.788586 1
0.712049 1
0.393098 1
0.426236 11
5.571200 13
0.000108 2
0.000037 62
0.000009 15
0.000018 2
20.763669 69
1.493506 1
0.470783 1
0.179086 1
0.652805 1
0.299598 11
0.000016 4
0.000330 2
