0.016300 17
0.000276 69
2.327176 1
0.153306 1
0.441663 4
0.392886 1
0.116594 1
0.318832 1
1.199853 1
1.398477 1
0.231174 1
0.483068 1
0.157446 1
0.376396 1
2.020990 1
0.291240 1
0.594974 1
0.253285 1
0.339943 1
0.870501 1
0.306444 1
0.222937 1
0.417504 1
2.066363 11
0.008085 33
3.317789 2
0.039028 5
0.000563 2
0.000067 61
0.000070 2
0.000081 145
0.000094 2
0.000049 77
0.000277 2
0.000052 2
0.003803 2
0.000279 50
4.361356 1
1.323340 77
0.000067 54
3.174197 1
0.635592 2
0.000828 242
0.567065 1
0.735288 2
0.000045 9
0.000099 68
1.650995 1
0.819054 2
0.000048 9
0.000169 8
0.000043 73
1.511636 1
0.484062 1
0.644638 1
4.931935 163
7.148355 2
0.000342 9
0.000176 105
2.107491 1
0.338814 1
0.648682 1
2.106249 2
0.000376 11
0.000073 87
0.000045 2
0.002709 2
0.000072 8
0.000054 42
6.046845 1
0.829643 4
0.557250 1
0.419247 94
2.799143 1
0.531459 1
3.472326 138
3.755075 1
0.500646 2
0.000126 30
0.000060 57
0.000008 97
0.000029 10
0.000039 48
0.392266 1
1.328207 2
0.000031 77
4.307686 1
1.090728 11
0.000525 87
6.277237 2
0.000011 17
0.000037 100
0.800384 13
0.001676 92
0.000317 2
0.000084 8
0.000069 42
4.711750 1
2.983382 266
2.686620 119
1.323666 1
0.705562 1
0.527501 1
0.455396 1
0.480375 1
0.758817 1
3.511825 104
0.004172 52
2.107402 1
2.708867 115
0.000088 151
3.222644 19
0.000046 100
1.034849 1
0.694701 1
0.457373 1
0.445740 1
0.364830 1
0.434544 1
0.548767 4
0.247451 1
1.198164 104
0.003350 2
0.000101 8
0.000086 42
1.593274 1
0.652950 123
0.000031 2
0.000042 60
0.000033 2
0.000032 100
0.000040 2
0.000050 93
0.000041 37
0.000558 504
0.000098 129
1.880227 1
0.825232 69
0.000716 2
0.005864 97
0.010703 48
0.002720 8
0.000014 61
3.112759 1
0.171298 1
0.138083 1
0.232208 1
0.956282 1
0.990409 1
0.615839 1
0.745449 1
0.271316 1
0.520601 1
0.371213 1
0.956524 1
0.584470 1
0.440925 1
0.489810 1
0.196528 1
0.881140 1
0.482533 1
1.924360 1
0.287480 1
0.181635 1
0.703081 2
0.000027 9
0.018701 66
0.000056 62
0.000015 2
0.002366 8
0.001335 61
3.597648 1
0.915493 1
0.669373 1
0.202524 1
0.409129 1
0.696793 1
0.393284 1
0.251819 1
0.202383 1
0.354727 1
0.450600 1
0.642556 1
0.750206 1
0.237904 1
0.731712 11
0.004738 231
0.001028 69
14.135880 2
0.988942 2
3.788490 4
0.213454 4
75.390666 2
0.193783 2
0.107911 2
0.340711 2
0.501212 1
0.835253 2
0.677961 2
0.170668 2
0.164218 2
0.766607 2
1.280884 4
0.500214 4
0.029657 4
0.030602 4
0.030818 4
0.028711 4
0.029786 4
0.031612 4
0.028437 4
0.031143 4
0.029958 1
1.155331 1
0.076124 1
0.289408 1
0.375831 4
0.185570 4
0.263149 4
0.334124 1
0.133913 1
0.537743 1
0.083386 1
0.299641 1
0.152147 1
0.781896 1
0.534899 1
0.577554 1
0.200527 1
0.333936 1
0.553828 1
0.648006 1
0.449548 1
0.383763 1
0.455429 1
0.381106 1
0.199648 1
0.345489 1
1.052082 1
0.377988 1
0.208055 1
0.277332 1
0.896348 11
0.010739 174
0.000114 285
0.000066 2
0.000503 528
0.001458 8
0.000011 61
2.846022 1
0.289877 1
0.202067 1
0.359274 1
0.203071 1
0.153291 1
0.216785 1
0.440648 1
0.192393 1
0.187435 1
0.138089 1
0.626325 1
0.589273 1
0.297143 1
0.218531 1
0.260926 1
0.579250 1
0.260854 1
0.970565 1
0.180146 1
0.517397 1
0.767296 1
0.287075 1
0.319050 1
0.202114 1
0.747557 1
1.643092 1
1.138918 1
0.583746 1
0.773145 1
0.426217 1
0.180281 1
0.247007 1
0.247661 1
0.281474 11
0.041385 45
0.000508 479
0.005596 69
2.713519 1
0.138304 1
0.202360 1
0.278398 1
0.167936 1
0.178092 1
0.377352 1
0.413474 1
0.177469 1
0.142005 1
0.171935 1
0.577875 1
0.580727 1
0.247627 1
0.201792 1
0.242676 1
0.473029 1
0.240409 1
0.222339 1
0.257973 1
2.029365 1
0.982876 1
0.319083 1
0.268917 1
0.269202 1
0.531517 1
2.334467 1
2.992426 1
1.118681 1
0.805300 1
0.713420 1
0.250428 1
0.211082 1
0.243351 1
0.120905 1
0.300251 11
0.022176 45
0.000042 495
0.006005 8
0.000328 61
2.578610 1
0.328302 1
0.153317 1
0.493686 1
0.298401 11
0.000987 6
