0.019231 17
0.000135 69
1.312420 1
0.141888 1
0.158659 1
0.257022 1
0.612127 1
0.821837 1
0.529781 1
0.687711 1
0.638899 1
0.396589 1
0.362313 1
0.196462 1
0.557431 1
0.330546 1
0.409618 1
0.238922 1
0.635493 1
0.924738 1
0.508267 1
0.218772 1
0.354783 1
1.423339 1
0.685476 1
0.535337 1
0.523524 1
1.930384 1
0.360504 1
0.226958 1
0.687989 1
0.538546 1
0.550617 1
0.280593 1
0.351855 1
0.140794 1
3.224276 11
0.005779 33
3.292695 2
0.046512 69
1.672446 1
0.167749 1
0.115278 1
0.560002 1
0.208126 1
0.934838 1
0.340667 1
0.288003 1
0.293248 1
0.232725 1
0.272874 1
0.440284 1
1.268217 1
0.434199 1
0.394228 1
0.228650 1
0.258631 1
0.091617 1
1.230400 1
0.650893 1
0.141839 1
0.183180 1
0.211177 1
0.841317 1
1.617118 1
0.749296 1
0.509116 1
0.289713 1
0.277833 1
0.365577 1
0.172588 1
0.859950 1
0.413203 1
0.274573 1
0.162873 1
0.456300 1
0.251147 1
1.196753 1
0.404016 1
0.547493 1
1.115144 1
1.527860 1
0.217376 1
0.395143 1
0.452365 3
0.338784 1
0.222523 1
0.392877 1
0.172874 1
4.235383 2
0.000015 9
0.012670 8
0.000094 61
2.213705 1
0.332171 1
0.152434 1
0.334460 1
0.208839 1
2.252220 1
3.136738 1
0.223441 1
0.135976 1
0.241728 1
9.632477 4
0.499980 4
0.103695 4
0.187968 4
0.166671 4
0.671809 1
0.429889 1
0.480357 1
0.182683 1
0.106955 1
0.197836 1
4.487986 1
1.470374 1
1.022977 1
0.239569 1
0.339915 2
1.511955 1
0.233771 1
0.243600 1
0.711780 1
0.591995 1
1.283668 1
0.592206 1
0.136894 1
0.498358 1
0.172717 1
0.355324 1
0.514274 1
1.271637 1
0.222745 1
0.880481 1
0.171987 1
0.151386 1
0.541906 11
0.035553 28
0.002130 404
4.717705 1
0.493958 1
0.146449 1
0.464368 11
0.089584 74
0.000044 2
0.000501 76
0.003199 69
5.648106 1
0.136621 1
0.141206 1
0.337738 1
0.197402 1
0.166846 1
0.229599 1
0.535327 1
0.186670 1
0.127740 1
0.203231 1
0.851585 1
0.498760 1
0.296474 1
0.208794 1
0.218014 1
1.804437 1
0.310619 1
0.242482 1
0.496133 1
0.859378 1
0.885111 1
0.253096 1
0.254294 1
0.101984 1
0.321203 1
0.239013 1
0.335044 1
1.632214 1
0.729081 1
0.268056 1
0.360454 1
2.142329 11
0.015906 432
9.320943 1
0.366250 1
0.138156 1
0.399810 1
0.753111 4
0.251520 11
0.016407 76
0.006589 76
0.006167 69
8.248372 1
0.192996 1
0.186395 1
0.275071 1
0.161013 1
0.152628 1
0.167616 1
0.407425 1
0.222390 1
0.430963 1
0.136744 1
3.742542 1
1.226679 1
0.429547 1
0.212990 1
0.291231 1
1.024988 1
0.336180 1
0.201844 1
0.197045 1
0.614952 1
0.591336 1
0.556091 1
0.331081 1
0.438473 1
0.550921 1
0.176166 1
1.474095 1
0.619456 1
0.368874 1
0.232020 1
1.062201 1
0.145268 1
0.494901 1
0.375831 1
0.536655 1
0.778273 1
0.707952 1
1.108863 1
0.518619 1
0.579193 1
5.096983 11
0.043714 76
0.000513 76
0.001174 8
0.000028 61
1.717054 41
1.407204 1
0.191657 1
0.671153 9
0.180242 9
0.156814 9
0.962599 3
0.166306 3
0.161875 1
0.944838 1
0.011349 1
0.002409 1
0.000293 1
0.147666 1
0.418249 1
1.254968 1
0.357130 7
2.910494 11
0.070264 20
0.002113 2
0.000046 50
0.000039 2
0.000037 2
0.000141 76
0.002702 8
0.000040 61
1.207408 41
1.553135 4
0.180309 4
0.173811 4
0.193211 4
0.218056 4
0.881233 1
0.787839 1
0.427714 1
0.299215 1
0.414408 1
0.163504 1
1.022031 1
4.214676 11
0.071522 76
0.005126 76
0.004908 8
0.000045 61
2.031184 1
0.241628 1
0.151956 1
0.395499 1
0.150915 1
0.172489 1
0.187008 1
0.518417 1
0.142420 1
0.479184 1
0.131205 1
1.187789 1
0.443569 1
0.203611 1
0.211943 1
0.329604 1
0.372740 1
0.229771 1
0.232377 1
0.262986 1
0.732924 1
0.726533 1
0.288814 1
0.719603 1
0.380856 1
0.307348 1
0.212592 1
0.212066 1
0.351993 1
0.283261 1
0.227606 1
0.572587 1
0.428307 1
0.340162 1
2.958303 11
0.086448 22
0.000627 50
0.000023 80
0.002044 69
3.828323 1
0.428368 1
0.127218 1
0.375625 1
0.151866 1
0.167308 1
0.248685 1
0.403232 1
0.161562 1
0.264945 1
0.158068 1
1.218015 1
0.547815 1
0.284658 1
0.208272 1
0.511551 1
0.349471 1
0.294045 1
0.299312 1
0.282489 1
0.908390 1
0.945143 1
0.188844 1
0.233759 1
0.262818 1
0.146632 1
1.956415 11
0.023025 509
0.001854 69
1.421098 1
0.188160 1
0.128973 1
0.390480 1
6.460346 1
0.690983 1
0.230694 1
1.419281 1
0.733134 1
0.242144 1
0.216884 1
2.834323 1
0.875767 1
0.275789 1
0.197685 1
0.426518 1
0.341042 1
0.313999 1
0.289498 1
0.302585 1
0.167880 1
1.719379 11
0.011381 103
0.003118 128
0.002019 8
0.000049 61
1.745753 1
0.346177 1
0.128175 1
0.227394 1
0.429495 1
0.701868 1
0.284164 1
0.269315 1
0.252046 1
0.192199 1
0.349414 1
0.531696 1
0.511778 1
0.259180 1
0.208320 1
0.367190 1
0.768696 1
0.253559 1
0.209712 1
0.288849 1
0.179376 1
0.323909 11
0.018859 69
3.792027 1
0.126543 1
0.135788 1
0.214717 1
0.230397 1
2.016834 1
0.449774 1
0.585873 1
0.120833 1
1.757623 1
0.784200 1
0.267020 1
0.160089 1
1.388796 1
0.187027 1
0.444095 1
1.773897 1
0.865147 1
0.624958 1
0.293188 1
0.145264 1
0.346046 1
1.307630 1
0.573927 1
0.908427 1
0.312283 1
0.201815 1
0.601573 1
0.893939 1
0.294319 1
0.204543 1
0.267831 1
0.256853 1
1.742604 11
0.014027 717
0.040430 69
2.453229 1
0.215672 1
0.086886 1
0.273793 1
0.358243 1
0.648801 1
0.320123 1
0.284712 1
0.144838 1
0.230332 1
0.473235 1
0.652236 1
0.259851 1
0.183043 1
0.116367 1
0.205410 1
0.149085 1
1.370367 1
0.567708 1
1.289473 1
1.559677 1
1.658652 1
0.141794 1
0.397862 1
0.121877 1
0.365857 1
2.333327 1
1.082381 1
0.152809 1
0.295980 1
0.759547 1
0.477940 1
1.195506 1
0.106202 1
0.333315 2
1.291497 1
0.236025 1
0.234225 1
0.545557 1
1.029284 11
0.095095 8
0.000064 61
3.347604 40
0.340439 4
0.500221 4
0.029628 4
0.031198 4
0.029735 4
0.029522 4
0.029380 4
0.031056 4
0.342144 4
0.252149 4
1.589610 1
0.534185 1
0.178672 1
0.209252 1
0.409303 1
0.268347 1
0.278539 1
0.209845 2
0.000038 9
0.011236 170
0.002454 8
0.000121 61
7.479920 1
0.175721 1
0.133544 1
0.279270 1
0.129176 1
1.528495 1
0.359063 1
0.612809 1
0.498583 4
0.146606 1
1.499131 1
0.465811 1
0.212920 1
0.223604 1
0.298957 1
0.759457 1
0.351420 1
0.276055 1
0.224566 1
0.234468 1
1.055074 1
0.232008 1
0.478267 1
0.253060 1
0.198263 1
0.212287 1
1.094812 4
0.421104 1
0.477265 1
0.573223 1
0.197673 1
0.313472 1
0.607268 1
0.264944 1
1.367556 1
0.844578 1
0.198829 1
0.290383 1
0.127107 1
0.337349 1
0.986366 1
0.657933 1
0.969340 1
0.231010 1
0.287701 1
0.160833 1
0.178142 1
1.940312 1
0.262057 3
0.147846 1
0.233880 1
0.724410 1
0.907239 1
0.131620 1
0.203534 1
0.482124 1
0.263041 1
0.312692 1
0.374366 2
0.000027 9
0.019375 56
0.001646 8
0.000050 61
75.834878 2
0.135823 2
0.150269 2
0.187771 2
0.657509 1
0.845847 2
0.166150 2
0.126581 2
0.737851 4
0.499863 4
0.030384 4
0.030376 4
0.029224 4
0.029943 4
0.032328 4
0.028470 4
0.028878 1
1.061968 1
0.323354 1
0.183135 1
0.167796 1
0.172656 1
1.409618 1
0.266264 1
0.138828 1
0.887683 1
0.511274 1
0.257807 1
0.202165 1
0.158930 1
0.172605 1
0.156656 1
0.353248 1
1.926433 1
0.510627 1
0.207763 1
0.117430 1
0.399642 1
1.357650 1
0.310500 1
0.151449 1
0.264130 1
1.654599 1
0.650317 1
0.170705 1
0.186289 1
0.291242 1
0.433464 1
0.633617 1
0.956833 1
0.021509 1
0.390645 1
1.776650 2
0.000007 9
0.154664 69
2.909957 1
0.107613 1
0.085608 1
0.187042 1
0.810979 1
0.781279 1
0.323530 1
0.132239 1
0.999502 1
0.586212 1
0.402382 1
0.228152 1
0.650819 1
0.810621 1
0.255912 1
0.258398 1
0.268512 1
0.289469 1
1.570897 1
0.207602 1
0.265395 1
0.664715 1
0.201829 1
1.737337 1
0.618006 1
0.497227 1
0.227019 1
0.618211 1
0.596944 1
0.162602 1
0.965861 1
0.837197 1
0.647131 1
0.197135 1
1.573890 4
0.853039 1
0.172292 1
0.198096 1
1.673203 1
0.711030 1
1.097978 1
0.570337 1
0.217955 1
0.187821 1
0.430728 1
0.334819 1
0.252293 3
0.162230 1
0.304694 1
0.617586 1
0.664562 1
0.258528 1
0.229363 1
0.388850 1
0.270484 1
0.201922 1
3.576304 2
0.000672 9
0.056752 8
0.000212 61
1.677603 1
0.153257 1
0.182058 1
0.213566 1
0.420884 1
0.412017 1
0.234161 1
0.637937 1
0.146391 1
0.386725 1
1.430388 1
0.659170 1
0.525925 1
0.432698 1
1.238370 1
0.592995 1
0.244544 1
0.319527 1
0.319710 1
0.161583 1
1.001712 1
1.074810 1
0.885847 1
0.293723 1
0.156299 1
0.359154 1
0.635069 1
0.936163 2
0.000034 16
0.000069 89
0.007475 2
0.000028 105
0.746940 1
2.002773 11
0.012698 69
3.150789 1
0.198159 1
0.130964 1
0.355251 1
0.209688 1
0.771327 1
0.264204 1
0.287866 1
0.233319 1
0.294417 1
2.258217 1
57.592092 1
2.742290 1
0.115538 1
0.939255 1
0.913073 1
0.355894 1
0.198650 1
0.526583 1
0.280476 1
0.593599 1
0.729941 1
0.469562 1
0.200137 1
0.282898 1
0.263693 1
0.159722 1
0.530551 1
1.541503 1
0.236970 1
0.244982 1
0.202305 1
0.264161 1
0.811510 1
1.634698 11
0.049058 8
0.000574 61
2.682575 1
0.710941 1
0.541576 1
0.285125 1
0.608833 1
0.380596 1
0.666362 1
0.546871 1
0.289363 1
0.661771 1
0.311406 1
0.106918 1
0.527666 1
0.770055 1
0.298696 1
0.899202 1
1.066479 1
3.621233 1
0.140299 1
0.745118 4
0.183525 4
13.806259 2
2.501869 2
1.180105 1
2.670646 4
0.209064 4
0.543551 4
1.466015 4
1.661756 4
2.440982 4
0.511681 4
0.247444 4
0.141676 4
0.196999 4
3.054046 11
0.115828 228
0.006346 69
9.689022 31
5.498839 4
0.394896 10
0.955224 3
0.499714 1
0.030490 1
0.031038 1
0.029517 1
0.029789 1
0.030119 1
0.029929 1
0.030002 1
0.029967 1
0.030520 1
1.148681 27
0.365366 32
1.245149 26
0.000011 9
0.003063 109
0.000329 230
0.000023 8
0.000356 61
5.087588 1
0.915038 1
0.777738 1
0.905117 1
0.841713 1
0.183298 1
0.214803 1
0.485579 1
0.633214 1
0.292243 1
0.283732 1
0.264691 1
3.154153 1
0.182076 1
0.205065 1
0.242116 1
0.281248 1
0.219435 1
0.769488 1
1.563219 1
0.282547 1
0.330693 1
0.269263 1
0.233647 1
1.175634 1
0.233506 1
0.379481 1
0.236938 1
1.077352 1
0.952734 1
0.155832 1
0.225007 1
0.271352 1
0.287558 1
1.359337 1
0.320451 11
0.004546 105
0.000538 8
0.000032 61
50.761444 2
0.168796 2
0.152871 2
0.404624 2
0.162128 1
0.913929 2
0.898858 2
0.249629 2
0.414703 4
0.500050 4
0.035451 4
0.024777 4
0.030428 4
0.030190 4
0.030358 4
0.028320 4
0.030369 1
0.958268 1
0.268102 1
0.498422 4
0.348378 1
0.172075 1
0.190637 1
0.188039 1
0.643150 4
0.500299 4
0.029634 4
0.127701 5
0.029063 1
0.029488 1
0.030345 1
0.029657 1
0.029230 1
0.029909 1
0.231270 1
0.486192 1
0.141933 1
0.393896 1
0.114126 1
1.203319 1
0.332083 1
0.078282 1
1.385360 1
0.392504 1
0.354871 1
0.337707 1
0.243207 1
1.058699 1
0.431480 1
0.549534 1
0.253219 1
0.284200 1
0.213387 1
0.191915 1
0.957126 1
1.111892 1
0.243241 1
0.333011 1
0.114050 1
0.274733 1
0.292936 1
1.718659 11
0.016950 77
0.000099 640
0.001343 69
2.229266 1
0.162627 1
0.117618 1
1.755271 1
0.787367 1
0.926874 1
0.711589 1
0.298797 1
5.252750 1
1.003249 1
0.149003 1
0.219702 1
0.300121 1
0.168229 1
0.217453 1
0.152512 1
0.273629 1
2.244218 1
1.084135 1
1.593231 1
0.180291 7
0.965010 1
0.034504 2
0.000043 54
0.000020 2
0.000032 87
0.306389 1
2.750804 1
0.284594 1
0.298843 1
0.224770 1
0.248993 1
0.429773 1
1.151455 1
0.724748 1
0.904889 1
0.756284 1
0.172525 1
0.270690 1
0.302323 1
0.816359 1
0.403263 1
0.390183 1
0.226190 1
0.340540 11
0.015739 2217
0.001010 69
4.970560 1
0.224040 1
0.592370 1
0.266938 1
0.895948 1
0.202972 1
1.422905 4
0.380128 1
0.278974 11
0.001932 141
0.000299 781
0.000058 61
3.738066 6
0.717233 1
0.703279 1
1.097873 1
0.749081 1
0.278772 1
0.133396 1
1.612438 1
0.738874 1
0.404154 1
0.671192 1
0.887252 1
5.038407 10
4.061055 3
0.150857 1
0.315449 1
0.128125 1
0.214769 1
2.384903 1
1.013400 1
0.127636 1
0.325288 1
0.319881 1
3.149179 10
1.628206 4
0.000015 9
0.003505 339
0.000155 8
0.000048 61
1.211683 1
0.284377 1
0.244553 1
0.197316 1
0.262710 1
0.389373 1
0.876887 1
0.830315 1
0.844209 1
0.317922 1
0.101482 1
0.397831 1
1.200533 1
0.462743 1
0.568513 1
0.954070 1
1.289269 3
0.774327 1
0.246559 1
0.126846 1
0.235997 1
2.001331 1
2.114789 4
0.190993 4
0.167929 4
0.156566 4
0.164722 4
0.166459 4
0.193157 4
0.638673 10
1.599708 3
0.938117 1
0.005306 1
0.388481 1
0.778604 1
0.202544 1
0.437860 1
4.323718 1
1.629896 1
0.112759 1
0.232557 1
0.280922 1
2.620711 10
1.389932 13
0.003130 356
0.000449 8
0.000077 61
1.308525 1
0.156373 1
1.574910 1
0.182796 1
0.322814 1
1.629688 1
0.730727 1
0.626923 1
0.596567 1
0.609351 1
0.279020 1
0.227874 1
0.223475 1
2.519516 1
0.417403 1
0.171951 1
0.172682 1
0.468003 11
0.005589 480
0.000159 8
0.000035 61
28.986980 2
0.715992 4
0.900459 1
0.268461 1
0.277324 1
0.329773 1
0.373178 17
