0.012495 17
0.000042 8
0.000093 61
1.316825 1
0.135051 1
0.107100 1
0.197784 1
0.670611 1
1.015756 1
0.606812 4
0.386470 1
0.035418 1
0.342560 1
0.115158 1
1.195798 1
1.109906 1
0.378654 1
0.384958 1
0.434726 1
0.499925 1
0.271039 1
0.228795 1
0.331429 1
0.325178 1
0.874972 1
0.122372 1
0.656315 1
0.485322 11
0.006076 33
3.717865 2
0.042597 114
0.000048 60
0.000032 2
0.000045 100
0.000034 2
0.000048 93
0.000036 2
0.000043 33
0.000041 2
0.000085 51
0.002079 8
0.000039 61
11.608560 1
0.623786 1
0.785066 1
0.908176 4
0.516655 1
0.194151 1
0.309193 1
0.529615 1
0.514628 1
0.317452 1
0.167857 1
0.363068 1
0.269456 1
0.276174 1
0.223169 1
0.250979 1
0.435086 11
0.017125 85
0.000037 61
26.778407 2
0.229616 2
0.133568 2
0.272105 2
0.143979 1
0.682028 4
0.500012 4
0.029557 4
0.030842 4
0.029508 4
0.030076 1
0.937454 1
0.290244 1
0.068030 1
0.556203 4
0.101932 4
0.245192 1
0.390919 1
0.278215 1
1.141678 1
0.207913 1
0.185687 1
0.799701 1
0.296903 1
0.866944 1
0.180561 1
0.328683 1
0.319094 1
0.367613 1
0.152708 1
0.142347 1
0.536284 1
1.257045 11
0.105027 33
0.498777 33
0.170857 176
0.041744 236
0.000042 4
0.030196 89
0.012918 242
0.012083 305
0.035688 139
0.054898 73
0.057060 116
0.137024 187
0.057054 60
0.183704 50
0.009784 50
0.002472 50
0.000373 50
0.006731 50
0.025943 50
0.000417 50
0.004959 50
0.001521 50
0.005963 50
0.002122 50
0.003432 50
0.000326 100
0.000444 50
0.000502 50
0.000437 50
0.458984 51
0.001291 51
0.020439 51
0.000787 51
0.127974 51
0.002784 51
0.015808 51
0.000073 51
0.000539 51
0.000388 51
0.002079 51
0.000393 51
0.029704 51
0.025053 51
0.000555 51
0.015814 51
0.002112 51
0.065612 51
0.000506 51
0.031641 51
0.000452 51
0.058065 51
0.000609 51
0.008937 51
0.001554 102
0.000404 51
0.000500 51
0.000406 51
0.001736 51
0.000274 51
0.000280 51
0.000348 51
0.002577 153
0.000402 51
0.031275 51
0.000452 51
0.018824 51
0.000552 51
0.041965 51
0.000435 51
0.034908 51
0.000066 51
0.023386 51
0.000070 51
0.008376 51
0.000019 153
0.081729 51
0.003876 51
0.099551 62
0.019665 132
0.000889 66
0.050322 134
0.159317 78
0.002165 139
0.000105 75
0.026266 119
0.011823 69
0.416307 1
0.131436 1
0.120279 1
0.688638 1
0.136209 1
0.319269 1
0.245460 1
0.436188 1
0.196632 1
0.270422 1
0.218215 1
1.018069 1
0.159428 1
0.188074 1
0.562584 1
0.155039 1
0.319037 1
0.854176 1
0.701449 1
0.217645 1
1.096838 1
0.459282 1
0.343725 1
0.327152 1
0.269348 2
0.001219 9
0.006655 6
0.000045 41
0.000609 8
0.000036 61
2.360085 24
0.270014 1
0.501038 1
0.030389 1
0.029366 1
0.030265 1
0.029290 1
0.030373 1
0.029947 1
0.030101 1
0.030471 1
0.029760 1
0.029703 1
0.030111 1
0.029835 1
0.030509 1
0.029068 1
0.187047 1
0.177491 1
0.421293 5
0.985198 3
0.466011 5
0.315407 11
0.014608 50
0.008500 52
0.000121 60
0.000112 2
0.009093 132
0.047645 134
0.141377 217
0.002003 75
0.026903 102
0.313862 195
0.099893 8
0.000196 61
3.830865 1
0.166624 1
0.166577 1
0.266398 1
0.137520 1
2.382581 1
0.889846 1
0.359537 1
0.253699 1
0.167570 1
0.282529 1
0.162101 1
0.153747 1
0.264164 1
0.692875 1
0.255201 1
0.365310 1
0.821083 1
0.428921 1
0.294422 1
0.248150 1
0.284155 1
1.194886 11
0.034050 75
4.959491 1
0.716183 2
0.011286 37
0.000991 52
0.015065 69
4.315887 1
0.197171 1
0.102287 1
0.349325 1
0.618239 1
1.095677 1
0.609147 1
0.708514 1
0.236305 1
0.189166 1
0.284787 1
0.193063 1
0.207549 1
0.580992 1
4.865295 11
0.018709 290
0.000016 98
0.027150 8
0.000006 61
4.802073 1
0.247697 1
0.122528 1
0.356020 1
0.146325 1
1.875329 1
0.553937 1
0.863438 1
0.290424 1
0.132863 1
0.248241 1
0.161951 1
0.166962 1
0.631352 1
1.062030 1
1.895484 1
1.049242 1
0.483905 1
0.126248 1
0.141696 1
0.167305 1
2.424502 4
0.181972 1
1.127118 1
0.368296 1
0.375501 1
0.248520 1
0.239037 1
0.479464 1
0.959879 1
0.013051 1
0.743672 1
0.908442 1
0.247867 1
0.387091 1
0.669504 11
0.038260 47
0.016690 69
5.269460 1
0.419646 1
0.120917 1
0.381507 1
0.131808 1
3.405593 1
3.141441 1
0.263214 1
0.451702 1
0.593276 1
0.301198 1
0.242231 1
0.185921 1
0.370302 1
0.251590 11
0.006461 53
0.001567 69
5.643874 14
0.762229 4
0.410283 1
0.396445 1
0.860691 11
0.006154 52
0.000031 2
0.000706 8
0.000049 61
4.193260 15
0.394271 4
0.203574 4
0.142593 4
0.152865 4
0.171954 4
0.164772 4
0.161962 4
0.178802 4
0.581249 1
0.192472 2
0.000447 9
0.018566 92
0.015239 69
3.512095 1
0.164054 1
0.157110 1
0.234084 1
0.187275 1
0.403132 1
1.158825 1
0.326398 1
0.246066 1
0.121722 1
0.239469 1
0.149589 1
0.189845 1
0.263415 1
0.916589 1
0.641763 1
0.596699 1
0.768823 1
0.490829 1
0.544666 1
0.773542 1
0.511087 1
0.208271 1
1.218919 1
0.457027 1
1.136528 1
0.430598 1
0.273851 1
0.434148 1
0.421305 1
0.186793 1
4.346969 1
0.135561 1
0.442658 1
0.729241 1
1.251295 1
0.834797 1
0.487114 1
0.141219 1
0.176927 1
0.086610 1
0.430839 11
0.046137 92
1.842405 1
1.004831 2
0.000066 51
0.000035 2
0.028603 38
0.000041 2
0.025132 8
0.000012 61
3.120579 1
0.085761 1
0.973751 1
0.515610 1
0.180171 1
0.887061 1
1.022743 1
0.503860 1
0.244969 1
0.500672 1
0.310152 1
0.271679 1
0.162621 1
0.347011 1
0.458061 11
0.016607 600
0.018813 8
0.000013 61
4.487365 1
0.210447 1
0.142738 1
0.346056 1
0.117615 1
0.994691 1
0.247113 1
0.794522 1
0.669746 1
0.419530 1
0.530139 1
0.910735 1
0.884942 1
0.916343 1
2.065962 1
0.565904 1
0.351644 1
0.423065 4
0.117235 1
0.217688 1
0.373661 1
1.097351 1
1.158591 1
0.790152 1
1.673310 1
0.428928 1
0.173921 1
0.117157 1
0.336581 1
1.620327 1
0.409475 1
1.521013 1
1.470338 1
0.927583 1
0.004797 1
0.967743 1
1.140470 1
0.523415 1
0.274982 1
0.738697 1
1.116487 1
0.150808 1
0.352612 1
0.209347 1
0.618508 11
0.015542 26
0.000018 2
0.000547 108
0.000057 2
0.004532 69
8.032746 38
0.192465 1
0.501254 1
0.028328 1
0.031661 1
0.029346 1
0.029527 1
0.030603 1
0.030011 1
0.030431 1
0.028933 1
0.030333 1
0.029655 1
0.029756 1
0.030778 1
0.030510 1
0.029420 1
0.030103 1
0.648536 3
0.355824 37
0.715695 33
1.014094 11
0.009515 28
0.003271 183
0.000010 15
0.000091 24
0.000064 10
0.000090 72
0.000064 10
0.000120 42
0.000753 107
0.000071 2
0.002511 54
0.012932 83
0.001638 10
0.005729 16
0.002423 69
3.744371 1
0.182902 1
0.141527 1
0.304758 1
0.166320 1
0.592465 1
0.255484 1
0.509197 1
0.297488 1
0.657847 1
0.968381 1
0.273376 1
0.404674 1
1.003897 1
0.368548 1
0.463645 1
0.369786 1
0.567214 1
0.989373 1
0.477291 1
0.654394 1
0.300912 1
1.138108 1
0.380830 1
0.368905 1
0.395545 1
0.368388 1
0.145007 1
0.464749 1
0.176053 1
3.862755 11
0.011486 8
0.000008 61
1.032230 1
0.224541 1
0.161565 1
0.287350 1
0.130999 1
0.477444 1
0.305850 1
0.230387 1
0.202972 1
0.208708 1
0.175869 1
1.460299 1
0.413882 1
0.208068 1
0.277108 1
1.325153 1
0.559790 1
2.161633 1
0.491433 1
0.467044 1
0.144176 1
0.149367 1
0.075771 1
2.117705 1
0.644327 1
0.870374 10
1.523224 1
0.483124 1
0.229744 1
0.529831 1
1.006492 1
0.514027 1
0.824987 1
0.252693 1
0.615132 1
0.668634 3
0.281791 1
1.098549 1
0.202277 5
1.226993 2
0.000006 9
0.036483 8
0.000194 61
2.281404 1
0.147561 1
0.681343 1
0.157934 1
0.506034 1
0.132067 1
1.244485 1
0.534911 1
0.567329 1
0.248257 1
0.257961 1
0.309574 1
0.777279 1
0.435217 1
1.009023 1
0.150984 1
0.716717 1
0.579881 1
0.180342 1
0.481200 1
0.393107 1
0.147379 1
0.348028 1
0.930623 1
0.003271 1
2.931281 1
0.072927 1
0.335493 11
0.009382 106
0.000146 8
0.000026 61
10.167624 1
0.317725 1
0.199483 1
0.286561 1
0.512402 1
5.859046 10
2.472006 3
1.153878 1
0.218083 1
0.322256 1
1.312267 1
2.161457 1
0.183375 1
0.729184 1
0.425972 1
0.272750 1
0.029937 1
1.089717 4
1.592500 1
0.141040 1
0.531092 4
0.163746 4
0.593543 1
0.139270 1
2.418811 1
0.699845 1
0.642747 1
0.354730 1
0.312492 1
0.239250 1
0.484365 1
0.354475 1
0.137509 1
0.354062 1
0.146665 1
0.900558 1
0.387399 1
0.507508 1
0.201146 1
0.710190 1
0.839645 1
0.462827 1
0.782427 1
0.130815 1
1.658200 1
0.841172 1
0.275542 1
0.400451 1
0.334519 1
0.122110 1
0.391079 3
0.125651 1
1.021340 1
0.535390 1
0.254378 1
0.411837 1
0.487694 1
0.588991 1
0.728675 1
0.505398 1
0.208181 1
0.320807 1
0.137324 1
1.131670 1
0.744029 1
0.683521 1
0.163038 1
0.885001 1
0.511211 1
0.167678 1
0.612079 1
0.146341 1
1.428329 4
0.726932 10
0.951360 3
0.805931 1
0.608247 1
0.820866 1
0.306011 1
0.112006 1
0.343689 1
0.528790 1
0.278820 1
0.122156 1
0.187352 1
3.298214 1
0.762065 4
0.186772 1
0.253643 1
0.217754 1
0.503462 1
0.514781 1
0.475859 1
0.313690 1
0.202371 1
4.213896 1
0.682794 1
0.173200 1
0.788062 1
0.126500 1
1.573926 1
1.344090 11
0.016113 62
0.003404 69
4.264034 1
0.156435 1
0.121917 1
0.378532 1
0.147496 1
1.278512 1
0.329957 1
0.266335 1
0.209023 1
0.402714 1
0.634950 1
0.688962 1
0.429242 1
1.568318 2
0.002018 9
0.010815 69
12.639664 1
0.151795 1
0.138663 1
0.185677 1
0.583493 1
0.776808 1
0.464894 1
0.196996 1
2.266795 1
0.342014 1
0.102083 1
0.399460 1
0.390818 1
1.607659 1
0.376829 1
0.422268 1
0.780922 1
0.916483 1
0.784268 1
0.623124 1
0.717765 1
0.479596 1
0.193830 1
0.324919 1
1.551208 1
0.944110 1
0.014865 1
0.029684 1
2.867911 1
0.643382 1
0.393456 1
0.282437 1
2.252228 1
0.625633 4
0.182254 1
0.379544 1
0.171959 1
0.096276 1
1.497248 1
0.452920 1
1.335715 1
0.333525 1
0.299078 1
0.254023 1
0.390343 1
0.355763 1
0.228698 1
0.240124 1
0.127415 1
2.849250 11
0.019822 110
0.015422 59
0.046669 69
2.022428 43
1.829929 1
0.500154 1
0.029960 1
0.030556 1
0.030219 1
0.028933 1
0.030088 1
0.030129 1
0.029678 1
0.031169 1
0.029377 1
0.030013 1
0.029805 1
0.030893 1
0.029248 1
0.030482 1
0.029881 1
0.029635 1
0.030486 1
0.029617 1
0.029874 1
0.031011 1
0.028954 1
0.029887 1
0.029724 1
0.032071 1
0.698098 3
0.229560 3
0.692025 53
0.500776 53
0.029731 51
0.030678 53
0.029255 53
0.030388 51
0.030017 53
0.029361 53
0.029573 53
0.030509 53
0.029525 53
0.142666 53
0.187913 53
0.341605 53
1.709811 49
0.135618 49
1.479707 49
0.537689 49
0.238441 49
1.345163 49
0.914533 49
0.764202 49
0.877485 49
0.718792 11
0.015909 31
0.001708 235
0.042788 117
0.001185 2
0.004201 8
0.000011 61
9.608277 1
0.271693 1
0.674823 1
0.293205 1
0.597810 1
0.217292 1
0.670860 1
0.468013 1
0.247255 1
0.299635 1
0.956033 1
0.479356 1
1.279455 1
0.191760 10
0.780389 2
0.000038 9
0.002732 142
0.000025 2
0.000034 87
0.000018 2
0.000256 8
0.000045 61
2.526238 1
0.359511 1
0.298345 1
0.488192 1
0.737171 1
6.218268 10
1.052866 3
0.304219 1
0.137728 1
0.168813 1
0.595611 1
0.555349 1
0.416764 1
0.325960 1
0.797961 4
0.496030 1
2.765811 10
1.619047 3
1.017854 1
0.467619 1
0.464554 1
0.277830 1
0.107540 1
0.238518 1
0.146416 1
0.314028 1
0.126025 1
0.163681 1
1.043391 1
0.549281 1
0.668221 1
0.185871 1
0.421111 1
0.966975 1
0.445423 1
0.187175 11
1.753702 3
0.105875 1
0.232221 1
0.150257 1
0.816972 1
0.404005 1
0.132060 1
0.137536 1
2.010721 11
0.010536 11
0.001257 8
0.000011 61
0.924016 52
3.272402 1
0.499999 1
0.030521 1
0.028975 1
0.029972 1
0.030578 1
0.028987 1
0.031043 240
0.029512 1
0.029945 1
0.030525 1
0.030020 1
0.030465 1
0.028643 1
0.030833 1
0.030189 1
0.131470 1
0.500243 1
0.030845 1
0.028762 1
0.030696 1
0.029326 1
0.030868 1
0.202531 1
0.197825 1
0.166349 1
0.213001 1
0.937880 3
0.260167 171
0.227596 168
0.221838 165
0.566524 164
0.136247 167
0.141308 170
0.934620 1
0.500910 1
0.029367 1
0.029517 1
0.031620 1
0.183443 1
0.217153 1
0.305194 1
0.406977 155
0.500706 152
0.030274 149
0.030423 146
0.029203 143
0.029425 139
0.030051 181
0.029958 149
0.029489 5
0.031028 5
0.030456 5
0.029009 5
0.029637 5
0.030420 5
0.030007 5
0.029953 5
0.029529 5
0.030586 5
0.029890 1
0.929613 1
0.000835 1
0.004006 11
0.009246 8
0.000043 2
0.001403 8
0.000049 61
3.975666 1
0.286896 1
1.146453 1
0.261975 1
0.470102 1
1.023861 1
0.393292 1
0.553608 1
0.209133 1
0.331857 1
0.902226 1
0.449014 1
0.229027 1
0.391908 1
1.178572 11
0.002938 56
0.000022 2
0.000025 45
0.000029 2
0.000025 65
0.000017 2
0.000378 8
0.000036 61
0.933377 1
0.802215 1
0.126082 1
0.894372 2
0.000077 9
0.007001 74
0.001026 79
0.000580 8
0.000053 61
0.853197 1
0.349611 1
0.304184 1
3.264194 4
0.178510 4
0.175703 4
0.164041 1
0.917527 1
0.037718 1
0.162862 1
0.342974 1
0.186236 1
0.458713 1
0.889511 1
0.588114 1
0.324752 11
0.019555 94
0.017996 69
1.765064 1
0.166433 1
0.158577 1
0.222762 1
0.157883 1
0.591465 1
0.744741 1
0.224568 1
0.791938 11
0.017954 90
0.018284 8
0.000090 61
1.024064 1
0.172964 1
0.155204 1
0.321879 1
0.132944 1
1.019663 1
0.653404 1
0.171811 1
0.672425 11
0.017573 89
0.000009 91
0.000136 2
0.017413 69
9.320481 1
0.135472 1
0.674801 1
0.151725 1
0.604808 1
0.148300 1
0.712582 1
0.437284 1
0.200431 1
0.621639 1
0.805667 1
0.617893 1
0.144374 11
0.422775 11
0.001866 233
0.000233 8
0.000075 61
95.038313 2
0.360937 2
0.112119 2
0.334825 2
0.133782 1
0.368070 2
0.161836 2
0.153640 2
0.622901 2
0.463733 1
0.460536 1
0.320970 2
0.299917 2
0.228642 2
1.134344 1
0.710234 2
0.182805 2
0.395269 2
0.141975 2
1.769209 2
0.577740 4
0.500681 4
0.029960 4
0.030173 4
0.030509 4
0.028687 4
0.029523 4
0.030948 4
0.029841 4
0.030681 4
0.029055 4
0.038371 4
0.022343 4
0.029399 4
0.029943 4
0.030032 4
0.030097 4
0.029736 4
0.030195 4
0.030262 4
0.030231 1
0.949447 1
0.289769 1
0.158573 1
0.192423 1
0.143264 1
0.249241 1
1.021496 1
0.225742 1
0.098849 1
0.580975 1
0.393501 1
0.623799 1
0.629881 1
0.254311 1
0.230911 1
0.479594 1
0.613980 1
0.142590 1
0.380389 1
0.121348 1
0.319072 1
1.396354 11
0.026925 75
0.001495 29
0.000029 34
0.000577 8
0.000051 585
0.000057 5
0.000098 55
0.000146 73
0.000029 677
5.996430 18
0.000070 4
0.501190 18
0.000028 4
0.346059 18
0.000167 4
0.177202 18
0.000330 4
0.152804 22
0.309729 22
0.194468 18
0.000047 4
0.244025 6
0.000122 12
0.000049 5
0.177511 23
0.239537 6
0.000486 17
0.183081 23
1.115655 6
0.000044 28
0.000572 12
0.000062 6
0.000049 4
0.498950 6
0.000213 16
0.029694 22
0.029751 18
0.000088 4
0.029707 18
0.000104 4
0.029546 18
0.000102 4
0.031208 18
0.000091 4
0.029797 18
0.000069 4
0.030187 11
0.000110 24
0.028731 6
0.000111 12
0.000105 4
0.029925 18
0.000092 4
0.029564 18
0.000139 4
0.031060 18
0.000115 4
0.028405 18
0.000102 4
0.030680 18
0.000109 4
0.029779 18
0.000030 4
0.029726 18
0.000067 4
0.029951 18
0.000092 4
0.030739 18
0.000080 4
0.029657 18
0.000084 4
0.029450 18
0.000052 4
0.030411 18
0.000113 4
0.030400 18
0.000086 4
0.028907 6
0.000066 12
0.000078 4
0.029956 6
0.000028 12
0.000052 4
0.030501 6
0.000040 12
0.000070 4
0.030163 18
0.000052 4
0.030549 6
0.000018 12
0.000052 4
0.028787 6
0.000021 16
0.029938 18
0.000054 4
0.029945 22
0.030411 18
0.000053 4
0.030416 22
0.029279 22
0.029634 22
0.030052 6
0.000100 16
0.030071 6
0.000029 16
0.029903 6
0.000604 16
0.030074 22
0.029171 22
0.029731 18
0.000048 4
0.031082 18
0.000112 4
0.028956 18
0.000079 4
0.029967 22
0.029414 18
0.000096 4
0.030824 18
0.000087 4
0.030491 18
0.000083 4
0.028844 18
0.000088 4
0.030002 18
0.000078 4
0.030178 18
0.000078 4
0.029947 18
0.000085 4
0.029577 18
0.000084 4
0.030149 18
0.000089 4
0.029997 18
0.000086 9
0.293928 18
0.000126 8
0.182224 18
0.000140 7
0.183056 18
0.000123 6
0.179707 18
0.000128 5
0.256900 18
0.000128 3
11.779193 18
0.000041 3
0.372118 18
0.000072 4
0.500967 6
0.000594 16
0.029102 18
0.000112 4
0.029960 6
0.000082 12
0.000071 4
0.030239 18
0.000120 4
0.028514 6
0.000108 16
0.031100 18
0.000108 4
0.029149 18
0.000084 4
0.029774 18
0.000075 4
0.029790 18
0.000111 4
0.031107 18
0.000092 4
0.028906 22
0.029628 18
0.000084 4
0.030857 18
0.000097 4
0.029934 18
0.000108 4
0.029913 18
0.000127 4
0.030380 22
0.029343 18
0.000111 4
0.030043 18
0.000089 4
0.029947 18
0.000096 4
0.029805 18
0.000101 4
0.030034 18
0.000108 4
0.030354 6
0.000067 16
0.028809 6
0.000361 16
0.029143 6
0.000329 16
0.030873 18
0.000098 4
0.030059 18
0.000064 4
0.029558 6
0.000095 12
0.000040 4
0.029951 18
0.000096 4
0.029826 6
0.000096 12
0.000033 4
0.030526 6
0.000028 16
0.028864 18
0.000101 4
0.030461 6
0.000119 12
0.000033 4
0.030307 6
0.000089 12
0.000012 4
0.028973 6
0.000045 12
0.000075 4
0.029772 6
0.000176 16
0.029973 6
0.000045 12
0.000084 4
0.030185 6
0.000121 16
0.029766 6
0.000128 16
0.030117 6
0.000042 12
0.000043 4
0.029311 18
0.000173 4
0.029836 6
0.000090 12
0.000039 4
0.029732 18
0.000089 4
0.029728 6
0.000132 12
0.000068 4
0.030328 6
0.000097 12
0.000032 4
0.029688 6
0.000110 12
0.000043 4
0.029615 6
0.000041 12
0.000160 4
0.030011 18
0.000075 4
0.029499 18
0.000081 4
0.167046 18
0.000069 4
0.173960 6
0.000027 12
0.000052 4
0.158122 6
0.000051 16
0.158842 6
0.000087 12
0.000038 9
0.158855 6
0.000033 12
0.000053 8
0.163744 6
0.000031 12
0.000054 7
0.159868 6
0.000087 12
0.000029 6
0.238716 18
0.000084 5
0.324778 6
0.000098 12
0.000006 3
3.504564 6
0.000681 58
0.000055 12
4.450804 14
0.000071 128
0.000657 309
1.024936 6
0.001079 1
0.000068 5
0.000055 37
0.002489 7
0.000057 15
0.000050 6
0.000068 8
0.000048 31
0.000196 437
0.413106 6
0.001923 66
0.002289 69
1.690258 1
0.169495 1
0.173383 1
0.345825 1
0.213134 1
0.248707 1
0.253330 1
0.274705 1
0.228095 1
0.218168 1
0.161835 1
0.658286 1
0.766477 1
0.168930 2
0.001795 9
0.011288 69
6.018571 1
0.275901 1
0.174750 1
0.228576 1
0.637412 17
