0.034551 28
0.002173 32
0.000122 22
0.000037 25
0.000334 8
0.000017 66
1.552176 1
0.163408 1
0.129893 1
0.214331 1
0.773897 1
0.213740 1
3.078049 5
0.636015 4
0.203923 4
0.191929 4
0.346455 1
0.247875 1
0.894403 1
0.061363 1
0.862238 1
0.108258 1
0.783833 11
0.000105 36
0.100243 28
0.002469 32
0.000141 47
0.000214 74
1.754558 1
0.110919 1
0.777817 47
0.378837 40
0.014590 30
0.002330 32
0.000116 22
0.000018 25
0.000173 74
3.961202 1
0.116131 1
1.035837 4
0.251975 4
0.195967 1
0.142253 1
0.813458 1
0.295723 1
0.560494 1
0.124555 1
0.411812 3
0.680247 11
0.000016 36
0.001745 173
0.000012 28
0.000102 55
0.000122 14
0.000055 14
0.000516 28
0.003256 54
0.000163 99
2.039597 1
0.305931 1
0.158171 1
0.625932 1
0.924294 11
0.000085 42
