0.030910 17
0.000431 28
0.001065 43
0.000045 58
0.000446 96
11.401803 1
0.423894 1
0.686029 1
0.115591 1
0.168487 1
0.733885 1
0.159677 1
0.193300 1
0.425014 3
0.211718 3
0.060315 3
0.271937 3
0.308049 3
0.175624 3
0.244108 3
0.113876 3
0.094384 3
0.218015 3
0.393993 3
0.168076 3
0.081949 3
0.227952 3
0.734012 3
0.058025 3
0.847635 3
0.183934 1
0.698284 1
0.080037 1
0.838089 1
0.070019 1
0.607316 1
0.778630 1
0.125661 1
0.157434 1
0.876976 3
0.113616 3
0.120476 3
0.490710 3
0.579207 1
1.150181 1
0.133491 1
0.171534 1
1.306638 3
0.382139 3
0.439769 3
0.279032 3
0.274889 1
0.485993 1
0.313882 1
1.710358 1
11.320075 1
0.115616 1
0.141954 1
0.212040 1
0.130003 1
0.290339 4
0.134015 4
0.233759 1
0.093822 1
1.700423 1
0.129984 1
0.727971 1
0.331843 1
0.148201 1
0.115900 1
0.484071 11
0.000060 36
0.003090 28
0.001049 43
0.000050 58
0.000072 96
1.965732 1
0.192523 1
0.159007 1
0.106439 1
0.271727 1
0.251594 12
0.344326 11
0.000038 36
0.002329 18
0.000424 28
0.001097 43
0.000042 33
0.000015 25
0.000068 96
2.134364 1
0.140011 1
0.315927 1
0.050017 1
0.211693 1
68.814699 4
0.177598 4
0.165667 4
0.187936 4
0.212162 4
0.103818 1
0.114388 1
0.213642 1
0.199978 1
0.448405 1
0.237927 1
1.270056 1
0.078006 1
1.110039 1
0.149945 1
0.363993 4
0.181647 4
0.091833 1
0.038529 1
14.638002 1
0.119878 1
0.071735 1
1.820525 1
0.075439 1
0.622533 4
0.139864 4
0.301990 1
0.382030 4
0.275747 1
0.050274 1
0.740184 1
1.253841 1
0.111936 1
0.183610 1
1.210419 1
0.487851 1
0.109791 1
0.113956 1
0.988398 1
0.173770 1
0.191646 1
0.356390 3
0.342203 3
0.618075 3
0.259546 11
0.000065 10
1.752312 1
0.235371 1
0.064659 1
0.253601 1
0.744369 1
0.099954 1
0.223715 1
0.296328 1
0.253623 1
0.618452 1
0.325591 1
0.099922 1
1.146377 1
0.352006 1
0.340178 1
0.069919 1
0.103542 11
0.000049 10
1.774311 1
0.251980 1
0.177740 1
0.544210 1
31.138254 1
0.041846 1
0.790037 1
0.063951 1
0.113911 1
0.153709 1
1.550429 1
0.221936 1
0.087571 1
0.110201 1
0.520379 1
0.107957 1
0.253857 1
0.108083 1
1.353949 1
0.121972 1
0.044002 1
0.115585 1
0.254432 1
0.255953 1
0.098127 1
0.401998 11
0.000044 10
1.235882 1
0.243969 1
0.078127 1
0.390519 1
0.404337 1
0.172631 1
0.152735 1
0.463704 1
0.218137 4
0.159864 4
0.125874 1
0.050077 1
0.148002 1
1.100142 1
0.111963 1
0.264014 1
0.221933 1
0.059109 1
0.610954 1
0.133819 1
0.238175 1
0.148499 1
0.497279 1
0.598127 1
0.071981 1
0.210141 1
0.578015 4
0.147930 4
0.804010 1
0.220065 1
0.275837 1
0.760002 1
0.483954 1
0.102073 1
0.384104 1
0.209414 1
0.934590 1
0.097977 1
0.143778 1
0.111696 1
0.096371 1
2.832045 1
0.153943 1
0.557900 1
0.793990 1
0.260148 1
1.303997 11
0.000041 10
0.617763 1
0.072189 1
0.185686 1
0.262215 4
0.107644 1
0.352633 2
0.000018 9
0.000006 36
0.002996 28
0.001152 43
0.000057 33
0.000098 33
0.000028 88
5.155748 1
0.051819 1
0.293880 1
0.040049 1
0.401787 4
0.137896 4
0.276046 1
0.106196 1
1.310091 1
0.102024 1
0.235898 1
0.159638 4
0.233504 4
0.040922 1
0.031983 1
0.216657 12
2.361248 1
0.105729 1
0.606842 1
0.082081 1
0.287201 1
0.882539 1
0.655754 1
0.097548 1
0.170078 1
0.102333 1
0.263510 1
0.408168 1
0.454254 4
0.292052 1
0.527807 1
0.442202 1
0.546016 1
0.317967 4
0.103630 1
0.400169 1
1.088189 1
0.304009 1
0.093683 1
0.838312 1
0.199135 1
0.093457 11
3.833409 11
0.000045 36
0.003257 28
0.001288 43
0.000048 58
0.000085 96
1.019258 1
0.054218 1
0.267787 1
0.041926 1
0.772136 1
0.084736 12
0.180921 11
0.000051 36
0.002256 85
0.000490 28
0.001166 43
0.000045 33
0.000003 25
0.000059 96
8.725477 17
1.360108 90
0.396019 1
0.209651 116
0.352402 20
0.181572 1
24.303216 1
0.147830 1
0.273709 1
0.046264 1
0.147596 1
0.748285 1
0.139775 1
0.177413 1
1.458897 3
0.137611 3
0.212126 3
0.114277 3
0.829901 3
0.266162 3
0.073950 3
0.195981 3
0.614581 3
0.805448 3
7.821154 1
0.443914 3
0.134498 7
0.145995 7
0.262457 3
0.320001 3
0.147615 1
1.344567 1
0.127692 1
0.390041 1
0.142064 1
0.209620 1
0.880371 1
0.079993 1
0.059617 1
0.412352 1
0.640021 1
0.050013 1
0.449879 11
0.000043 36
0.002441 8
0.000299 2
0.000179 28
0.001169 43
0.000060 58
0.000203 96
8.897563 1
0.011519 1
0.264266 1
0.142295 1
1.516708 1
0.085120 1
0.175740 1
0.226271 1
0.106343 1
0.169397 1
0.210129 1
1.572238 1
0.239719 1
0.072470 1
0.533655 1
0.332247 1
0.143600 1
0.084310 1
0.368089 1
0.365616 1
0.122549 1
0.107326 1
1.188452 1
0.123800 1
0.127082 1
0.441120 3
0.114033 3
0.344022 3
0.267626 11
0.000069 10
1.636219 1
0.522006 4
0.603999 1
0.185667 1
0.121958 1
0.674277 1
0.267920 1
0.163836 1
0.421699 1
0.177676 1
0.139594 1
0.189459 7
0.491933 11
0.000043 10
1.765977 1
0.095909 1
0.192125 1
0.126015 1
0.665972 1
0.123615 1
0.796483 11
0.000043 10
1.203741 1
0.153681 1
0.208126 1
0.108306 1
0.203649 1
1.060361 1
0.547793 4
0.209843 1
1.002334 11
0.000042 8
0.000022 2
1.953858 1
0.106121 1
0.213985 1
0.263944 4
0.241825 1
0.183903 1
0.139917 1
0.192371 1
0.532002 11
0.000040 10
1.109997 1
0.804006 1
0.278143 1
0.201506 1
0.120283 1
0.263721 1
0.111955 1
0.236083 1
0.372232 4
0.149697 1
0.186027 1
0.272397 1
0.231602 1
1.868005 1
0.262410 1
0.089523 1
0.206183 1
0.412126 1
0.850123 11
0.000039 10
0.844233 1
0.205329 1
0.161990 1
0.182510 1
1.165361 1
0.584395 1
0.120129 1
0.202000 1
0.606201 2
0.000010 9
0.000051 8
0.000003 2
0.837620 1
0.734053 1
0.078119 1
0.719948 1
0.085866 1
0.430075 4
0.141670 4
0.191992 1
0.062116 1
0.618371 1
0.223622 11
0.000041 8
0.000005 2
2.432126 1
0.315805 1
0.380014 1
0.135986 1
0.238023 1
0.512296 1
0.054006 1
0.498017 11
0.000042 10
2.193840 1
0.296131 1
0.147916 1
0.163659 1
0.143958 1
0.302210 1
0.761886 1
0.181962 1
0.088358 1
0.305697 1
0.189861 11
0.000034 8
0.000020 2
1.940375 1
0.207773 1
0.154279 1
0.227937 4
0.135642 4
0.056351 1
0.077742 1
0.454206 4
0.148049 4
0.046069 1
0.191849 1
0.148085 1
0.137957 4
0.121681 4
0.109968 1
0.071057 1
0.305172 1
0.410158 1
1.081216 1
0.436753 4
0.286058 1
0.231674 1
0.076350 1
0.365933 1
0.123601 1
0.374359 11
0.000041 10
1.515959 1
0.109679 1
0.184022 1
0.424356 1
0.020417 1
0.625602 4
0.229869 1
0.165834 1
0.448227 1
0.256041 1
0.219991 1
0.137515 11
0.000038 10
1.552432 1
0.171643 1
0.480467 1
0.283641 1
0.298558 4
0.185424 4
0.234223 1
0.092018 1
0.275825 1
0.436210 4
0.089783 1
0.165903 1
1.148356 1
0.575895 1
0.157788 4
0.155957 4
0.164010 1
0.076316 1
0.189617 4
0.400431 1
0.197625 11
0.000040 10
0.974349 1
0.109541 1
0.176263 1
0.494175 4
0.093588 1
0.614468 4
0.313727 1
0.163886 11
0.000019 36
0.002847 28
0.004858 43
0.000056 33
0.000008 25
0.000093 96
2.820431 1
0.195713 1
0.308137 4
0.127770 4
1.492370 1
0.123983 1
0.131573 1
1.024394 1
0.192022 1
0.091025 11
1.282998 11
0.000052 36
0.003294 24
0.000005 2
0.000495 28
0.003515 197
1.450661 1
0.129998 1
4.425938 1
1.642120 1
0.287541 1
0.284176 1
1.268521 1
0.088571 1
0.867160 1
0.182566 11
0.837464 11
0.000080 36
0.002661 17
0.002036 28
0.002002 43
0.000067 33
0.000122 25
0.000029 96
2.158952 1
0.277795 1
0.080308 1
0.921887 1
0.091993 1
0.205615 1
0.197986 4
0.150376 4
0.036080 1
0.107567 1
1.396510 1
0.225769 1
0.156658 11
0.543373 11
0.000038 36
0.002316 17
0.000425 28
0.001243 43
0.004031 154
6.990308 1
0.119362 1
0.233923 1
0.192370 1
0.361750 1
0.183928 1
0.688308 1
0.359844 1
0.143606 11
0.472546 11
0.000041 36
0.002315 17
0.000418 28
0.001248 43
0.000041 33
0.000025 25
0.000053 8
0.004122 88
3.239823 1
0.474531 1
0.181036 1
0.238061 1
0.388246 1
0.610166 1
0.421906 1
0.329809 4
0.179862 1
0.202151 1
0.227878 1
0.123193 10
0.721140 2
0.000008 9
0.000043 36
0.002662 18
0.002194 28
0.002035 43
0.000097 58
0.000145 96
1.580792 1
0.143573 1
0.522376 1
0.068052 1
0.181608 1
0.226086 1
0.060281 1
0.118781 10
0.180924 11
0.000073 36
0.002489 124
0.000495 28
0.004568 43
0.000068 33
0.000005 25
0.000072 8
0.000022 88
2.904563 1
0.053960 1
0.070023 1
0.571932 1
0.628091 1
0.763927 1
0.080014 1
1.244040 1
0.111927 1
0.133595 1
0.584445 1
0.175997 1
0.640058 11
0.000039 36
0.004166 32
0.000999 43
0.000055 33
0.000076 25
0.000066 96
8.389822 12
0.436116 1
0.499753 1
0.002037 1
0.028969 1
0.031503 1
0.030244 1
0.030368 1
0.030475 1
0.030549 1
0.404484 3
0.272891 3
0.178390 3
0.499968 3
0.001206 3
0.030507 3
0.030409 3
0.030473 3
0.030929 3
0.030391 1
0.030808 1
0.362525 1
0.323740 2
0.000006 9
0.000051 36
0.002512 187
0.000724 28
0.003937 197
2.472717 1
0.054233 1
0.119787 1
1.296367 1
1.125617 1
0.254076 4
0.195501 4
0.862453 1
0.299977 1
0.072033 1
0.802020 1
0.358016 1
0.139982 1
0.630071 1
0.393895 1
0.123997 1
0.199660 1
0.268356 1
0.519951 4
0.199852 1
0.304062 11
0.000043 36
0.006634 4
0.000695 28
0.002034 43
0.000092 33
0.000032 25
0.000101 8
0.000053 88
7.533839 14
0.069604 1
0.185701 1
0.140215 1
0.499854 1
0.001156 1
0.029695 1
0.030945 1
0.050511 1
0.036828 1
0.381363 3
0.436730 9
0.574022 5
1.111061 3
0.267577 3
0.579334 2
0.000028 9
0.000028 36
0.004829 4
0.000044 28
0.001332 43
0.000108 33
0.000061 25
0.000055 96
15.845521 1
0.001590 1
0.282328 1
0.222039 1
0.759997 1
0.177713 1
0.518278 1
0.084055 1
0.167664 1
0.532179 1
0.066172 1
0.198978 1
0.472996 3
0.101591 3
0.114157 3
0.416373 3
0.133920 3
0.441381 3
0.702568 1
0.301813 4
0.306140 1
0.143709 1
0.306089 1
0.418031 4
0.476209 1
0.125645 1
0.254351 11
0.000056 10
1.365981 1
0.159933 1
0.965897 1
0.064161 1
0.171648 1
0.310258 1
0.151737 1
0.497342 1
0.787047 3
0.241747 3
0.094261 3
0.183624 3
0.133886 3
0.764626 3
1.021817 3
0.075997 3
0.097700 3
1.196297 3
0.255803 3
0.303920 7
0.238059 3
0.074161 3
0.173704 3
0.260332 3
0.313854 3
0.130159 3
0.497979 11
0.000051 10
1.840001 1
0.103546 1
0.206371 1
0.062110 1
0.181606 1
0.598245 1
0.209797 1
0.666336 1
0.101947 1
0.207670 1
0.352318 1
0.149668 1
0.294346 1
1.065992 1
0.127652 1
0.046481 1
1.379861 11
0.000051 36
0.000213 28
0.001333 43
0.000066 58
0.000049 8
0.000021 88
2.316303 1
0.107966 1
0.179735 1
0.734345 1
0.127939 1
0.220777 1
1.911262 3
0.107609 3
0.354343 3
0.179064 3
0.194191 1
1.254807 1
0.155611 1
0.297963 4
0.152343 4
0.225721 1
0.223923 1
0.271369 1
1.100987 3
0.710066 3
0.149605 3
0.310471 7
0.273696 3
0.417454 3
0.298724 1
0.623805 1
0.073752 1
1.200414 1
0.040048 1
0.195619 1
0.218035 1
0.108005 1
0.370400 1
1.469892 1
0.167645 1
0.108395 1
0.223689 1
1.154302 1
0.083950 1
1.276064 1
0.279888 1
0.118113 1
0.763996 1
0.506013 1
0.325875 11
0.000046 36
0.002705 5
0.000447 28
0.003871 197
2.669030 1
0.103990 1
0.223636 1
0.150347 1
0.263730 1
0.296249 4
0.356058 1
0.085990 1
0.146695 1
0.680797 120
1.492525 1
0.078615 7
0.101380 11
0.000069 36
0.002296 540
0.000426 28
0.001427 197
131.945695 2
0.002078 2
0.363923 1
0.189677 4
0.143903 4
0.216035 4
0.538408 1
0.071970 1
0.227644 1
1.378329 1
0.241676 1
0.531672 3
0.250632 1
0.248939 1
1.035066 3
0.084075 3
0.091765 3
0.235400 1
0.164802 3
0.407088 3
0.464181 1
0.124317 7
0.213281 3
0.184963 1
0.730170 1
0.111983 1
0.132820 1
0.469254 3
0.205641 3
0.204079 3
0.222229 7
0.191653 3
0.279426 3
0.120672 1
1.420066 1
0.089791 1
0.364369 1
0.073933 1
0.283670 1
0.222270 1
0.091999 1
0.064200 1
0.365367 1
0.226313 4
0.158972 5
0.937255 1
0.580225 1
0.089806 1
1.325861 1
0.088102 1
0.200027 1
0.136056 1
0.291923 1
0.688023 1
0.434004 1
0.209814 1
0.520066 1
0.593872 1
0.144227 1
0.095669 1
3.228318 1
0.082033 1
0.067926 1
0.700205 1
0.095922 1
0.119908 1
0.096042 1
0.101667 1
0.824619 1
0.553771 1
0.139589 1
0.064360 1
0.197750 1
0.770241 1
0.094005 1
0.108591 1
0.969399 1
0.365888 1
0.117712 1
0.236425 1
0.763972 1
0.103640 3
0.042430 1
0.587868 11
0.000054 36
0.007394 137
0.000007 88
4.496878 1
0.243750 1
0.143964 1
0.473937 4
0.185700 1
0.098357 1
1.546036 1
0.056066 1
0.138741 7
0.357022 11
0.000034 36
0.002243 29
0.000449 28
0.001310 43
0.000056 33
0.000021 25
0.000056 96
0.591226 13
0.548100 1
0.499838 1
0.001880 1
0.028920 1
0.030411 1
0.030940 1
0.431607 3
0.218672 5
0.132601 5
0.509713 5
0.108113 5
0.211950 11
0.000061 36
0.002301 55
0.000448 28
0.004511 197
0.941994 13
3.308680 4
0.499341 4
0.001257 4
0.029967 4
0.030946 4
0.030414 4
0.169726 4
0.151989 4
1.914326 4
0.478002 1
0.096004 1
0.140765 1
0.561315 1
0.140654 7
0.303222 2
0.000022 9
0.000050 36
0.002209 540
0.000444 28
0.001249 43
0.000779 154
3.190531 14
0.183751 33
0.204044 24
0.184109 76
0.532146 247
0.407731 48
1.101045 11
0.000055 36
0.005568 230
6.524030 34
0.003426 91
0.193835 34
0.222422 107
0.219983 33
0.263635 24
0.214147 76
0.520032 247
0.316004 48
0.288178 152
0.275587 253
0.366363 80
0.643746 273
0.499799 1
0.001255 1
0.029753 1
0.030380 1
0.030343 1
0.030542 1
0.030252 1
0.030395 1
0.030397 1
0.030991 1
0.030918 1
0.031077 1
0.030983 1
0.030463 1
0.031373 1
0.031435 1
0.030551 1
0.030933 1
0.031012 1
0.030485 1
0.030536 1
0.030937 1
0.030428 1
0.030370 1
0.030380 1
0.030485 1
0.030393 1
0.030431 1
0.030624 1
0.030281 1
0.030573 1
0.030397 1
0.030501 1
0.030433 1
0.031007 1
0.030073 1
0.030284 1
0.030544 1
0.031425 1
0.030933 1
0.030360 1
0.030480 1
0.030035 1
0.030318 1
0.030003 1
0.486341 3
0.499651 3
0.001080 3
0.029749 3
0.030908 3
0.030067 3
0.030313 3
0.030399 3
0.030914 3
0.030077 3
0.030326 3
0.030441 3
0.030464 3
0.030437 3
0.030341 3
0.030074 3
0.030339 3
0.030043 3
0.030374 3
0.030282 3
0.030594 3
0.030339 3
0.030426 3
0.030044 3
0.030069 3
0.030174 3
0.030325 3
0.030977 3
0.030094 3
0.030096 3
0.030436 3
0.030068 3
0.030100 3
0.030251 3
0.030911 3
1.074833 3
0.499573 3
0.001107 3
0.029660 3
0.030806 3
0.030053 3
0.030296 3
0.030458 3
0.031001 3
0.030002 3
0.030273 3
0.030874 1
0.031211 1
0.030153 1
0.030300 1
0.030587 1
0.030728 1
0.240866 1
0.007309 273
2.458820 1
0.499491 1
0.001010 1
0.029803 1
0.032054 1
0.030856 1
0.030296 1
0.030959 1
0.030961 1
0.030376 1
0.030228 1
0.031013 1
0.031448 1
0.031003 1
0.031555 1
0.030842 1
0.030163 1
0.029982 1
0.031263 1
0.030895 1
0.030308 1
0.030628 1
0.030000 1
0.031525 1
0.030892 1
0.030526 1
0.030441 1
0.030508 1
0.030921 1
0.174835 224
0.501002 227
0.001391 230
0.099027 3
0.245796 3
0.182018 3
0.125938 3
0.126618 239
0.500651 242
0.004370 245
0.031912 248
0.196860 3
0.191860 3
0.188475 257
0.200232 260
0.241730 263
0.179938 266
0.704433 14
0.000051 36
0.000325 28
0.003775 197
2.461761 1
0.041990 1
0.237850 1
0.090148 1
0.373870 1
0.784113 4
0.330006 1
0.068033 1
0.180505 1
0.545498 1
0.150627 7
0.171394 11
0.000045 36
0.002410 870
0.000460 28
0.001588 197
2.406546 1
0.074895 1
0.169657 1
0.166027 1
0.278356 1
0.075982 1
1.463975 1
0.245997 1
0.129581 1
0.824423 1
0.405774 1
0.081876 1
0.576323 1
0.356005 1
0.169577 1
0.216162 1
0.097539 6
1.626696 1
0.073916 1
1.236138 1
0.181935 1
0.243883 1
0.238284 1
0.086006 1
0.219513 1
0.368398 4
0.281704 11
0.000060 36
0.002737 4
0.000438 28
0.001297 197
0.737070 29
0.217805 48
0.822867 11
0.000034 36
0.002508 870
0.001452 28
0.002227 43
0.000113 33
0.000015 25
0.000088 96
61.017854 2
0.067685 2
0.191611 1
1.462382 1
0.060066 2
0.097965 1
0.359995 4
0.139596 4
0.129926 4
0.118082 4
0.119988 4
0.119099 4
0.116873 1
0.546315 1
0.078070 1
0.105615 1
0.128295 1
0.202100 1
0.102119 1
0.903831 1
0.109727 1
0.524165 1
0.504044 1
0.510073 1
0.129685 1
0.460575 1
0.091830 1
0.213625 1
0.147565 7
1.460692 1
0.091688 1
0.294207 1
0.116118 1
0.072035 1
0.405982 1
0.123690 1
0.458306 4
0.153996 4
0.100037 1
0.073975 1
0.166088 1
0.638049 1
0.087832 11
0.000051 36
0.002592 90
0.000438 28
0.001438 197
9.067189 31
0.138974 107
0.160217 43
0.430475 48
0.254056 87
0.309481 1
0.499576 1
0.001863 1
0.030717 1
0.031195 1
0.031831 1
0.031464 1
0.030838 1
0.030540 1
0.030375 1
0.030400 1
0.031091 273
0.030435 1
0.030502 1
0.030464 1
0.031248 1
0.030526 1
0.030589 1
0.030350 1
0.030323 1
0.030435 1
0.030366 1
0.031016 1
0.030302 1
0.030468 1
0.307812 3
0.281523 3
0.267141 267
0.499352 264
0.001389 261
0.030170 258
0.031078 255
0.031208 252
0.030424 249
0.031008 246
1.633171 243
0.147582 239
0.140332 236
0.253915 215
0.558062 234
0.146041 236
0.485980 236
0.140057 215
1.997879 234
0.135901 236
0.117961 239
1.174250 242
0.318000 245
0.827968 248
0.174780 1
0.500562 1
0.001242 1
0.030087 1
0.031101 1
0.030424 1
0.030361 1
0.031350 1
0.340125 233
0.171676 230
0.140101 227
0.131838 223
0.126050 220
0.962375 220
0.335575 223
0.128104 226
0.822217 5
0.000046 9
0.000037 36
0.000284 28
0.001480 101
0.002027 96
4.101242 65
0.194337 317
0.407742 1
0.499553 1
0.002003 1
0.029441 1
0.030441 1
0.030027 1
0.030026 1
0.030463 1
0.030454 1
0.030501 1
0.030473 1
0.030450 1
0.031044 1
0.030372 1
0.030892 1
0.031029 1
0.030977 1
0.030514 1
0.030956 1
0.030384 1
0.031456 1
0.030557 1
0.030407 1
0.145437 3
0.499241 3
0.001030 3
0.030539 3
0.034174 3
0.323210 1
0.334180 1
0.209295 1
0.178132 1
0.291224 5
0.221738 5
0.143962 5
1.456290 5
0.155889 5
0.331117 1
16.848544 3
0.262386 5
0.188101 5
0.474006 5
0.127845 5
0.149023 1
0.817061 5
0.281091 3
0.188501 9
1.046431 5
0.233990 5
0.147634 5
0.902341 5
0.922068 5
0.375661 5
0.294262 5
0.503875 5
0.135773 5
0.262304 5
0.337851 5
5.293368 1
0.194233 1
0.499811 1
0.001089 1
0.168897 1
0.153833 1
0.384328 1
0.164267 5
0.160113 5
0.136231 5
0.116110 5
0.337675 5
0.498236 5
0.561423 3
0.245342 1
0.134177 5
0.147694 3
0.499567 3
0.001291 3
0.030159 3
0.030968 3
0.030867 3
0.030272 3
2.339677 3
0.500523 3
0.001058 3
0.029912 3
0.030917 3
0.030409 3
0.030824 3
0.030480 3
0.030881 3
0.031030 3
0.030837 3
0.030616 3
0.030346 3
0.031691 3
0.030377 3
0.031113 3
0.031192 3
0.029685 3
0.031012 3
0.030377 3
0.030446 3
0.030339 3
0.030254 1
0.073964 4
0.500205 4
0.001271 4
0.031380 4
0.030778 4
0.031479 4
0.030371 4
0.030436 4
0.029959 4
0.698267 1
0.111739 1
0.760384 1
0.081990 1
0.079697 1
0.067910 1
0.310345 1
1.258055 1
0.297864 1
0.118106 1
0.632370 4
0.135666 4
0.105638 1
0.278128 1
0.396197 2
0.000044 9
0.000029 36
0.004519 28
0.001909 43
0.000061 33
0.000040 25
0.000114 96
6.271455 1
0.073875 1
7.133941 4
0.190788 4
0.134924 1
1.802287 1
0.088104 1
0.042016 1
0.127575 1
0.696335 1
0.591937 4
0.149769 5
0.912260 4
0.278115 4
0.151628 4
0.274595 4
0.167799 4
0.329856 1
0.077326 1
0.158439 1
0.343987 4
0.484290 1
0.123315 1
0.694735 1
0.117968 1
0.419924 1
0.710067 4
1.395930 4
0.499993 4
0.002417 4
0.028181 4
0.029961 4
0.030043 4
0.030939 4
0.030079 4
0.031130 1
0.030707 1
0.030791 1
0.030281 1
0.031725 1
0.031351 1
0.031366 1
0.063172 1
0.109914 1
0.080041 2
0.000006 9
0.000041 36
0.003305 246
0.000705 28
0.001332 43
0.000066 58
0.000109 96
5.664167 2
0.276914 35
2.966602 1
0.500405 1
0.001153 1
0.029585 1
0.030880 1
0.209818 3
0.499997 3
0.001128 3
0.034382 3
0.026738 3
0.030078 1
0.030187 1
0.030663 1
0.030291 1
0.030430 1
0.030934 1
0.121233 1
0.064726 4
0.499366 4
0.001259 4
0.031799 4
0.031770 4
0.031057 4
0.031320 4
0.030931 4
0.030381 4
0.030552 4
0.030112 4
0.030398 4
0.030767 4
0.030218 4
0.031264 4
0.030385 4
0.030876 4
0.031188 4
0.030711 4
0.030108 4
0.030587 4
0.030603 4
0.030309 4
0.030467 4
0.030349 4
0.031527 4
0.030388 4
0.031528 4
0.030964 4
0.030603 4
0.030470 4
0.030692 4
0.030365 4
0.031118 1
0.030739 1
0.030129 1
0.030314 1
0.030544 1
0.030857 1
0.030855 1
0.030819 1
0.030681 1
0.029667 1
0.030872 1
0.031080 1
0.030595 1
0.030579 1
0.030403 1
0.030485 1
0.030963 1
0.030884 1
0.031624 1
0.028907 1
0.030172 1
0.031304 1
0.031470 1
0.030914 1
0.030260 1
0.032024 1
0.030477 1
0.030125 1
0.030819 1
0.030460 1
0.030547 1
0.029956 1
0.029963 1
0.032053 1
0.031084 1
0.030761 1
0.030379 1
0.034500 1
0.026190 1
0.030226 1
0.030186 1
0.030439 1
0.502703 1
0.115623 1
0.062102 1
0.657949 4
0.163726 4
0.157047 4
0.126946 1
0.108039 1
0.086241 1
0.233807 1
0.088279 1
1.749891 1
0.082180 1
0.089473 1
0.058283 1
0.130401 5
0.503695 2
0.000054 9
0.000060 36
0.002307 630
0.000455 28
0.001368 197
3.825715 1
0.082048 1
0.163500 1
0.444238 1
0.523849 4
1.211853 1
0.078501 1
0.104006 1
5.723992 4
0.768067 4
0.567913 4
4.412043 4
1.627982 1
2.595970 1
0.783982 4
0.586015 1
0.489683 1
0.248075 1
0.250312 1
1.021969 1
0.169995 1
0.173703 1
0.772413 1
1.085813 1
0.223884 1
0.135845 1
0.086349 1
0.337991 1
0.174575 7
1.463393 1
0.095626 1
0.500316 1
0.228119 1
0.650009 1
0.437860 1
0.106256 1
0.195441 11
0.000053 36
0.002813 5
0.000433 28
0.004117 197
8.220086 30
0.200059 48
0.195958 18
0.174155 35
0.155901 153
0.467873 1
0.500264 1
0.002361 1
0.028893 273
0.030425 1
0.030461 1
0.030059 1
0.030608 1
0.030433 1
0.030599 1
0.030408 1
0.030344 1
0.030113 1
0.030432 1
0.030395 1
0.029997 1
0.030372 1
0.030399 1
0.128105 253
0.210010 249
0.203971 246
0.286280 230
0.091623 5
0.499375 5
0.001381 5
0.030146 5
0.031023 5
0.031024 5
0.131450 5
0.155718 5
0.155941 5
0.142300 5
0.113619 5
0.174023 5
0.192033 5
0.134296 5
0.906096 5
0.100019 5
0.067581 5
1.002369 5
0.131986 5
0.738122 5
0.097926 5
0.279695 5
0.092294 5
0.803964 5
1.591978 5
0.152036 5
0.311812 5
0.476186 5
2.320035 244
0.636045 246
0.127593 249
0.374327 252
0.089976 255
0.016578 258
0.579478 261
0.672009 264
0.263694 267
0.400213 270
0.068076 273
2.219891 276
0.417716 277
0.382167 276
2.264215 5
0.000023 9
0.000045 36
0.000359 28
0.001648 43
0.002088 154
3.175803 1
0.086004 1
0.085016 1
0.802999 1
0.083958 1
0.039662 1
0.936371 1
0.143643 1
0.147063 1
1.007293 3
0.083978 3
0.161610 3
0.551468 3
0.227074 1
1.069790 1
0.248054 4
0.247681 1
0.093902 1
0.574347 1
0.082061 1
0.171655 1
0.148924 7
1.437487 1
0.091586 1
1.148342 1
0.144040 1
0.851960 1
0.525924 1
0.349809 1
0.227963 11
0.000048 36
0.002688 5
0.000432 28
0.001314 197
1.390975 31
4.892061 1
0.500594 1
0.001119 1
0.030456 1
0.031104 1
0.030575 1
0.030452 1
0.030043 1
0.030402 1
0.030444 1
0.030180 1
0.031456 1
0.030825 1
0.030409 1
0.031060 1
0.030889 1
0.030386 1
0.030943 1
0.030499 1
0.386027 3
0.440629 5
0.499675 5
0.001348 5
0.029900 5
0.030471 5
0.030445 5
0.031034 5
0.030721 5
0.030544 5
0.030353 5
0.030464 5
0.546206 5
0.481139 5
2.995970 2
0.000022 9
0.000042 36
0.002418 123
0.000258 3
0.000435 28
0.001411 43
0.002784 154
1.023804 20
0.271737 23
0.316131 20
0.284126 84
0.199537 84
0.499270 23
0.001553 1
0.029672 1
0.030074 1
0.030289 1
0.030342 1
0.030533 1
0.247207 1
0.007668 20
0.499435 84
0.000950 161
0.031614 313
0.619788 48
0.165590 43
0.362088 103
0.392722 1
0.500138 1
0.001487 1
0.029836 1
0.030502 1
0.031003 1
0.030337 1
0.030445 1
0.030383 1
0.030144 1
0.031526 1
0.030107 273
0.030896 1
0.031145 1
0.030949 1
0.030052 1
0.030415 1
0.030598 1
0.030926 1
0.031001 1
0.030115 1
0.030395 1
0.030126 1
0.233366 3
0.833950 3
0.167771 3
0.130091 3
0.330588 275
0.499358 272
0.001499 269
0.030003 266
0.030975 263
0.030915 260
0.030781 257
0.030602 254
0.030951 251
0.030410 247
0.031002 244
0.031027 227
0.031486 5
0.030418 5
0.030966 5
0.031089 5
0.031370 5
0.030461 5
0.031222 5
0.031348 5
0.031025 5
0.030360 5
0.030539 5
0.030441 5
0.126036 5
0.141601 5
0.144083 5
2.840278 5
0.165725 5
0.160269 5
1.212088 5
0.153940 5
0.111715 5
0.410129 5
0.179923 5
0.127864 5
0.412310 2
0.000028 9
0.000045 36
0.000349 28
0.001305 43
0.000047 33
0.000003 25
0.000080 96
3.702234 1
0.073958 1
0.393904 1
0.350051 1
0.145599 1
0.110497 1
1.761958 1
0.401980 1
0.377981 4
0.161600 1
0.264452 1
0.169705 1
0.335954 4
0.177992 4
0.191991 1
0.606593 4
0.171536 1
0.167852 1
0.580344 1
1.078004 1
0.344022 1
1.581990 1
0.632155 1
0.085842 1
0.457299 1
0.392222 1
0.476434 4
0.230004 1
0.144755 7
1.519267 1
0.096056 1
0.337903 1
0.211795 1
0.354302 1
0.181636 1
0.274584 1
1.362003 1
0.103445 1
0.574350 1
0.076017 1
0.135765 1
0.175678 1
0.790445 1
0.340148 4
0.121889 1
0.119745 1
0.658123 1
0.120135 1
1.143947 1
0.144055 1
0.467834 1
0.348107 4
0.159683 1
0.113902 1
0.126467 1
1.469912 1
0.657945 11
0.000046 36
0.003541 3
0.000454 28
0.001298 43
0.002444 154
0.749878 46
0.306442 4
0.163769 4
0.165874 4
0.490062 4
0.332085 4
0.261960 4
0.980270 1
0.032081 1
0.295637 1
0.248265 1
1.076021 1
0.451833 1
0.482155 1
0.040054 1
0.249619 2
0.000008 9
0.000051 36
0.003587 5
0.001524 28
0.000076 43
0.000082 33
0.000027 25
0.000073 8
0.000028 88
6.148891 1
0.178022 1
0.135941 1
0.201996 1
0.961965 11
0.000043 42
