0.027042 17
0.000364 28
0.002848 43
0.000106 58
0.000197 96
2.739172 1
0.155480 1
1.124480 1
0.061916 1
0.115600 1
0.066017 1
0.866275 1
0.828096 1
0.102029 1
1.641978 1
0.275997 1
0.185876 8
0.738139 11
0.000049 36
0.001983 28
0.001652 43
0.000102 33
0.000038 25
0.000109 96
0.900079 1
0.135984 1
0.327598 1
0.106364 1
0.201832 8
0.624258 11
0.000078 36
0.008650 20
0.002293 28
0.001907 43
0.000110 58
0.000077 96
1.486859 1
0.069913 1
0.252043 1
0.078074 1
3.153918 1
0.122085 1
0.328665 8
0.707315 11
0.000051 36
0.002392 532
0.000600 28
0.002009 43
0.000090 58
0.000159 96
3.024737 1
0.195489 1
0.384471 1
0.077992 1
0.135803 11
0.000043 42
