0.019740 17
0.000465 28
0.001868 43
0.000062 58
0.000185 8
0.000007 88
1.637894 1
0.063960 1
0.057879 1
0.878050 1
0.897907 1
0.316056 1
0.377941 1
0.132141 1
0.153167 1
1.936933 3
0.066520 3
0.284404 3
0.926994 1
0.833897 1
1.628156 1
0.993942 1
1.221950 1
0.382049 1
0.079870 1
0.826182 1
0.091857 1
0.144069 1
0.415961 4
0.117933 4
0.304123 4
0.138037 1
0.061822 1
0.135998 1
0.172083 1
0.887988 1
0.329834 1
0.078284 1
0.155084 1
0.952986 3
0.011780 3
0.192153 3
0.507915 7
0.136889 7
0.351166 7
0.097922 3
0.173957 3
0.006043 3
0.015757 3
0.000106 3
0.356127 7
0.134140 7
0.132286 7
0.295681 3
1.221915 3
0.682072 3
0.121987 3
0.149599 3
2.048303 3
0.362000 7
0.292042 3
0.287985 3
1.267927 3
0.582148 3
0.212008 3
0.251984 3
0.156618 3
0.099277 3
0.079982 3
0.075925 3
0.850073 3
0.288834 3
1.327184 3
0.734013 3
0.038518 3
0.219460 3
0.578152 3
0.121432 3
0.540259 3
0.334227 7
0.058004 3
0.067527 3
1.774451 3
0.935906 3
0.283973 3
0.284001 3
1.776141 3
0.071989 3
0.872035 3
0.241608 3
0.450154 3
0.119920 3
0.742101 278
0.273766 3
1.012359 3
0.757594 3
1.208277 3
0.237721 3
0.721788 3
0.206218 1
0.574165 4
0.692201 1
0.685973 1
0.119584 1
0.154025 1
1.110462 1
0.409634 1
0.086427 1
0.164498 1
0.597208 3
0.101787 3
0.228371 3
0.064119 3
0.085484 3
3.942592 3
0.629900 3
0.111586 3
0.221231 1
0.766957 5
0.042275 5
0.153574 5
0.315994 5
1.017027 3
0.431048 3
2.084308 3
0.148052 3
0.103615 3
0.334092 3
0.470001 7
0.336209 3
0.431890 3
0.418172 3
0.337599 7
0.151882 7
0.162430 3
0.135768 7
0.118248 7
0.095551 7
0.914503 3
0.064004 3
0.296660 3
0.276893 1
0.382438 1
0.155570 1
0.213959 1
0.276020 1
0.708444 1
0.164713 1
1.673269 1
0.099571 1
0.052506 1
0.809930 2
0.000027 9
0.000047 10
2.903898 11
0.000021 17
0.000004 2
0.000085 30
0.001410 43
0.000027 33
0.000047 25
0.000071 96
0.583317 100
3.006224 1
0.499920 1
0.000902 1
0.029793 1
0.030427 1
0.030395 1
0.030907 1
0.030370 1
0.030601 1
0.707488 19
0.690032 11
0.000055 36
0.001373 148
0.000028 17
0.000325 28
0.001767 43
0.000119 33
0.000005 25
0.000126 96
108.826305 101
1.690927 1
0.499534 1
0.001013 1
0.029778 1
0.029891 1
0.030478 1
0.030509 1
0.029976 1
0.031073 1
0.029553 1
0.030300 1
0.030350 1
0.030009 1
0.030416 1
0.030339 1
0.030563 1
0.030319 1
0.030081 1
0.030474 1
0.029945 1
0.030448 1
0.030412 1
0.031428 1
0.030337 1
0.030466 1
0.030565 1
0.030383 1
0.031892 1
0.031368 1
0.030392 1
0.030396 1
0.030430 1
0.030414 1
0.030958 1
0.031029 1
0.030876 1
0.030261 1
0.030475 1
0.031419 1
0.030961 273
0.030916 1
0.030925 1
0.030935 1
0.030368 1
0.030422 1
0.030064 1
0.031522 1
0.030003 1
0.030320 1
0.030345 1
0.030472 1
0.030501 1
0.030345 1
0.029996 1
0.030512 1
0.030021 1
0.030289 1
0.030454 1
0.030419 1
0.030026 1
0.331559 3
0.896986 248
0.595813 244
0.886425 247
0.369372 244
0.195868 247
0.334369 5
0.000034 9
0.000018 36
0.001053 160
0.000025 12
0.000235 28
0.001131 43
0.000072 58
0.000080 8
0.000090 88
13.457540 1
0.003613 1
0.078157 1
0.062070 1
0.081533 1
1.628428 1
0.096024 1
0.075488 1
0.154033 1
0.117936 1
0.500345 1
0.096244 1
0.129471 1
0.192005 1
0.270376 4
0.231765 1
0.245864 1
0.304065 1
0.281986 1
0.007726 1
0.460374 4
0.163820 4
0.248412 1
0.344189 11
0.000040 36
0.008987 8
0.000045 54
0.000006 13
0.000240 67
0.000419 116
0.000051 262
0.000009 182
0.000021 17
1.480040 6
0.000019 28
0.000226 18
0.079784 6
0.000051 13
0.265476 6
0.000033 13
0.209917 6
0.000046 29
1.228405 6
0.000036 31
0.042063 6
0.000040 29
0.469779 6
0.000027 15
0.315676 6
0.000036 13
0.618451 6
0.000028 13
0.261696 6
0.000028 13
0.000026 2
0.457940 6
0.000023 12
0.000019 3
0.480165 6
0.000024 13
0.041939 6
0.000498 13
0.411183 6
0.000023 15
0.117881 6
0.000024 15
0.143968 6
0.000025 13
0.137985 6
0.000032 13
0.251963 6
0.000027 13
0.164026 6
0.000026 13
1.348412 6
0.000031 29
0.080038 6
0.000030 13
0.117400 6
0.000034 13
0.292093 6
0.000035 13
0.556336 6
0.000038 13
0.091979 6
0.000044 13
0.447604 6
0.000037 13
0.526197 6
0.000031 29
0.247783 6
0.000030 20
0.000025 11
0.149769 6
0.000039 12
0.000019 17
0.109904 6
0.000044 29
0.682396 6
0.000035 15
0.753696 6
0.000044 13
0.151822 6
0.000060 13
0.153934 6
0.000037 13
0.371927 6
0.000028 13
22.728775 6
0.000056 17
1.449545 6
0.000039 12
0.000007 26
6.223918 6
0.000027 38
0.582044 6
0.000042 38
0.699949 6
0.000027 38
0.070051 6
0.000108 38
0.083896 6
0.000066 27
0.000009 11
0.949677 6
0.000034 38
0.507962 6
0.000020 12
0.000012 3
0.167764 6
0.000022 13
0.000004 2
0.147915 6
0.000039 15
0.212432 6
0.000021 12
0.000018 3
0.145918 6
0.000026 13
0.000027 2
0.475930 6
0.000031 38
0.419818 6
0.000038 38
0.048144 6
0.000027 38
0.195775 6
0.000023 38
0.230191 6
0.000033 38
0.407770 6
0.000029 38
0.127681 6
0.000052 38
0.056567 6
0.000040 12
0.000006 26
0.407919 6
0.000046 38
1.123883 6
0.000044 27
0.000021 11
0.722026 6
0.000029 12
0.000023 26
0.061911 6
0.000035 38
0.101420 6
0.000034 29
1.090495 6
0.000039 13
0.000007 27
0.081974 6
0.000053 12
0.000028 26
0.093816 6
0.000105 17
1.031846 6
0.000096 16
0.650022 6
0.000040 13
0.079959 6
0.000047 13
0.071924 6
0.000021 13
0.191505 6
0.000578 13
0.241514 6
0.000026 13
0.072027 6
0.000059 13
0.104272 6
0.000036 13
0.125531 6
0.000050 46
1.746445 6
0.000025 29
0.485930 6
0.000022 15
0.253597 6
0.000039 13
0.102331 6
0.000028 13
0.227492 6
0.000029 13
1.082516 6
0.000025 12
0.000028 17
1.575894 6
0.000589 13
0.132915 6
0.000032 13
0.222108 6
0.000034 13
0.275824 6
0.000054 29
1.250456 6
0.000033 29
0.299407 6
0.000044 31
0.237999 6
0.000083 17
0.522371 6
0.000050 37
1.127920 6
0.000033 19
0.088075 6
0.000050 13
0.279492 6
0.000026 13
0.109896 6
0.000039 13
0.334386 6
0.000025 13
1.382068 6
0.000040 12
0.000022 35
0.231534 6
0.000034 29
0.196274 6
0.000043 31
0.034092 6
0.000039 29
0.674922 18
0.000008 1
2.312930 6
0.000030 12
0.000032 19
0.149471 6
0.000028 12
0.000004 19
0.157979 6
0.000032 12
0.000030 19
0.295097 18
0.000023 3
0.654652 18
0.000018 1
0.469338 18
0.000031 1
0.128763 6
0.000033 13
0.000023 23
0.576225 6
0.000075 49
0.358852 18
0.000019 1
0.240234 18
0.000007 3
1.166446 6
0.000040 29
0.594340 6
0.000062 13
0.292028 6
0.000092 17
1.128690 6
0.000031 29
0.186853 6
0.000096 17
2.388352 6
0.000095 16
0.785941 6
0.000024 13
0.091941 6
0.000009 13
0.077575 6
0.000109 13
0.125877 6
0.000027 13
0.207975 6
0.000028 13
0.038377 6
0.000039 13
0.129527 6
0.000061 13
0.102419 6
0.000038 46
0.181465 6
0.000034 29
0.792346 6
0.000028 13
0.000024 2
0.069585 6
0.000038 13
0.136414 6
0.000041 13
0.327582 6
0.000026 13
0.096908 6
0.000046 13
0.109166 6
0.000041 13
0.126111 6
0.000044 13
0.381688 6
0.000034 12
0.000013 3
0.179895 6
0.000034 15
1.578317 6
0.000041 13
0.315584 6
0.000044 13
0.376393 6
0.000036 13
1.233857 6
0.000047 12
0.000017 17
0.894063 6
0.000038 13
0.289533 6
0.000035 13
0.108324 6
0.000033 13
0.133503 6
0.000041 13
0.084436 6
0.000049 13
0.101924 6
0.000085 13
0.493824 6
0.000045 15
0.539765 6
0.000038 12
0.000053 17
0.853705 6
0.000045 29
0.173954 6
0.000043 31
0.269972 6
0.000109 18
0.818427 6
0.000021 16
0.000016 21
0.657970 6
0.000049 19
0.075920 6
0.000644 13
0.241299 6
0.000031 13
0.265610 6
0.000053 13
0.104272 6
0.000042 13
0.088024 6
0.000028 47
0.189487 6
0.000026 29
3.326531 6
0.000033 15
0.123392 6
0.000025 29
0.168081 6
0.000077 13
0.105810 6
0.000044 29
0.144072 6
0.000634 13
0.089771 6
0.000051 29
0.634014 6
0.000044 15
0.683950 6
0.000122 18
1.291683 6
0.000025 29
0.225755 6
0.000114 18
0.484170 6
0.000114 17
1.217895 6
0.000030 13
0.069962 6
0.000038 13
0.123482 6
0.000027 13
0.018930 6
0.000033 13
0.075586 6
0.000028 13
0.000026 30
0.285594 6
0.000042 29
1.884065 6
0.000025 31
2.180192 6
0.000125 18
0.203824 6
0.000017 12
0.000024 25
0.669980 6
0.000034 19
0.123491 6
0.000089 13
0.122451 6
0.000710 13
0.137223 6
0.000027 13
0.026028 6
0.000036 35
0.000026 11
1.103941 6
0.000051 29
0.313475 6
0.000022 13
0.000028 2
0.146149 6
0.000041 40
0.103213 6
0.000009 12
0.000006 1
0.826969 6
0.000018 12
0.000021 29
0.177512 6
0.000057 41
0.308405 6
0.000043 12
0.000007 29
0.053937 6
0.000044 41
0.355974 6
0.000078 41
0.121941 6
0.000035 12
0.000038 29
0.095894 6
0.000046 12
0.000037 29
0.125382 6
0.000076 12
0.000035 28
0.846498 6
0.000049 41
0.127865 6
0.000037 12
0.000022 29
0.085472 6
0.000076 41
0.410346 6
0.000046 12
0.000023 29
0.054083 6
0.000102 41
0.114009 6
0.000071 40
0.167451 6
0.000067 12
0.000028 29
0.163747 6
0.000047 12
0.000022 29
0.402329 6
0.000053 13
0.000007 30
0.143678 6
0.000073 12
0.000006 29
0.187755 6
0.000049 12
0.000007 29
0.230012 6
0.000048 12
0.000014 29
0.219949 6
0.000069 41
0.237985 6
0.000066 41
0.271918 6
0.000055 12
0.000028 29
0.886198 6
0.000063 12
0.000007 28
1.112059 6
0.000061 12
0.000004 28
0.391570 6
0.000045 12
0.000039 28
0.624290 6
0.000082 12
0.000026 29
0.189390 6
0.000071 40
1.154408 6
0.000064 12
0.000006 28
1.251933 6
0.000058 12
0.000004 29
0.369526 6
0.000062 13
0.000020 30
0.195808 6
0.000068 12
0.000014 29
0.486384 6
0.000056 13
0.000020 30
0.605957 6
0.000054 40
0.277393 6
0.000068 43
0.234000 6
0.000071 40
0.234963 18
0.000017 3
0.509360 6
0.000145 18
1.231862 6
0.000007 18
0.000004 11
1.848129 6
0.000184 18
0.141285 6
0.000153 17
0.784212 6
0.000041 29
0.145521 6
0.000149 18
0.510036 6
0.000035 37
1.058219 6
0.000036 19
0.203539 6
0.000021 29
0.466668 6
0.000024 15
0.131318 6
0.000025 29
0.110493 6
0.000023 13
0.000026 18
0.499824 6
0.000033 29
1.279871 6
0.000029 15
0.167622 6
0.000039 12
0.000021 28
0.199956 6
0.000041 29
0.288328 6
0.000159 18
0.487594 6
0.000151 20
0.161809 6
0.000034 15
0.206041 6
0.000157 18
0.157692 6
0.000034 37
1.822534 6
0.000029 19
1.463820 6
0.000041 29
0.209986 6
0.000051 12
0.000006 3
0.173487 6
0.000038 29
0.540318 6
0.000032 15
0.169724 6
0.000024 29
0.143863 6
0.000035 31
0.350220 6
0.000022 13
0.233843 6
0.000022 29
0.223872 6
0.000026 12
0.000031 3
0.157979 6
0.000035 15
0.103956 6
0.000024 29
0.380315 6
0.000045 15
0.630166 6
0.000017 12
0.000020 1
0.000005 27
0.423808 6
0.000180 18
0.195678 6
0.000037 37
0.794174 6
0.000039 19
0.183515 6
0.000042 29
0.086412 6
0.000036 31
0.105475 6
0.000024 29
2.180380 6
0.000025 15
0.179607 6
0.000037 40
0.442266 6
0.000161 18
1.351958 6
0.000026 37
0.557920 6
0.000038 19
0.155594 6
0.000027 13
0.153901 6
0.000027 13
0.064452 6
0.000023 13
0.045971 6
0.000029 46
0.101506 6
0.000036 29
1.264646 6
0.000035 12
0.000020 3
0.147343 6
0.000036 40
0.169119 18
0.000021 1
0.629281 6
0.000037 12
0.000006 29
0.018301 6
0.000036 12
0.000070 29
0.120982 6
0.000035 12
0.000037 29
0.194564 6
0.000054 12
0.000035 29
0.163310 6
0.000055 41
0.215948 6
0.000043 13
0.000023 30
0.127927 6
0.000040 13
0.000022 30
0.123933 6
0.000040 12
0.000021 31
0.492115 6
0.000038 12
0.000015 31
0.245846 6
0.000043 12
0.000005 29
0.080395 6
0.000045 12
0.000007 29
0.135426 6
0.000059 41
0.086430 6
0.000046 41
0.259535 6
0.000032 43
0.116431 6
0.000035 13
0.000060 30
0.075913 6
0.000049 12
0.000024 29
0.111422 6
0.000032 12
0.000042 29
0.081991 6
0.000050 30
0.000030 11
0.498218 6
0.000039 13
0.000022 30
0.086047 6
0.000038 30
0.000033 11
0.075507 6
0.000064 41
0.455977 6
0.000047 13
0.000005 30
0.171940 6
0.000059 41
1.672186 6
0.000049 12
0.000020 28
0.259687 6
0.000044 12
0.000008 1
0.000004 30
0.125853 6
0.000027 12
0.000052 28
0.367332 6
0.000031 15
0.675051 6
0.000075 13
0.045946 6
0.000063 29
0.581846 6
0.000064 15
0.577857 6
0.000048 12
0.000003 2
0.000013 20
0.133623 6
0.000052 15
0.326028 6
0.000056 13
0.088233 6
0.000059 13
0.161576 6
0.000055 13
0.432044 6
0.000028 12
0.000005 17
0.305923 6
0.000053 13
0.167813 6
0.000067 13
0.240296 6
0.000052 13
0.322189 6
0.000064 15
0.107337 6
0.000053 13
0.702351 6
0.000048 29
0.229578 6
0.000176 18
0.103811 6
0.000033 37
0.837609 18
0.000016 3
0.959863 19
0.359841 18
0.000008 3
0.319970 18
0.000018 5
0.296075 18
0.000017 5
0.315791 6
0.000008 12
0.000003 8
1.846696 18
0.000018 1
0.855807 18
0.000018 7
1.332166 18
0.000020 6
0.653666 25
3.262859 6
0.000020 18
0.000006 1
0.079990 6
0.000023 13
0.137485 6
0.000023 13
0.032417 6
0.000027 13
0.074040 6
0.000041 46
0.119709 35
0.854170 6
0.000029 12
0.000006 3
0.185871 6
0.000044 40
0.142748 18
0.000020 1
2.212805 6
0.000044 12
0.000024 29
0.124440 6
0.000055 12
0.000005 29
0.030181 6
0.000126 12
0.000022 29
0.107112 6
0.000037 12
0.000014 29
0.125907 6
0.000036 30
0.000020 11
0.118325 6
0.000099 12
0.000017 29
0.323665 6
0.000044 12
0.000035 31
0.131882 6
0.000052 43
0.107912 6
0.000042 13
0.000017 30
0.092027 6
0.000038 13
0.000025 30
0.143799 6
0.000025 12
0.000022 31
0.082140 6
0.000039 13
0.000017 30
0.318130 6
0.000043 12
0.000023 29
0.177574 6
0.000029 30
0.000026 11
0.170041 6
0.000037 12
0.000027 29
0.207924 6
0.000029 12
0.000008 29
0.095894 6
0.000032 41
0.358283 6
0.000050 12
0.000038 29
0.175631 6
0.000040 41
0.350079 6
0.000051 12
0.000074 29
0.406121 6
0.000042 13
0.000028 30
0.449726 6
0.000032 41
0.008739 6
0.000037 12
0.000019 29
0.332988 6
0.000049 13
0.000017 30
0.139955 6
0.000046 13
0.000020 30
0.042346 6
0.000071 41
1.175481 6
0.000046 12
0.000004 28
0.175935 6
0.000059 40
0.163157 18
0.000018 3
0.376004 18
0.000016 1
0.126712 6
0.000058 13
0.000020 30
0.149949 6
0.000058 40
0.702441 6
0.000050 13
0.000021 30
2.527439 6
0.000008 12
0.000004 3
0.250034 6
0.000040 13
0.101957 6
0.000038 12
0.000004 17
0.934450 6
0.000050 15
0.043889 6
0.000069 13
0.093583 6
0.000046 13
0.112264 6
0.000141 13
0.067883 6
0.000058 13
0.813992 6
0.000057 15
0.137452 6
0.000051 15
0.718438 6
0.000056 13
0.119422 6
0.000049 13
0.318396 6
0.000056 13
0.151531 6
0.000043 13
0.702045 6
0.000051 34
0.437905 6
0.000069 20
0.187925 6
0.000068 15
1.332355 6
0.000041 12
0.000007 1
1.851610 6
0.000067 29
1.928291 6
0.000058 13
0.131543 6
0.000056 13
0.236214 6
0.000058 13
0.095518 6
0.000051 13
0.122048 6
0.000077 13
0.458039 6
0.000082 12
0.000026 17
1.468208 6
0.000195 18
0.253355 6
0.000031 18
0.000007 11
0.321979 6
0.000210 18
0.248133 6
0.000200 18
0.135492 6
0.000018 16
0.284171 6
0.000017 12
0.000033 17
0.413758 6
0.000218 18
1.592006 6
0.000017 12
0.000014 1
0.064161 6
0.000028 13
0.219499 6
0.000793 13
4.700971 23
0.500117 22
0.002194 18
0.000004 3
0.251754 18
0.000017 3
0.500107 18
0.000007 3
0.002180 21
0.030443 18
0.000008 6
0.030284 18
0.000020 4
0.030330 18
0.000025 6
0.030410 18
0.000020 4
0.030491 6
0.000007 12
0.000012 7
0.030331 18
0.000014 4
0.030406 6
0.000007 12
0.000005 6
0.031545 6
0.000007 12
0.000013 4
0.030845 6
0.000008 12
0.000005 6
0.030531 18
0.000020 4
0.030360 18
0.000023 6
0.030407 6
0.000008 12
0.000014 4
0.030419 18
0.000017 6
0.030440 6
0.000008 16
0.030400 18
0.000022 6
0.030995 18
0.000022 3
0.030286 6
0.000006 12
0.030621 18
0.030354 18
0.030879 18
0.141714 18
0.000007 1
0.090221 6
0.000007 16
0.317777 6
0.000006 12
0.000023 1
0.500572 6
0.000007 12
0.000004 1
0.002095 6
0.000006 19
0.028479 18
0.000030 1
0.031025 18
0.000020 1
0.380247 19
0.382866 6
0.000045 18
0.352954 18
0.000022 1
0.122550 6
0.000045 12
0.000004 3
0.500172 6
0.000030 13
0.000066 2
0.002216 6
0.000023 15
0.028876 6
0.000044 12
0.000006 22
0.031392 6
0.000040 12
0.000007 3
0.030461 6
0.000040 12
0.000005 3
0.030510 6
0.000042 12
0.000006 22
0.030096 6
0.000041 12
0.000022 3
0.030917 6
0.000042 15
0.030376 6
0.000034 12
0.000004 3
0.030836 6
0.000039 15
0.030691 6
0.000040 13
0.000006 2
0.030791 6
0.000029 12
0.000017 3
0.030491 6
0.000035 15
0.030261 6
0.000034 15
0.030416 6
0.000035 15
0.030879 6
0.000023 12
0.000025 3
0.031936 6
0.000028 12
0.000008 3
0.030364 6
0.000034 12
0.000003 3
0.031496 6
0.000034 12
0.000005 22
0.030684 6
0.000020 12
0.000019 3
0.030658 6
0.000023 12
0.000021 22
0.030427 6
0.000019 12
0.000025 3
0.030563 6
0.000028 12
0.000017 3
0.030422 6
0.000020 12
0.000004 3
0.030902 6
0.000019 16
0.030488 18
0.030413 18
0.031360 18
0.000874 18
0.000018 4
0.166936 6
0.000196 14
0.000032 26
0.745918 6
0.000095 42
0.001853 28
0.000023 8
0.000003 51
0.000014 17
1.603709 6
0.000117 65
0.000513 28
0.001275 43
0.000029 58
0.000070 96
8.642561 1
0.005646 1
0.075935 11
0.000075 36
0.003449 57
0.000759 28
0.001194 43
0.000051 58
0.000114 96
3.351031 1
0.083836 1
0.249585 1
0.112442 1
0.109874 1
0.403747 1
0.972373 1
0.089938 1
0.226359 1
1.051718 4
0.145949 4
0.868024 1
0.211596 1
0.105963 1
0.342279 1
0.145838 1
0.097163 11
0.301199 2
0.000044 9
0.000026 36
0.001195 28
0.001335 43
0.000079 58
0.000102 96
4.601574 1
0.093629 1
0.245918 1
0.094091 1
0.191510 1
1.058381 1
0.129639 1
0.135452 1
0.856951 3
0.118056 3
0.267981 3
0.425124 3
0.682999 1
0.537518 1
0.085982 1
0.412380 1
0.038006 1
0.297654 1
0.238300 12
0.277975 11
0.000044 36
0.001159 62
0.000245 28
0.001118 43
0.000053 58
0.000066 96
10.906348 28
0.134209 80
0.847989 27
0.369854 19
0.410694 11
0.000036 36
0.002284 75
0.000241 63
0.000425 61
0.000103 116
0.000043 229
0.000004 33
0.000045 182
0.000441 120
0.000016 197
0.000015 131
0.000012 128
0.000018 162
0.000003 103
0.000028 156
0.627911 18
0.325154 18
0.290276 18
1.304690 22
0.187690 18
0.000041 4
0.499313 18
0.000017 4
0.002176 18
0.000018 4
0.029173 18
0.000023 4
0.030934 18
0.000006 4
0.030357 18
0.000009 4
0.030420 18
0.000020 5
0.030866 18
0.000023 5
0.030412 18
0.000020 5
0.031217 23
0.030849 18
0.000021 5
0.031442 18
0.000020 5
0.030459 18
0.000022 5
0.031501 18
0.000024 5
0.031553 18
0.000020 5
0.030325 6
0.000022 25
0.030028 18
0.000021 5
0.030448 18
0.000017 5
0.083908 18
0.000017 8
0.181789 18
0.000021 1
0.136112 18
0.000018 1
0.204063 18
0.000006 8
0.380954 6
0.000040 28
0.000145 24
0.131510 6
0.000026 12
0.000005 2
0.000006 20
5.126619 6
0.000034 29
0.317289 6
0.000022 12
0.000019 3
1.008420 6
0.000024 12
0.000020 3
0.071957 6
0.000055 13
0.299605 6
0.000022 12
0.000006 1
0.371950 6
0.000742 35
0.717492 6
0.000022 12
0.000021 17
0.074102 6
0.000024 12
0.000018 17
0.274505 18
0.000037 1
1.425367 6
0.000057 31
0.077977 6
0.000060 12
0.000038 19
0.109470 6
0.000029 12
0.000031 19
1.028326 6
0.000039 12
0.000015 19
0.662014 6
0.000046 12
0.000024 19
0.511640 6
0.000045 12
0.000005 19
0.050174 6
0.000040 12
0.000018 19
1.179173 18
0.000008 3
0.994624 6
0.000039 190
0.000034 54
0.239823 6
0.000056 89
0.000007 180
0.000026 133
0.764214 6
0.000122 50
0.002181 28
0.000006 59
0.000060 61
0.000488 28
0.001305 197
0.412979 17
0.227892 45
0.478759 11
0.000049 36
0.001266 62
0.000473 28
0.000884 43
0.000062 33
0.000015 25
0.000067 96
10.136735 28
0.460664 31
0.531799 28
0.570378 50
0.474227 11
0.000034 36
0.004740 8
0.000067 54
0.000026 13
0.000263 63
0.000035 61
0.000449 116
0.000027 114
0.000019 330
0.000269 120
0.000011 272
0.000005 56
0.000022 236
0.000012 362
0.000005 19
0.000004 12
9.370993 22
0.313996 18
0.000018 4
0.499825 18
0.000021 4
0.002313 22
0.028549 18
0.000008 4
0.029926 18
0.000022 4
0.034653 18
0.000020 4
0.030353 18
0.000020 5
0.030301 18
0.000020 5
0.030048 18
0.000018 5
0.033730 6
0.000025 12
0.000015 5
0.029935 18
0.000006 5
0.032585 6
0.000020 12
0.000018 5
0.029884 18
0.000017 5
0.441217 18
0.000018 5
0.246314 23
0.319766 18
0.000020 5
0.338094 18
0.000018 8
0.240661 18
0.000015 5
0.137162 6
0.000008 29
0.177617 6
0.000006 12
0.000005 5
0.260674 6
0.000007 12
0.000004 3
0.181880 6
0.000007 12
0.000004 3
0.168122 6
0.000015 15
0.127693 6
0.000077 15
0.501140 18
0.000036 3
0.002344 18
0.000005 3
0.028740 18
0.000030 3
0.030628 18
0.000021 3
0.030207 6
0.000007 12
0.000007 3
0.030765 18
0.000020 3
0.030376 6
0.000007 12
0.000005 3
0.030241 18
0.000041 1
0.161603 18
0.000021 1
0.183570 18
0.000019 1
0.219847 6
0.000006 12
0.000006 1
0.727868 6
0.000077 28
0.000155 73
0.611602 6
0.000120 13
0.000014 4
0.254427 18
0.000019 1
0.126448 6
0.000080 64
0.832305 6
0.000040 137
0.000004 53
0.000017 54
0.315936 6
0.000076 220
0.000008 182
0.829853 6
0.000110 50
0.001954 28
0.000021 59
0.000061 53
0.000004 8
0.000495 28
0.001484 197
0.297215 17
0.782255 45
0.308509 11
0.000058 36
0.001213 50
0.000016 41
0.000241 28
0.003175 197
5.620403 28
0.912842 4
0.499395 4
0.001407 4
0.029628 4
0.030414 4
0.030029 4
0.030341 4
0.030402 4
0.030381 4
0.030374 4
0.030464 4
0.030441 4
0.030358 4
0.030355 4
0.030084 4
0.030350 4
0.030419 4
0.030044 4
0.031832 4
0.028564 4
0.030518 4
0.031927 4
0.030349 4
0.030037 4
0.030357 4
0.029993 4
0.037529 4
0.022913 4
0.030737 1
0.030819 1
0.030049 1
0.030346 1
0.030943 1
0.030279 1
5.127996 1
0.057940 1
0.261702 1
0.196178 1
0.347730 1
0.133973 1
0.259954 4
0.172360 4
0.267655 4
0.113988 4
0.127992 4
0.008792 1
0.081205 1
0.288325 4
0.148061 4
0.103561 1
0.118515 1
0.115522 1
0.050456 1
0.355535 4
0.190035 1
0.095940 1
1.372748 1
0.069791 1
0.051540 1
0.482360 1
0.183705 1
0.130401 1
0.203543 1
0.976417 1
0.351593 1
0.146252 1
0.034186 1
0.491690 1
0.275862 1
0.188286 1
0.266074 1
0.371674 1
0.458261 2
0.000043 9
0.000045 10
6.840031 1
0.529880 1
0.706087 4
9.888024 4
0.599943 1
0.080057 1
3.214135 1
0.079897 1
0.225487 1
0.191992 1
2.158553 1
0.133472 1
0.213678 1
0.996929 1
1.427789 1
0.243659 4
0.061914 1
0.184038 11
0.000043 10
1.714344 1
0.062065 1
0.308062 1
0.077968 1
0.133460 1
1.424507 1
0.731981 1
0.104005 1
0.235541 1
0.354448 11
0.000039 10
1.457942 1
0.092007 11
0.000030 10
36.407979 2
0.459971 4
0.505954 1
1.132132 1
0.136336 1
0.093163 1
0.127958 1
0.608561 1
0.059681 1
0.118315 1
0.829042 1
0.499942 1
0.001318 1
0.029728 1
0.030475 1
0.030394 1
0.030382 1
0.336655 19
0.495722 18
2.390272 11
0.000036 10
1.913929 1
0.102217 1
1.155828 11
0.000038 10
0.821925 2
0.071561 2
0.154130 2
0.494279 4
0.187663 4
0.228397 2
0.011785 2
0.364197 4
0.145668 4
0.078404 2
0.073987 2
0.217520 2
0.346114 4
0.131931 4
0.162046 2
0.386000 4
0.550203 2
0.183640 2
0.092488 2
0.331864 2
0.501835 2
0.255935 2
0.396083 2
0.141753 1
0.294182 2
0.068258 2
0.159615 2
0.058512 2
0.079661 2
0.071860 2
0.059947 1
0.176087 2
0.110298 2
0.121654 2
0.096060 2
0.076416 1
0.151478 2
0.218145 2
0.094375 2
0.093980 2
0.145535 2
0.108036 2
0.078439 2
0.149575 2
0.728243 1
0.357777 11
0.000057 10
1.110316 1
0.177595 1
0.386093 4
0.518237 1
0.141623 1
0.452051 11
0.000024 36
0.002849 28
0.002983 43
0.000114 33
0.000019 25
0.000087 8
0.000023 88
1.852268 1
0.094054 1
0.343905 1
0.040008 1
0.119942 1
1.804126 1
0.060073 1
0.053426 1
1.458414 1
0.553979 1
0.247034 1
0.093673 1
0.550389 3
0.250563 3
0.180034 3
0.253969 3
1.246506 3
0.604477 3
0.245055 3
0.260312 3
0.167681 3
0.590305 7
0.125654 7
0.774509 3
0.137606 3
0.138396 3
1.136063 3
0.040075 3
2.095846 3
0.050047 3
0.545712 3
0.582100 3
0.229681 3
0.064446 3
0.754057 3
1.077865 7
0.133609 3
0.318780 3
1.359963 3
0.247301 3
0.147954 3
0.224043 3
0.672508 3
0.241509 3
0.104366 3
0.249576 3
0.467242 3
0.635239 1
0.667920 1
0.103590 1
0.448037 1
0.080403 1
0.313619 1
0.044425 1
0.943945 4
0.139585 4
0.071945 1
0.078456 1
0.235617 1
0.604886 1
0.139543 1
0.029933 1
1.124043 11
0.000043 36
0.000192 28
0.001223 43
0.000053 33
0.000023 25
0.000051 96
0.766405 1
0.090066 1
0.723991 1
0.219499 4
0.133992 4
0.034520 1
0.071493 1
0.446059 4
0.138084 4
0.218125 4
0.105685 1
0.062266 1
0.072261 1
0.260642 4
0.109024 4
0.050351 1
0.121353 1
0.152146 4
0.136088 4
0.089893 1
0.090413 1
0.135642 1
0.262268 1
1.314174 1
0.065445 1
0.082569 1
1.696040 1
0.065933 1
0.034056 1
0.286395 5
1.281568 1
0.012006 1
0.183688 1
0.340086 4
0.137847 4
0.066361 1
0.058055 1
0.064788 7
0.258754 11
0.000051 36
0.001251 209
0.000588 28
0.000894 43
0.000064 58
0.000110 8
0.000018 88
14.171656 1
0.003129 1
0.152176 1
0.076458 1
1.061971 1
0.089984 1
0.559638 1
0.100436 1
0.161516 1
1.010528 1
0.565755 1
0.119659 1
0.199986 1
0.280217 1
0.514073 1
0.113766 1
0.060468 1
0.601934 1
0.525936 1
0.111676 1
0.335991 1
0.320009 1
0.105978 1
0.612509 1
8.509938 11
0.000059 10
2.771538 1
0.964432 1
0.376016 1
0.223735 1
0.177947 1
0.882349 1
0.213623 1
0.096275 11
0.000049 10
1.893846 1
0.274114 1
0.265673 1
0.155937 1
0.286158 1
0.165840 1
0.144207 1
0.209805 1
0.902023 4
0.138474 4
0.309530 4
1.980397 1
0.092028 1
0.313965 1
1.038023 11
0.000029 10
0.701644 1
0.141811 1
0.344361 1
0.207635 1
0.116578 1
0.473908 4
0.245689 1
0.145784 11
0.000032 10
1.320509 1
0.129485 1
0.966504 1
0.147874 1
0.233683 1
0.174090 1
1.504350 11
0.000024 10
0.329619 1
0.165907 1
0.296052 1
0.204032 11
0.000029 8
0.000004 2
1.820240 1
0.472078 1
0.077999 1
0.071614 1
0.185869 11
0.000031 8
0.000003 2
2.024533 1
0.247522 1
0.204460 1
0.491770 1
0.259772 11
0.000029 10
1.757956 1
0.326463 1
0.349842 1
0.068135 1
0.501648 1
0.175859 1
1.544470 2
0.000006 9
0.000031 10
0.387747 1
0.229844 1
0.239943 1
0.390184 1
0.165766 1
0.104503 1
0.569965 1
0.092090 1
0.123695 1
0.135709 11
0.000039 8
0.000016 2
1.492184 1
0.258210 1
0.318232 1
0.079858 1
0.111507 1
0.436447 4
0.107727 1
0.117781 1
0.182516 1
0.375784 11
0.000037 10
0.870139 1
0.197741 1
0.334221 1
0.074065 1
0.205559 1
0.212141 1
0.277936 1
0.442373 4
0.131769 4
0.079758 1
0.068511 1
0.283790 4
0.139704 4
0.250127 1
0.280093 4
0.766366 1
0.091842 1
0.197600 1
0.462124 11
0.000049 8
0.000006 2
1.618127 1
0.249664 1
0.097972 1
0.144473 1
0.283875 1
0.579846 1
0.100330 1
0.113595 1
0.141890 11
0.000042 10
1.138442 1
0.072005 1
0.141549 1
0.476236 4
0.091723 1
1.594420 11
0.000037 36
0.002749 28
0.001218 197
3.316041 1
0.100061 1
0.081956 1
0.155482 1
0.130478 1
0.852093 1
0.163878 1
0.477030 1
0.452927 3
0.189694 3
0.436201 3
0.212852 3
0.478909 1
1.332520 1
0.091951 1
0.118578 10
1.751308 1
0.040154 1
0.327558 1
0.106402 1
0.157504 1
0.228051 1
1.406474 1
0.603848 1
0.377740 1
0.486288 1
0.225979 1
0.286072 1
0.131598 1
1.082311 1
0.880076 1
0.085797 1
0.115826 1
1.042382 4
0.279726 4
0.115810 1
0.100555 1
0.153690 1
0.616343 1
0.433818 1
0.103636 1
0.072500 1
0.739978 11
0.000050 36
0.001691 28
0.001553 43
0.000082 33
0.000003 25
0.000148 96
4.627757 44
0.165377 1
0.500156 1
0.001504 1
0.030204 1
0.031504 1
0.030711 1
0.030401 1
0.030505 1
0.030393 1
0.031437 1
0.031011 1
0.030853 1
0.031415 1
0.030451 1
0.030378 1
0.030394 1
0.031408 1
0.031038 1
0.031418 1
0.030350 1
0.030459 1
0.030516 1
0.030395 1
0.030527 1
0.030399 1
0.031956 1
0.030324 1
0.031541 1
0.030928 1
0.031604 1
0.030341 1
0.031002 1
0.030558 1
0.030795 1
0.030456 1
0.031264 1
0.029484 1
0.030547 1
0.030691 1
0.030803 1
0.029989 1
0.352526 3
0.528418 9
0.072325 5
0.073502 5
0.335181 5
0.102796 5
0.261109 3
0.336387 1
0.182582 5
0.132372 5
0.105121 3
0.505529 3
0.029446 3
0.029825 3
0.029388 3
0.029388 3
0.031010 3
0.029319 3
0.030898 3
0.029449 3
0.029437 3
0.031404 3
0.030436 3
0.030011 3
0.029311 3
0.030548 3
0.028828 3
0.029910 3
0.030374 3
0.030995 3
0.029926 3
0.028878 3
0.029349 3
0.030482 3
0.243430 3
0.346164 3
0.178433 3
0.163657 3
0.141701 3
0.144312 3
0.153850 3
0.491227 23
0.499736 23
0.001343 23
0.029979 23
0.126628 23
0.530173 19
0.229695 19
0.093984 19
0.134004 19
0.132399 19
3.163372 3
0.499639 3
0.001251 3
0.300815 3
0.198025 3
0.216587 13
0.149901 13
0.139999 13
0.248094 13
3.262348 9
0.050077 9
0.233454 9
0.528399 9
0.044100 9
0.223517 9
0.190383 9
0.540018 2
0.000032 9
0.000027 36
0.001653 28
0.001170 43
0.000051 33
0.000010 25
0.000060 96
1.373081 1
0.047934 1
0.243622 1
0.115968 1
0.170024 1
0.106435 1
0.828003 1
0.149950 1
0.181571 1
0.382119 4
0.162056 4
0.332302 1
0.425737 1
0.351999 1
0.388149 4
0.153645 1
0.356157 11
0.000043 36
0.002739 28
0.001234 43
0.000047 58
0.000061 96
2.184123 1
0.056105 1
0.045995 1
1.175927 1
0.072056 1
0.105451 1
0.364055 1
0.516104 1
1.422397 1
0.085063 14
1.446903 1
0.695995 1
0.064004 1
0.117620 1
0.193874 1
0.580078 1
0.914436 1
0.095132 17
2.450870 1
0.073914 1
0.110874 10
1.715118 1
0.112008 1
0.068026 3
0.283533 1
0.348151 1
0.746409 11
0.000045 36
0.003072 225
3.042951 1
0.099840 1
0.417723 4
0.499428 4
0.001388 1
0.031255 1
0.030528 1
0.030334 1
0.031452 1
0.030697 1
0.242976 1
0.029589 1
0.030721 1
0.030817 1
0.030309 1
0.030526 1
0.030026 1
0.030246 1
0.030419 1
0.030599 1
0.030081 1
0.030089 1
0.030723 1
0.030540 1
0.030444 1
0.031612 1
0.030617 1
0.030772 1
0.030290 1
0.030970 1
0.030458 1
0.030231 1
0.030292 1
0.030925 1
0.030499 1
0.030647 1
0.031070 1
0.776782 1
0.097929 1
0.103618 1
0.408328 1
0.060161 1
0.081933 1
1.884318 1
0.115680 1
14.767932 1
1.059993 1
0.105785 1
0.466038 1
0.409791 1
0.838432 1
0.111537 1
0.477983 1
0.908521 1
0.049996 1
0.323930 1
1.773937 1
1.591939 1
0.054169 1
0.248942 1
1.693030 3
0.090050 3
0.225558 3
0.494385 3
1.530037 7
0.083996 3
0.332002 3
1.530054 3
0.131829 3
0.163700 3
0.388159 3
0.312032 3
1.962283 7
0.567853 3
0.535905 7
0.416075 3
2.328134 3
0.147551 3
0.193968 3
0.540321 3
0.118096 3
1.290021 3
2.149991 3
0.151981 3
0.165512 3
1.908585 3
2.039920 11
0.000051 36
0.003379 28
0.001646 43
0.000067 33
0.000015 25
0.000063 96
0.926755 1
0.086016 1
0.241570 1
0.068522 1
0.535862 1
0.346050 1
0.600014 1
0.206605 1
0.277241 3
0.300024 3
0.151838 3
0.080291 3
0.827986 3
0.213866 3
0.103643 3
0.120494 3
0.199541 3
0.457424 3
0.172552 1
0.632253 1
0.081794 1
0.408197 1
0.070165 1
0.201619 1
0.476055 1
0.253911 1
0.094005 1
0.766408 1
0.942238 4
1.385800 1
0.090006 1
0.183586 1
0.462414 1
0.268978 1
1.507054 1
0.045984 1
0.085491 1
0.126043 1
0.230239 1
0.391431 1
0.430788 1
0.362058 1
0.079470 1
0.074487 1
0.813983 11
0.000049 36
0.000156 28
0.001427 43
0.000026 58
0.000062 8
0.000005 88
1.822482 44
2.353131 91
0.989852 1
0.485793 44
0.410113 1
0.454081 3
0.212434 4
0.501552 4
0.001518 4
0.029903 4
0.030454 4
0.030379 4
0.030415 4
0.030965 4
0.031752 4
0.028762 4
0.124370 4
0.171930 4
0.156003 4
0.151908 4
2.896492 1
0.092043 1
0.099391 1
0.122541 1
2.391639 1
0.499833 1
0.000023 1
0.031334 1
0.030888 1
0.030337 1
0.031026 1
0.030396 1
0.030065 1
0.031865 1
0.869966 1
0.500296 1
0.001274 1
0.030524 1
0.030629 1
0.030429 1
0.030582 1
0.030452 1
0.030385 1
0.030504 1
0.030493 1
0.030448 1
0.031968 1
0.031018 1
0.175389 5
0.172307 5
0.139496 5
0.165992 5
0.586342 5
0.044191 5
0.342530 3
0.500601 3
0.001577 3
0.029996 3
0.031026 3
0.031392 3
0.030919 3
0.031118 3
0.030889 3
0.030668 3
0.030298 3
0.030451 3
0.030370 3
0.031533 3
0.031010 3
0.030984 3
0.030844 3
0.030401 3
0.030907 3
0.031561 3
0.030427 3
0.030357 3
0.030440 3
4.075634 3
0.684057 3
0.461921 3
0.103964 3
0.103672 3
0.050419 3
0.217480 5
0.406516 4
0.112123 3
0.363431 3
0.794483 3
0.109482 3
0.030482 3
0.311881 2
0.000035 9
0.000031 36
0.000130 28
0.001433 43
0.000045 33
0.000027 25
0.000046 96
2.091676 43
0.139498 144
0.340276 134
0.720160 132
1.316119 1
0.500404 1
0.000197 1
0.031231 1
0.030516 1
0.030829 1
0.031506 1
0.030933 1
0.030339 1
0.030524 1
0.030401 1
0.031964 1
0.030836 1
0.030982 1
0.030425 1
0.326744 3
0.499578 3
0.001273 3
0.029356 3
0.031602 3
0.030317 3
0.411670 1
0.108482 25
1.300567 21
0.107442 3
0.513045 3
0.030580 3
0.030395 3
0.029392 3
0.030438 3
0.029463 3
0.216255 3
0.165708 3
0.176733 7
0.400319 4
0.365032 3
0.188653 4
0.140034 4
0.142456 4
0.099509 4
0.114018 4
0.136046 4
0.129954 4
0.628489 1
0.097905 1
0.235681 1
0.353999 1
0.066391 1
1.144070 1
0.511620 1
0.011115 1
0.085168 1
0.193487 1
0.882614 1
0.302470 1
0.515271 1
0.059660 1
0.090545 1
3.555916 2
0.000009 9
0.000059 36
0.000140 28
0.001335 43
0.000055 58
0.000088 96
0.924312 1
0.114008 1
0.515609 4
0.131950 1
0.072489 1
0.155477 1
0.378442 4
0.092086 1
1.287951 1
0.503659 1
0.852389 1
0.051991 1
0.471691 1
0.514039 1
0.137919 1
0.223216 1
0.591022 3
0.171741 3
0.122001 3
0.228014 3
1.987415 3
0.826959 1
29.476304 1
0.001460 1
0.494122 1
0.597692 1
0.356072 1
0.072283 1
0.317558 1
1.758514 1
0.075986 1
0.513857 1
0.232787 1
2.461338 11
0.000055 36
0.001535 230
0.000188 28
0.001242 43
0.000053 33
0.000008 25
0.000133 96
59.292882 1
0.028486 1
0.048358 1
0.150591 1
1.076716 1
0.393373 1
0.283956 1
0.422364 1
0.945727 1
0.137988 1
0.133313 1
1.916847 3
2.790043 3
2.334153 3
0.293628 3
0.600105 3
1.464247 3
4.180605 3
0.657393 3
0.418924 3
0.949002 1
0.578001 1
0.219626 1
0.308413 1
2.205895 1
0.203686 1
0.085880 1
0.264144 1
1.122325 1
0.393695 1
0.139901 1
0.066529 1
0.267975 1
1.643919 1
0.062079 1
0.341470 1
0.158569 1
0.097409 1
0.116493 1
0.201490 1
0.950497 1
0.076031 1
0.605922 1
0.151672 1
0.398316 1
2.006105 1
0.091456 1
0.066557 1
0.609026 1
0.219803 1
0.206611 1
0.244224 11
0.512200 7
1.204562 11
0.000039 36
0.001314 17
0.000066 58
0.000262 28
0.002462 43
0.000061 58
0.000090 96
1.590289 46
19.114554 1
0.500033 1
0.000052 1
0.030155 1
0.031034 1
0.030283 1
0.030039 1
0.030540 1
0.030979 1
0.030087 1
0.030591 1
0.030550 1
0.030754 1
0.031512 1
0.030732 1
0.029873 1
0.030939 1
0.029424 1
0.029947 1
0.030111 1
0.030166 1
0.030567 1
0.030512 1
0.030006 1
0.643242 1
0.499448 1
0.001484 1
0.030160 1
0.030046 1
0.030887 1
0.030488 1
0.030451 1
0.030545 1
0.030027 1
0.031043 1
0.341199 3
0.500092 3
0.001307 3
0.029652 3
0.031103 3
0.030971 3
0.052329 3
0.266296 3
0.167816 3
0.173855 3
7.882699 24
1.046286 1
0.060012 1
0.203606 1
0.192421 1
0.127530 1
0.128410 1
0.976142 11
0.000026 36
0.000173 71
0.000064 28
0.002936 43
0.000050 58
0.003179 96
0.614632 6
0.184454 2
0.236383 2
0.000008 9
0.000058 36
0.000078 28
0.001385 48
0.000143 169
0.579525 8
0.138250 5
0.259815 52
0.512668 11
0.000030 36
0.002048 28
0.002730 217
14.009408 1
0.012226 1
0.195164 1
0.192479 1
0.123877 1
0.397177 13
0.344954 2
0.000013 9
0.000031 36
0.002605 28
0.002629 48
0.000075 38
0.000006 25
0.000071 106
14.740562 1
0.001700 1
0.159829 1
0.094493 1
1.341952 1
0.485661 1
0.299907 1
0.130016 1
1.546412 1
0.117857 1
0.174857 1
0.254924 3
0.076384 3
0.266966 1
0.831039 5
0.100034 5
0.133584 5
1.203868 3
0.627620 3
0.917001 1
1.701863 1
0.239566 1
0.124038 1
0.133902 1
0.336129 1
0.232019 1
0.330235 4
0.068109 1
0.143756 1
1.934321 1
0.277554 1
0.140253 1
0.114041 1
0.563946 11
0.000049 36
0.001414 28
0.001202 48
0.000052 38
0.000004 25
0.000067 8
0.000003 98
5.957330 1
0.178056 1
0.113515 1
0.122476 1
0.107586 1
0.405908 4
0.142013 4
0.094455 1
0.089597 1
1.464457 1
0.038011 1
0.083956 1
0.221577 1
0.247963 1
0.348479 1
1.036025 1
0.084015 1
1.203874 1
0.139673 1
0.173066 1
0.679326 3
0.040023 3
0.091964 3
0.263538 3
0.090468 3
0.137486 3
0.707632 3
0.142428 1
1.234493 1
0.397698 1
0.264062 1
0.149777 1
0.196267 1
1.136126 1
0.662000 1
0.139598 1
0.334340 1
0.098053 1
0.299670 1
0.098361 1
0.383927 1
0.090064 1
0.089644 1
1.276409 1
0.717558 1
0.137949 1
0.172957 1
1.325543 3
0.357704 3
1.084266 3
0.143552 3
0.090448 3
0.519226 3
0.276391 1
1.649677 1
0.553738 1
0.267455 1
0.172150 1
0.000049 5
0.392820 1
0.009618 1
0.566202 3
0.407557 3
0.176680 5
0.183138 1
0.499571 1
0.001679 1
0.030366 1
0.164693 1
0.593910 3
0.290106 3
0.177979 3
0.249576 1
0.000084 5
0.547076 5
0.939528 11
0.676039 1
0.263624 1
0.429865 1
0.000024 5
0.446786 5
7.356038 3
0.499727 3
0.001365 3
0.030816 3
0.030082 3
0.030129 3
0.030623 3
0.030431 3
0.030467 3
0.030418 3
0.031935 3
0.030480 3
0.031391 3
0.030961 3
0.030453 3
0.030437 3
0.030009 3
0.030419 3
0.030519 1
0.030681 1
0.031155 1
0.030825 1
0.730824 40
0.801441 1
0.000021 253
1.462708 1
0.159536 1
0.080513 1
0.337816 1
0.331735 1
0.284024 1
1.244282 22
1.013136 39
2.591296 1
0.097132 1
0.366510 1
0.058017 1
0.587788 1
1.838307 1
0.541840 1
0.271702 1
0.135805 1
0.246202 4
0.470265 1
0.231597 4
0.528475 1
0.367990 1
0.084051 1
0.433961 1
0.291975 1
0.470040 1
0.060050 1
0.222059 1
0.173475 1
0.652420 11
0.000051 36
0.006764 31
1.628619 2
0.013954 88
0.003150 368
0.000209 336
0.000237 284
0.000220 581
0.000198 364
0.000226 344
0.000204 360
0.000193 276
0.000243 86
0.001534 101
0.000708 779
0.000637 209
0.000465 98
0.000244 384
0.000027 395
0.000044 81
0.000239 66
0.000547 73
0.002576 312
0.005750 236
0.000217 559
0.000990 122
0.000334 260
0.000858 254
0.001579 242
0.000285 240
0.000342 117
0.000154 1231
0.000455 75
0.013568 90
0.000893 288
0.001069 98
0.003290 108
0.000198 302
0.000925 617
0.000884 300
0.001887 209
0.002321 90
0.000308 91
0.000447 126
0.000981 213
0.000220 127
0.000464 166
0.000211 76
0.000953 48
0.008690 86
0.018471 78
0.000431 205
0.005054 306
0.000293 300
0.000293 314
0.000323 306
0.000118 300
0.000195 300
0.000136 292
0.000273 288
0.000270 292
0.004666 58
0.000474 262
0.000665 74
0.001064 47
0.000872 59
0.000244 310
0.000727 1036
0.000162 323
0.000280 334
0.000202 829
0.000030 569
0.000257 1012
0.000072 1270
0.002267 205
0.009497 594
0.001106 321
0.000222 101
0.000439 293
0.000242 194
0.000275 96
0.001563 231
0.000265 100
0.007056 326
0.000245 90
0.000567 101
0.001880 92
0.000215 57
0.000218 84
0.000669 74
0.000449 98
0.001432 60
0.001262 59
0.000216 191
0.000230 261
0.000229 164
0.000376 154
0.003456 96
0.001384 138
0.003169 68
0.001126 261
0.001803 292
0.000426 61
0.000645 82
0.000216 308
0.002714 85
0.000762 708
0.008440 106
0.001019 51
0.002127 65
0.001170 28
0.001296 48
0.000053 63
0.000067 106
6.439529 95
0.539662 121
5.034849 1
0.112012 1
0.089548 1
0.139927 1
0.298401 1
1.256121 1
0.036001 1
0.143528 1
0.242238 1
0.958199 1
0.742029 1
0.084030 1
0.107557 1
1.406385 1
0.131580 1
0.209427 1
0.609079 3
0.173994 3
0.157506 3
0.285990 3
0.184012 3
0.150526 3
0.651987 7
0.171466 7
1.022512 3
0.048081 3
0.493778 3
19.939787 3
1.080357 1
0.491925 1
0.507850 1
0.435984 1
0.110080 1
0.153523 1
1.358560 1
0.161542 1
0.106022 1
0.084478 1
1.195947 1
0.129589 1
0.087981 1
1.360444 1
0.241575 1
0.528070 1
0.283989 1
0.446283 3
1.684146 1
0.241781 1
0.141759 1
0.277370 1
1.399089 3
0.507563 3
0.267187 1
4.068670 1
0.453604 1
1.002938 3
0.016723 3
0.045352 3
1.407015 3
0.310828 1
0.482195 44
0.410692 268
0.312369 1
2.183105 3
0.153180 3
0.232090 3
0.451329 3
0.406737 1
0.702321 1
0.575695 1
0.163828 1
1.498494 3
0.223718 1
0.618321 1
0.070043 1
0.249489 1
0.227952 1
0.540293 1
0.082239 1
0.205475 1
0.159999 1
1.320449 3
0.000013 9
0.000042 36
1.354257 28
0.001245 48
0.000060 38
0.000005 25
0.000070 106
5.633829 77
0.149894 1
0.499632 1
0.002827 1
0.028090 1
0.030599 1
0.030405 1
0.029866 1
0.030504 1
0.030384 1
0.030509 1
0.030418 1
0.030396 1
0.030366 1
0.030508 1
0.030324 1
0.030427 1
0.030059 1
0.030375 1
0.030348 1
0.030302 1
0.030526 273
0.030351 1
0.030399 1
0.030363 1
0.030434 1
0.029982 1
0.030318 1
0.030413 1
0.030472 1
0.029959 1
0.030409 1
0.029990 1
0.030430 1
0.030375 1
0.030450 1
0.030329 1
0.030397 1
0.031121 1
0.029826 1
0.030389 1
0.030018 1
0.030442 1
0.030013 1
0.030421 1
0.030360 1
0.030075 1
0.030342 1
0.030075 1
0.030417 1
0.030290 1
0.030551 1
0.030293 1
0.030447 1
0.030170 1
0.030299 1
0.030429 1
0.030354 1
0.030444 1
0.242745 1
0.509099 199
0.331911 202
0.364100 5
0.000025 9
0.000034 36
0.016051 451
0.000329 3254
0.000039 968
0.000005 72
0.000055 1800
0.000020 576
0.000020 504
0.000033 792
0.000004 72
0.000036 102
0.000189 367
0.000058 1818
0.000005 472
0.000071 2577
0.000008 284
0.000112 1326
0.000902 411
0.000037 308
0.000062 186
0.000207 382
0.180648 392
0.000230 152
0.001320 28
0.001406 48
0.000068 63
0.000068 106
5.494269 1
0.030724 1
0.110478 1
0.294089 1
0.058421 1
0.489745 1
0.113793 1
0.080491 1
0.087938 1
0.295592 4
0.139987 1
0.028427 1
0.091527 1
0.234050 4
0.155953 4
0.164041 4
0.101961 1
0.108493 1
0.259640 4
0.149911 4
0.102431 1
0.079566 1
1.813796 1
0.398567 1
1.166095 1
0.113896 1
0.491683 1
0.100328 1
0.126858 1
0.933130 3
0.285681 3
0.098447 3
0.195510 3
0.252176 3
0.084358 3
0.547807 7
0.171699 3
0.421461 3
1.370983 1
0.579805 1
1.234125 1
0.028108 1
0.237494 1
0.060523 1
1.729874 1
0.267646 1
0.173988 1
0.726460 1
1.047920 1
0.417887 1
1.398146 1
0.435731 1
0.354205 4
0.233569 1
1.346494 1
1.858096 1
0.205535 1
0.230205 1
0.097757 1
0.874398 1
0.249121 1
0.390884 4
0.450008 1
0.070024 1
0.232772 3
1.683163 2
0.000006 9
0.000050 36
0.010121 6168
0.000016 1319
0.000036 126
0.000027 2836
0.000007 470
0.000037 494
0.000076 2225
0.000007 1575
0.000041 836
0.000006 1532
0.000034 363
0.000022 1082
0.000066 1744
0.000009 1318
0.000022 612
0.000012 491
0.000025 120
0.000024 1031
0.017110 2041
0.000042 4095
0.000018 4095
0.000014 4095
0.000036 4095
0.000013 4095
0.000017 2265
0.000774 28
0.002595 217
2.836764 1
0.343962 1
0.078054 1
0.801974 4
0.383855 4
0.512204 1
0.665992 1
0.167972 1
0.293575 1
0.456088 1
0.311942 1
0.368539 1
4.125522 1
0.143891 1
0.541668 1
5.040806 3
0.109770 3
0.258002 3
0.149792 3
0.109924 3
0.088501 3
1.852034 3
0.271937 3
0.337878 7
0.247954 3
0.796125 3
0.064059 3
0.217551 3
0.114465 3
0.063507 3
1.544477 3
0.399799 3
0.980251 3
0.089942 3
0.297589 3
0.128012 3
0.058599 3
0.091771 3
0.041532 3
0.580453 7
0.123555 3
4.456829 3
4.577659 3
0.068035 3
0.699996 3
0.095996 3
0.165512 3
0.476264 3
0.408099 7
0.223650 3
0.764453 3
0.127479 3
0.322161 3
0.253939 3
0.158314 3
0.151646 3
0.052431 3
0.475781 3
0.466161 11
0.000060 75
0.000079 28
0.001443 48
0.000041 38
0.000018 25
0.000062 106
4.503781 47
0.124083 1
0.364060 1
0.093923 1
0.484360 1
0.092107 1
0.277951 1
0.164125 1
0.666003 4
0.145497 4
0.050530 1
0.037482 1
0.776487 1
0.413623 1
0.020353 3
0.061584 1
0.070402 1
0.501964 4
0.147570 4
0.135965 555
0.344124 3
0.054451 1
0.323907 4
0.151563 555
0.462457 3
0.103917 1
0.355912 2
0.000023 9
0.000040 36
0.000171 28
0.002073 48
0.000101 38
0.000024 25
0.000070 106
2.113670 1
0.088030 1
0.141510 1
0.176105 1
19.296363 1
0.819895 1
0.096085 1
0.090000 1
0.641725 1
0.143979 1
0.198912 1
1.079392 3
0.101563 3
0.312321 3
0.133727 3
0.186052 3
0.078373 3
0.393845 3
0.345065 3
1.653059 1
0.543843 1
0.227699 1
0.199406 7
2.134941 11
0.000050 36
0.001217 3
0.000278 28
0.002655 217
1.857908 1
0.061985 1
0.151718 1
0.157785 1
0.224100 1
0.944342 1
0.135642 1
0.139269 1
0.534937 3
0.026238 3
0.323713 3
0.144218 3
0.245748 3
0.239860 3
0.390167 3
0.527346 3
0.258408 1
1.308514 1
0.090007 1
0.377529 4
0.145965 4
0.016556 1
0.129466 1
0.488335 1
0.281692 1
0.243994 1
0.559445 4
0.360584 11
0.000063 36
0.001189 78
0.000259 28
0.001262 48
0.000059 38
0.000014 25
0.000060 106
19.471731 1
0.079752 1
0.201594 1
0.070524 1
0.269537 1
0.080346 1
0.658016 1
0.583908 1
0.066043 1
0.459955 1
0.068054 1
0.389948 4
0.129639 4
0.095962 1
0.112473 1
0.747998 1
0.705967 1
0.146015 1
0.397955 1
1.402091 1
0.089956 1
0.123825 1
0.301808 1
1.774363 1
0.179626 1
0.080441 1
0.275739 11
0.000017 36
0.147482 141
0.007556 28
0.002182 48
0.000071 38
0.000017 25
0.000071 106
3.160873 1
0.069975 1
0.537650 1
1.150312 1
0.063968 1
0.298002 1
0.131528 1
0.114425 1
0.121814 1
0.197848 1
0.098404 1
0.245691 1
0.154855 5
2.185429 4
0.500380 4
0.030910 4
0.030320 4
0.031656 4
0.030946 4
0.030368 4
0.030369 4
0.030608 4
0.030267 4
0.031998 4
0.030851 4
0.030343 4
0.030483 4
0.030867 4
0.030506 4
0.031443 4
0.030326 1
0.030236 1
0.030120 1
0.030849 1
0.030519 1
0.030191 1
0.242641 22
0.048149 46
0.493982 50
0.191640 1
0.499265 1
0.001564 1
0.030297 1
0.030398 1
0.030423 1
0.030432 1
0.029979 1
0.030037 1
0.031934 1
0.032474 1
0.031986 1
0.031397 1
0.030317 1
0.031627 1
0.030370 1
0.030356 1
0.031505 1
0.030437 1
0.030287 1
0.030561 1
0.030546 1
0.031021 1
0.657317 3
0.287417 1
0.176030 1
0.163764 1
3.113509 33
0.439912 59
0.000055 36
0.013737 50
0.014985 104
0.004963 132
0.030408 134
0.095832 130
0.000033 63
0.001036 63
0.039173 53
0.058023 54
0.012446 54
0.177953 43
0.099325 128
0.095383 126
0.004674 33
0.500244 57
0.501062 57
0.501939 57
0.501436 57
0.500631 57
0.500496 57
0.501334 57
0.500727 57
0.500763 57
0.500654 57
0.501492 57
0.500954 57
0.501556 57
0.501564 57
0.502068 57
0.500930 57
0.501662 57
0.500966 57
0.501834 57
0.500830 57
0.500527 57
0.501295 57
0.500686 57
0.501137 57
0.501497 57
0.500248 57
0.500467 57
0.501309 57
0.501271 57
0.501323 57
0.500309 57
0.500843 57
0.501839 57
0.500302 57
0.500804 57
0.500909 57
0.501880 57
0.500861 57
0.501278 57
0.500153 57
0.501766 57
0.501185 57
0.501820 57
0.500200 73
0.230069 279
0.501316 78
0.000657 145
0.276975 16
0.028661 112
0.007901 439
0.032436 44
0.043020 44
0.038954 44
0.046061 44
0.042333 44
0.036858 44
0.036312 44
0.035587 44
0.066538 44
0.072308 180
0.003626 88
0.000084 133
0.000359 159
0.010261 62
0.028133 185
0.040553 69
0.010285 209
0.024234 170
0.074818 58
4.311567 6
0.080165 137
0.002460 235
0.003608 76
0.834284 20
0.778827 28
0.001258 48
0.000068 63
0.000079 8
0.000024 98
3.601426 24
0.074037 50
0.974606 11
0.000052 36
0.022698 1040
0.003883 28
0.001818 48
0.000066 38
0.000020 25
0.000066 8
0.000021 98
2.773461 1
0.058066 1
0.147456 1
0.382442 1
0.309872 4
0.099896 1
0.140184 1
0.391938 4
0.147831 4
0.086384 1
0.093888 1
0.640026 4
0.145604 4
0.222502 1
0.233521 4
0.097891 1
0.138430 1
0.640134 1
0.105495 1
0.454319 4
0.175634 4
0.446209 1
0.148297 1
1.257991 1
0.295941 1
0.075591 1
0.122403 1
0.085566 1
0.792423 1
0.517818 1
0.129938 1
0.242969 1
1.377266 3
0.969986 3
0.078087 3
0.297553 3
0.060398 3
0.525072 3
0.586727 1
0.790225 1
0.451637 1
3.236364 1
1.669946 1
0.105969 1
0.255625 1
0.102421 1
1.444033 1
0.215542 1
0.133953 1
0.160041 1
0.193974 1
1.406353 1
0.187606 1
1.422498 1
0.084030 1
0.235933 1
2.259963 1
0.082085 1
0.543889 1
0.412076 1
0.103972 1
0.285950 11
0.000047 36
0.360628 743
0.002293 28
0.001265 48
0.000080 63
0.000080 106
2.027699 1
0.126065 1
0.239553 1
0.195880 1
0.162594 1
0.733956 4
0.131527 4
1.248806 1
0.149128 1
1.180419 1
0.100074 1
0.666020 1
0.127599 1
1.388367 4
0.299587 1
0.258069 1
1.238376 1
0.819969 1
0.744050 1
0.887641 1
0.156403 1
0.260610 1
1.709286 3
0.367693 7
0.778253 3
0.812042 3
0.962030 3
0.173541 3
0.084476 3
0.346044 11
0.000052 36
0.001430 93
0.000813 28
0.001216 48
0.000049 38
0.000016 25
0.000065 106
2.274321 1
0.074035 1
0.067496 1
0.082058 1
0.132391 1
0.225610 4
0.145914 4
0.066487 1
0.077556 1
1.446438 1
0.058015 1
0.345546 4
0.137953 4
0.318099 1
0.090391 1
1.994358 1
0.273215 1
3.434477 1
1.697853 1
1.040034 1
0.052076 1
0.144003 1
0.343959 1
0.523883 1
0.423807 4
0.333964 4
0.590301 4
1.792071 1
0.161530 1
0.244346 1
0.179652 1
1.036421 1
0.142146 1
0.533675 1
0.459963 1
0.193806 1
0.120056 1
0.122386 1
0.483674 1
1.426321 1
0.101630 1
0.504058 1
0.350017 1
0.115891 1
1.020394 1
0.610019 1
0.632048 1
1.499959 1
0.303570 1
0.070434 1
0.579774 1
0.305894 1
1.306333 1
0.177505 1
0.224072 1
0.148031 1
4.424365 11
0.000050 36
0.001557 282
0.000033 92
0.000363 28
0.002099 48
0.000088 38
0.000020 25
0.000061 8
0.000014 98
3.683720 1
0.121581 1
0.054480 1
0.435881 1
0.895977 1
0.407730 1
0.426194 1
0.046171 1
0.229473 1
0.068470 1
1.362027 1
0.169922 1
0.193725 1
0.165875 1
1.048417 1
0.519936 1
0.160046 1
0.042131 1
0.177538 1
0.026206 1
0.348012 4
0.177767 4
0.137988 1
0.922455 1
0.341625 1
0.188275 1
0.692166 1
0.267601 1
0.594347 1
0.085970 1
0.078300 1
0.121296 1
0.482132 1
0.482097 1
0.548083 4
0.309692 4
0.157993 4
0.131988 4
0.146040 4
0.121965 4
0.117941 4
0.414358 1
0.303744 1
0.212003 1
0.094339 1
0.063556 1
0.217993 1
2.122461 1
0.046041 1
0.325596 1
0.938363 1
1.769912 1
1.094063 1
0.100111 1
1.145950 4
0.143565 4
0.638465 1
0.247487 1
0.054506 1
0.585881 1
0.092082 1
0.319568 1
0.176066 1
0.127899 1
0.143999 1
0.166096 2
0.000009 9
0.000048 36
0.001469 26
0.000030 80
0.000240 345
0.000246 710
0.000008 167
0.000038 69
0.000018 269
0.000007 105
0.000035 21
0.000008 19
0.000059 196
0.000007 40
0.000340 28
0.001138 48
0.000092 63
0.000077 106
6.688498 1
0.075549 1
0.090471 1
0.139876 1
0.127648 1
4.398528 1
0.075937 1
0.043842 1
0.089770 1
0.446234 4
0.099679 1
0.108425 1
2.082042 1
0.553725 1
0.014275 1
0.069989 1
0.819994 4
0.255668 4
0.178141 4
0.131713 1
0.096424 1
0.018575 1
3.089477 1
2.354056 1
2.445963 1
0.181619 1
0.114169 1
0.131721 1
1.096413 1
0.527777 1
0.080265 1
0.203617 1
1.372388 1
0.668062 1
0.111443 1
0.104497 1
0.087523 1
0.236018 1
9.390401 1
0.430048 1
0.069951 1
0.298098 1
0.943984 1
0.179550 1
0.072413 1
0.149485 1
0.096001 1
0.348594 1
0.125961 1
0.461706 11
0.000039 36
0.010293 28
0.002846 48
0.000067 38
0.000024 25
0.000058 8
0.000017 98
15.505183 1
0.031752 1
0.071962 1
0.317679 1
0.744321 1
0.493763 1
0.255836 1
0.147917 1
0.056576 1
0.057456 1
0.802496 1
0.793983 1
0.287635 1
0.227928 1
0.091923 1
0.158066 1
3.346510 1
1.717894 1
0.165642 1
2.204398 1
0.145895 1
0.235964 1
0.185764 1
0.143911 1
124.270697 4
0.549624 4
0.500355 4
0.001270 4
0.029216 4
0.030958 4
0.031712 4
0.031208 4
0.030320 4
0.030552 4
0.030445 4
0.030411 4
0.030437 4
0.030963 4
0.031795 4
0.031235 4
0.031275 4
0.031490 4
0.030287 4
0.031083 4
0.030824 4
0.030428 4
0.030068 4
0.030362 4
0.031107 1
0.030191 1
0.030567 1
0.030299 1
0.031036 1
3.813212 1
3.407044 1
0.143477 1
0.026448 1
0.099425 1
0.298177 4
0.159960 1
0.134478 1
0.760031 1
0.748118 1
0.068385 1
0.049262 1
0.069679 1
0.101933 1
1.632531 1
0.363653 1
0.195957 1
0.131928 1
0.074476 1
1.143933 1
0.347674 1
0.094416 1
0.353580 1
1.436300 1
0.052100 1
0.093648 1
0.329941 1
0.876385 1
0.417886 1
0.533825 1
0.155895 1
0.153988 1
1.534425 1
0.443715 1
0.429830 1
1.772451 1
0.183993 1
0.063949 1
0.231923 1
0.123928 1
1.422142 1
0.249641 1
0.488415 1
0.133926 1
1.789999 11
0.000062 36
0.007590 57
0.048619 28
0.001324 48
0.000061 63
0.000073 106
21.490612 1
0.081656 1
0.236149 4
0.129436 4
0.091959 1
0.134394 1
0.080088 1
0.039571 1
0.082109 1
0.402219 4
0.126048 4
0.071670 1
0.038388 1
0.792069 1
0.701913 1
0.241895 1
0.185712 1
0.228205 1
1.096202 1
0.451911 1
0.343877 1
0.107817 1
0.110010 1
0.132305 1
0.475980 1
0.872144 1
0.549818 1
1.408112 4
0.499564 4
0.001359 4
0.030775 4
0.031395 4
0.030920 4
0.030416 4
0.030453 4
0.030889 4
0.031036 4
0.031447 4
0.030568 4
0.031467 4
0.030926 4
0.030367 4
0.031037 4
0.030360 4
0.030480 4
0.031025 4
0.030313 1
0.030343 1
0.030660 1
0.030529 1
0.030235 1
0.031751 1
0.241468 1
0.027759 1
0.030022 1
0.522458 1
0.084016 1
0.063697 1
0.189831 1
0.142275 1
0.275902 1
0.066334 1
1.345984 1
0.159505 1
0.306385 4
0.264098 1
0.070056 1
0.117776 1
0.159765 1
1.050408 1
0.269847 1
0.267915 1
0.275936 1
0.138330 1
0.051637 1
0.128231 1
0.113578 1
1.242555 1
0.371684 1
4.338288 1
0.287654 4
0.527884 1
1.364481 1
0.233514 1
0.082483 1
0.511897 1
0.413765 4
0.174211 1
0.537971 1
0.842078 1
0.070076 1
0.219572 1
0.171979 1
1.072361 1
0.567845 1
0.058231 1
0.335640 1
0.070146 1
0.058188 1
0.161628 1
0.157959 1
0.654503 1
0.071949 1
0.121457 1
0.666472 11
0.000050 36
5.986302 15
0.001062 28
0.005287 217
12.882741 43
0.307503 1
0.499852 1
0.001600 1
0.029559 1
0.030356 1
0.030390 1
0.030445 1
0.030450 1
0.030483 1
0.030334 1
0.030932 1
0.030317 1
0.030513 1
0.030878 1
0.030353 1
0.031866 1
0.030407 1
0.030949 1
0.030432 1
0.030323 1
0.030488 1
0.030602 1
0.031434 1
0.030854 1
0.030454 1
0.030319 1
0.030423 1
0.029995 1
0.298895 1
0.326811 5
0.694151 5
0.185695 11
0.000051 36
0.010532 28
0.002874 48
0.000049 38
0.000004 25
0.000078 106
53.537203 1
0.001424 1
0.059836 1
0.087948 1
0.304069 4
0.151987 1
0.422394 4
0.064043 1
0.141610 1
2.240369 1
0.243589 1
0.080428 1
0.233923 1
0.766171 1
0.573814 1
0.722156 1
0.277673 1
0.125765 1
0.050486 1
1.213422 1
0.200213 1
0.186333 1
0.605923 1
0.082143 1
0.301849 4
0.161646 1
0.168076 1
0.398195 4
0.084253 1
0.137826 1
0.235656 4
0.154027 4
0.122077 4
0.866280 1
0.311752 4
0.109872 1
0.139946 1
0.494523 4
0.185538 4
0.548385 1
0.118004 1
0.139619 1
0.078474 1
0.325583 4
0.136129 4
0.089769 1
0.062465 1
1.101973 1
0.549713 1
0.252086 1
0.132210 1
0.133686 1
0.280061 1
1.050335 1
0.577841 1
0.392109 1
0.521883 1
0.058103 1
0.241766 1
0.542188 1
0.652243 1
0.059828 1
0.075562 1
0.220351 1
0.601955 1
0.086079 1
0.061547 1
1.418435 1
0.050046 1
0.317606 1
1.152325 4
0.521989 1
0.475806 4
0.070256 1
0.549840 1
0.281858 1
0.974289 1
0.539899 1
0.357858 1
1.586259 1
0.634031 1
0.061994 1
0.455856 1
0.108101 1
0.375691 3
0.086318 1
0.283891 4
0.093629 1
0.196045 1
0.404238 1
0.344182 11
0.000048 36
0.005696 121
0.038461 81
0.003201 86
0.003526 81
0.004426 86
0.004054 83
0.005420 77
0.003696 86
0.003325 91
0.006818 86
0.001819 28
0.001469 48
0.000065 63
0.000081 106
2.769970 1
0.221471 1
0.076497 1
0.167544 1
0.094394 1
0.273585 1
0.084457 1
0.099983 1
0.213548 1
0.159976 1
0.794490 1
0.317605 1
0.062393 1
0.197588 1
1.682401 1
0.636063 1
0.343553 1
0.238020 1
0.121951 1
0.107984 1
1.178380 1
0.672105 1
0.569831 1
0.255751 1
2.744223 1
0.026238 1
0.334722 1
0.252779 3
0.147985 3
0.116953 1
2.757514 5
0.345625 5
0.052367 5
0.133500 5
0.132018 5
0.694422 7
0.491590 5
0.122033 5
0.177368 1
0.842735 5
0.463964 5
0.546207 5
0.149779 5
0.042375 5
0.418662 3
0.170883 7
1.152452 5
0.241834 5
0.076188 7
1.125921 5
0.383829 5
0.046277 5
0.139440 5
0.114420 5
0.998177 7
2.107916 5
0.139578 5
0.289282 1
0.662224 3
0.168450 9
0.129981 9
0.288539 5
0.133495 5
0.132981 1
2.383406 5
11.880033 5
0.002247 5
0.063357 269
0.825807 3
1.908708 273
0.581734 278
0.216743 1
0.566836 3
0.454489 3
1.057477 1
0.796644 3
0.459989 7
0.266562 1
0.298487 3
0.176943 1
1.316029 1
0.229744 1
0.165767 1
0.064555 1
0.203535 1
0.570543 1
0.583828 1
0.063471 1
0.066534 1
0.437622 1
0.133964 1
0.878377 1
0.082003 1
0.543877 4
0.740064 1
0.439784 1
0.459890 1
0.122080 1
0.183111 1
0.254715 3
0.140452 3
0.231636 3
0.334009 7
0.151894 3
0.092504 3
0.415718 7
1.398173 3
0.084054 3
0.949047 3
0.472701 1
0.407846 1
0.044399 1
0.280669 1
1.237433 1
0.777993 1
0.321628 4
0.200208 1
1.194166 1
0.123464 1
0.550434 1
0.343711 1
1.336385 1
0.237474 1
0.080494 1
0.848000 1
0.632001 1
0.519910 1
0.389795 1
0.082291 1
0.411756 1
1.002554 11
0.000044 36
0.023971 24
0.006793 19
0.018094 19
0.025680 28
0.001579 48
0.000072 38
0.000059 25
0.000102 8
0.000014 98
22.757435 1
0.002142 1
0.231684 1
0.403965 4
0.484082 1
0.119490 1
0.133946 1
0.720484 4
0.187958 4
0.327974 1
0.280135 4
0.181900 1
0.028104 1
0.122008 1
0.155936 4
0.342067 1
2.924361 1
0.063676 1
0.624053 1
6.421884 1
0.131456 1
0.237193 1
1.076314 3
0.214863 4
0.151735 4
1.306388 1
0.183580 1
0.063845 1
0.180071 1
0.218048 1
0.272091 1
0.290066 1
0.205910 1
1.094399 1
2.263957 1
0.069982 1
0.174900 1
0.661249 3
0.127471 3
0.328076 3
0.862301 3
0.812059 3
0.333609 3
0.090446 3
0.329738 3
0.265812 3
0.566268 3
0.120181 3
0.541695 7
0.205782 7
0.123999 7
0.356261 3
0.718293 3
0.089922 3
1.481993 3
0.375750 3
0.036283 3
0.185517 3
0.206078 3
0.593319 3
0.325040 2
0.000007 9
0.000048 36
0.003348 28
0.003601 217
3.353068 1
0.041962 1
0.423932 1
0.483966 1
0.418079 1
0.371622 1
0.123882 1
0.343526 1
3.410622 4
0.227869 4
0.240042 4
0.211992 4
0.239993 4
1.023568 1
0.164822 3
0.464011 3
0.183964 3
0.385886 7
0.151794 7
0.133970 7
0.509662 3
0.278473 1
0.359985 1
0.256307 1
1.358076 1
0.071957 1
0.157671 1
0.165884 1
0.534623 1
0.857829 1
0.692013 1
0.079986 1
0.047498 1
1.860957 1
0.107559 1
0.409721 1
0.417787 1
0.284318 1
1.230543 1
0.765588 1
0.065992 1
0.077638 1
4.677944 1
0.424319 4
0.237580 1
0.630555 1
0.610029 1
0.193431 1
0.246081 1
0.151942 1
0.350270 1
0.516110 4
0.109573 1
0.114020 1
0.226155 1
0.117841 1
0.360071 4
0.101896 1
1.328441 1
0.123633 1
2.704412 1
0.151634 1
0.076437 1
0.119532 1
0.746503 1
0.387671 1
0.087803 1
0.066365 1
3.951373 1
0.395295 1
1.212829 1
0.500303 1
0.002755 1
0.030043 1
0.031408 1
0.031455 1
0.030842 1
0.030451 1
0.030424 1
0.030492 1
0.030513 1
0.031110 1
0.031881 1
0.031043 1
0.031906 1
0.030139 1
0.030026 1
0.032109 1
0.140663 1
2.262485 1
0.456531 5
0.085965 5
0.380138 5
0.153651 5
1.166189 5
0.115612 5
0.472310 5
0.321840 235
0.304429 237
1.357992 240
0.770901 3
0.499512 3
0.001205 3
0.029466 3
0.030328 3
0.030438 3
0.030920 3
0.030145 3
0.030085 3
0.030995 3
0.031330 3
1.364588 265
0.127582 268
0.269990 271
0.312117 274
0.322002 275
0.726340 274
0.685912 5
0.000009 9
0.000051 36
0.001648 28
0.001594 48
0.000078 63
0.000137 106
1.330463 72
0.420888 169
0.499922 264
0.002759 1
0.028663 1
0.031043 1
0.030431 1
0.030706 1
0.030278 1
0.030430 1
0.030960 1
0.030905 1
0.031476 1
0.031420 1
0.030280 1
0.030480 1
0.030425 1
0.030970 1
0.030824 1
0.030910 1
0.031814 1
0.183580 1
0.173638 1
1.923190 5
0.078075 5
0.950006 5
0.072016 5
0.199490 238
0.286133 240
0.437700 3
0.500303 3
0.001647 3
0.029458 3
0.030360 3
0.030399 3
0.030389 3
0.030875 3
0.030339 3
0.030496 3
0.030378 3
0.030547 3
0.244529 1
1.020894 265
0.036083 268
0.813957 271
0.094304 274
0.161185 277
0.152061 280
0.284465 281
0.072057 280
0.805878 7
0.000008 9
0.000050 36
0.002539 28
0.002195 111
0.000144 8
0.000017 98
1.040893 72
0.081809 243
0.782309 75
0.499537 165
0.002584 4
0.028692 4
0.030904 4
0.030440 4
0.030463 4
0.030411 4
0.030405 4
0.030470 4
0.031452 4
0.030375 4
0.030337 4
0.030530 4
0.030406 4
0.030847 4
0.030943 4
0.030923 4
0.030813 4
0.030543 4
0.030240 4
0.031252 4
0.031394 4
0.031927 4
0.030381 4
0.030321 4
0.030963 4
0.030522 4
0.030405 4
0.031745 4
0.030706 4
0.030916 4
0.031048 4
0.030891 4
0.030340 4
0.030463 4
0.030448 4
0.030848 4
0.031541 4
0.032430 4
0.029931 4
0.032001 4
0.031496 4
0.124626 4
0.171680 4
0.163963 4
0.146479 4
0.131577 4
0.113953 4
0.499981 4
0.001522 4
0.030102 4
0.030942 4
0.030396 4
0.030416 4
0.030852 6
0.284162 267
0.405135 1
0.500439 1
0.001290 1
0.029354 1
0.031657 1
0.030283 1
0.030483 1
0.030455 1
0.030394 1
0.031448 1
0.302325 3
1.344933 19
0.034127 19
0.181321 19
0.238222 257
0.265067 1
0.500611 1
0.030523 1
0.030378 1
0.030453 1
0.031381 1
0.030457 1
0.030348 1
0.030467 1
0.030455 1
0.030370 1
0.031470 1
0.030552 1
0.031403 1
0.030360 1
0.030385 1
0.596874 3
0.934653 229
0.229897 232
0.008299 235
0.517605 236
0.220175 232
0.391869 232
0.778169 232
1.418072 232
0.081991 235
0.894007 238
0.121539 241
0.534257 5
0.000017 9
0.000046 36
0.004004 28
0.001482 48
0.000050 63
0.000073 106
3.218438 1
0.044036 1
0.149496 1
0.084008 1
0.164495 1
0.153505 4
0.342634 4
0.097963 1
0.089821 1
1.434069 1
0.107926 1
0.187589 1
0.294241 1
1.304267 1
0.015954 1
2.232035 1
0.067981 1
0.123575 1
0.296122 4
0.500291 1
1.886010 1
0.313610 1
0.234109 1
0.066217 1
0.159593 1
0.250092 1
1.526403 1
0.073989 1
0.818002 1
0.253665 1
0.180107 1
0.176013 1
0.167728 1
0.646554 1
1.207835 1
0.369816 1
0.345896 1
1.026455 1
0.087977 1
0.065722 1
0.860237 1
0.135833 1
0.192976 1
1.141200 3
0.103547 3
0.112009 3
0.130412 3
0.531841 3
0.471960 3
0.778292 3
0.102013 3
0.075483 3
1.238392 3
0.133606 3
0.279014 1
1.387333 5
0.287866 5
0.505287 3
0.182440 3
1.214649 3
0.089878 3
0.088022 3
1.233855 3
0.137633 3
0.810415 3
0.581760 273
1.216597 3
0.549639 3
0.968023 3
0.127583 3
0.155330 1
2.269014 5
0.311786 5
1.327393 3
0.202927 3
4.476310 3
0.295195 3
0.312343 3
1.210851 3
0.109262 3
1.035978 3
0.107738 3
0.542213 3
0.139597 3
0.174023 3
0.164045 3
1.648386 3
0.607680 3
0.105884 3
0.652478 3
0.096002 3
0.013996 3
0.046059 3
0.227963 3
0.339577 7
0.175954 7
0.132006 7
0.132049 7
0.081968 3
0.078418 3
0.079526 3
1.268416 3
0.825975 3
0.072112 3
0.267469 7
0.110006 3
0.070431 3
1.213932 3
0.127696 3
0.227075 1
1.251326 6
0.507675 9
0.281870 6
0.176041 6
0.187976 6
0.106466 6
0.107574 6
0.517452 3
4.202324 3
0.732500 1
0.497786 1
3.142378 1
0.407525 1
0.009606 1
0.210320 1
1.950521 1
0.735998 4
0.215570 1
0.019975 1
0.414396 4
0.132042 4
0.161604 1
1.220782 1
0.093624 1
0.609072 1
0.224520 1
0.002302 1
0.493842 4
0.157783 4
0.202053 1
0.632509 1
0.129462 1
0.060541 1
0.155461 1
1.018437 11
0.000082 36
0.007770 28
0.001060 48
0.000060 38
0.000024 25
0.000091 106
10.458130 1
0.275322 1
0.301835 1
0.196666 1
1.582981 1
0.146819 1
0.127588 1
0.724026 4
0.165990 4
0.287611 1
0.253315 8
1.635956 1
1.356701 1
0.061125 4
1.316429 9
0.618415 11
0.000051 36
0.002406 12
0.000469 28
0.001319 48
0.000064 38
0.000016 25
0.000078 8
0.000026 98
1.702969 27
0.573842 1
0.500042 1
0.001883 1
0.028879 1
0.031541 1
0.028576 1
0.030554 1
0.030362 1
0.030558 1
0.030928 1
0.317533 5
0.153942 5
0.127982 5
0.108040 5
1.198051 5
0.079954 5
0.501911 5
0.088073 5
0.360037 5
0.103839 5
0.216055 2
0.000008 9
0.000046 36
0.003017 7
0.000811 28
0.001616 48
0.000082 63
0.004570 106
0.403180 29
0.577659 1
0.499464 1
0.003292 1
0.027513 1
0.030716 1
0.030903 1
0.030837 1
0.036782 1
0.031329 1
0.267545 1
0.176645 5
0.154009 5
0.129895 5
0.144105 5
0.110086 5
0.269691 5
0.506412 5
0.091988 5
0.159879 5
0.195881 5
0.459929 2
0.000016 9
0.000033 36
0.002607 5
0.000140 2
0.000210 28
0.001466 48
0.000062 63
0.000087 106
77.354824 27
0.337837 54
0.383940 54
0.247976 140
0.479492 1
0.499920 1
0.003438 1
0.026676 1
0.031233 1
0.030541 1
0.030176 1
0.030425 1
0.030951 1
0.030375 1
0.031612 1
0.030363 1
0.030380 1
0.030521 1
0.030385 1
0.031699 1
0.030724 1
0.030953 1
0.029978 1
0.030290 1
0.030472 1
0.030496 1
0.030449 1
0.032335 1
0.028657 1
0.030389 1
0.030142 1
0.030400 1
0.030564 1
0.029830 1
0.030673 1
0.030330 1
0.032988 1
0.029724 1
0.030456 1
0.030120 1
0.030456 1
0.031003 1
0.030476 1
0.030128 1
0.030915 1
0.030081 1
0.030874 1
0.030218 1
0.030139 1
0.030446 1
0.030997 1
0.031009 1
0.030421 1
0.030580 1
0.031058 1
0.029999 273
0.030659 1
0.030871 1
0.030406 1
0.030377 1
0.030461 1
0.030642 1
0.030389 1
0.030570 1
0.029921 1
0.031199 1
0.031435 1
0.300540 3
0.203607 3
0.157778 3
0.310950 259
0.154382 257
0.109809 255
0.307867 253
20.163324 327
0.185760 1
0.335220 135
0.557704 4
2.855309 239
0.337662 135
0.478243 1
0.583991 3
0.416703 1
0.191067 1
0.501212 1
0.001671 1
0.029512 1
0.030452 1
0.030407 1
0.030355 1
0.030343 1
0.030569 1
0.030448 1
0.030860 1
0.030936 1
0.030328 1
0.030466 1
0.030388 1
0.031412 1
0.031395 1
0.030903 1
0.030041 1
0.030243 1
0.030480 1
0.030397 1
0.032019 1
0.031884 1
0.030984 1
0.030498 1
0.030380 1
0.030549 1
0.030406 1
0.030380 1
0.030999 1
0.031432 1
0.030372 1
0.030364 1
0.030354 1
0.029993 1
0.030526 1
0.031108 1
0.030839 1
0.031354 1
0.031561 1
0.030407 1
0.031002 1
0.030404 1
0.030346 1
0.030513 1
0.030382 1
0.030903 273
0.031347 1
0.029505 1
0.030378 1
0.030897 1
0.030400 1
0.031426 1
0.030436 1
0.030442 1
0.030425 1
0.030526 1
0.030394 1
0.030445 1
0.030379 1
0.031022 1
0.030386 1
0.030418 1
0.030401 1
0.030551 1
0.030430 1
0.030477 1
0.030956 1
0.030352 1
0.030987 1
0.030368 1
0.030507 1
0.030020 1
0.030450 1
0.603352 3
0.157316 3
0.161964 3
0.578599 3
0.185377 3
0.270202 3
0.303032 5
0.000019 9
0.000044 36
0.009132 28
0.002224 48
0.000384 38
0.000326 25
0.000496 106
1.258890 109
0.678048 1
0.501115 1
0.001526 1
0.029773 1
0.030319 1
0.030356 1
0.030429 1
0.030490 1
0.030407 1
0.030976 1
0.031434 1
0.031384 1
0.030395 1
0.030399 1
0.030963 1
0.031418 1
0.031039 1
0.031335 1
0.031784 1
0.030664 1
0.030234 1
0.030517 1
0.030904 1
0.031502 1
0.030990 1
0.030838 1
0.031007 1
0.030898 1
0.030424 1
0.030003 1
0.030474 1
0.030419 1
0.030903 1
0.030466 1
0.030668 1
0.030711 1
0.030371 1
0.030653 1
0.030336 1
0.030484 1
0.030338 1
0.030354 1
0.030737 1
0.031410 1
0.030511 1
0.030901 1
0.030627 1
0.031415 273
0.030181 1
0.030118 1
0.030458 1
0.030426 1
0.030852 1
0.031893 1
0.031399 1
0.030523 1
0.030265 1
0.030541 1
0.030289 1
0.030988 1
0.031008 1
0.030948 1
0.030827 1
0.030524 1
0.030927 1
0.030872 1
0.031033 1
0.031380 1
0.030546 1
1.717154 14
0.000027 36
0.010870 28
0.002069 48
0.000110 38
0.000037 25
0.000156 106
0.575652 109
0.216352 1
0.500356 1
0.003303 1
0.027319 1
0.030840 1
0.030409 1
0.030661 1
0.030360 1
0.030434 1
0.030862 1
0.031397 1
0.030396 1
0.030453 1
0.030377 1
0.030422 1
0.031087 1
0.031894 1
0.030140 1
0.030864 1
0.179861 3
0.499689 3
0.001764 3
0.030513 3
0.030388 3
0.030387 3
0.030440 3
0.030969 3
0.030822 3
0.030435 3
0.030935 3
0.030916 3
0.030891 3
0.031025 3
0.309113 1
0.364048 3
0.444567 15
0.455253 3
0.499310 3
0.001689 3
0.030059 3
0.030336 3
0.031455 1
0.031182 1
0.030158 1
0.058469 4
0.499607 4
0.001710 4
0.030724 4
0.030388 4
0.030392 4
0.030481 4
0.030994 4
0.031416 4
0.031352 4
0.030270 4
0.030303 4
0.030968 4
0.030394 4
0.030511 4
0.030408 4
0.031472 4
0.030985 4
0.029979 4
0.030984 4
0.030123 4
0.030464 4
0.030459 4
0.031001 4
0.030337 4
0.030596 4
0.030929 4
0.032907 4
0.032066 4
0.030353 4
0.032140 4
0.031512 4
0.031421 4
0.030935 4
0.030964 4
0.030856 4
0.030430 4
0.030573 4
0.030388 4
0.031821 4
0.029016 4
0.031002 4
0.030965 4
0.031408 4
0.031066 4
0.030360 4
0.030586 555
0.030350 4
0.030578 4
0.030418 4
0.030880 4
0.030051 4
0.031840 4
0.030161 4
0.030048 4
0.030407 4
0.031045 4
0.030500 4
0.031034 4
0.030950 4
0.030066 4
0.031225 4
0.031551 4
0.030992 4
0.110279 4
0.168111 4
0.171682 4
0.181950 4
0.830429 2
0.000063 9
0.000030 10
2.144198 1
1.063663 1
0.086102 1
0.065954 1
1.006238 1
0.651789 1
0.073983 1
0.115631 1
0.790362 1
0.414029 4
0.449935 1
0.577992 1
0.072056 1
0.085567 1
0.672426 1
0.052020 1
0.493969 1
0.277561 1
1.442469 1
0.085976 1
0.604767 1
0.146721 1
0.496519 1
0.068008 1
0.443819 1
0.133677 1
0.448325 1
1.876184 1
0.081965 1
0.189499 1
0.832555 1
1.383955 1
0.071982 1
0.205538 1
0.506328 4
0.403780 1
0.394359 1
0.315557 1
0.076443 1
0.289572 11
0.000042 10
1.680294 1
0.060090 1
0.079583 1
0.900389 1
0.173575 1
0.120442 1
0.145485 1
0.224027 1
0.302425 4
0.048044 1
0.095524 1
1.650443 1
0.060044 1
0.067641 1
1.064332 1
0.123565 1
0.241035 1
3.015282 3
0.506022 3
0.167642 3
0.266169 3
0.503320 3
1.084925 1
0.593778 1
0.335878 1
0.114414 1
1.145895 1
0.074099 1
0.837950 1
0.477709 1
1.210359 1
0.101509 1
0.558171 1
0.145933 1
0.721521 1
1.782786 3
0.240003 3
0.289336 3
3.766827 1
1.039925 1
0.378094 1
1.041872 1
0.363625 4
1.818402 1
0.132010 1
0.087992 1
0.677923 1
0.110071 1
1.143947 1
0.159570 1
0.140022 1
0.136408 1
0.954016 1
0.519586 1
0.108038 1
0.482354 1
0.086059 1
0.101988 1
0.237548 1
0.410240 1
0.936223 1
0.103580 1
0.211965 1
0.852956 1
0.117075 1
0.157076 1
0.640850 4
0.090550 4
2.159957 4
0.281594 7
0.167898 7
0.132040 7
0.712301 4
0.135668 4
0.194105 4
0.122389 4
0.079590 4
0.895602 3
1.000806 1
0.357877 1
1.082011 1
0.088136 1
0.157435 1
0.340183 4
0.056393 1
0.193505 1
1.034731 11
0.000047 10
1.733630 1
0.235653 1
0.197890 1
0.254198 1
0.155918 1
1.788482 1
0.771850 1
0.217711 1
1.026169 1
1.914203 11
0.000029 10
0.853891 1
0.243667 1
0.426496 1
0.181413 1
0.740451 1
1.145999 2
0.000007 9
0.000040 10
0.891975 1
0.080069 1
0.223503 11
0.000042 10
1.480360 1
0.251955 1
0.161612 1
0.088389 1
0.187594 11
0.000039 10
1.842477 1
0.061977 1
1.417951 1
0.093677 1
0.720106 1
0.042230 1
0.099516 1
1.474512 1
0.477614 4
0.524287 1
0.786096 4
1.875994 1
1.230053 1
0.229464 11
0.000052 36
0.003449 24
0.007312 24
0.004845 26
0.000443 28
0.001138 48
0.000076 38
0.000026 25
0.000065 106
5.339214 1
0.117771 1
0.151996 1
0.095924 1
0.131991 1
1.376013 1
0.121954 1
0.155018 1
53.068915 1
0.251120 3
0.588036 3
0.514913 4
0.892095 4
0.500024 4
0.001543 4
0.030177 4
0.031470 4
0.030921 4
0.030914 1
0.030263 1
0.030664 1
0.030767 1
0.030469 1
0.030743 1
0.240781 1
0.104856 1
0.198186 1
0.165899 1
0.192017 11
0.000041 36
0.000006 6
