0.022315 17
0.000257 28
0.001216 43
0.000045 33
0.000016 25
0.000173 96
4.152620 1
0.062158 1
0.361795 1
0.106040 1
0.159398 1
0.772646 1
0.002152 1
0.286591 1
1.657527 4
0.155486 4
0.376036 1
0.020153 1
0.298651 10
3.443368 2
0.000007 9
0.000041 36
0.001675 28
0.001769 43
0.000084 58
0.000108 8
0.000029 88
22.037650 17
0.390699 4
0.179405 4
0.334092 4
0.220120 4
0.177997 4
0.179853 4
0.206118 4
0.209934 4
0.171976 4
0.168211 4
0.166152 4
0.387660 4
1.804452 1
0.060015 1
0.057450 1
0.380267 1
0.091838 1
0.101738 8
2.472619 1
0.062058 1
0.880001 1
0.100004 1
0.076801 8
1.077199 4
0.789952 1
2.553982 1
0.066140 1
0.255430 2
0.000036 9
0.000032 36
0.001442 28
0.001286 43
0.000060 33
0.000024 25
0.000048 96
3.223499 1
0.046086 1
0.497841 11
0.000047 36
0.003064 407
0.000492 28
0.002618 197
15.255824 1
0.001828 1
0.888222 4
0.755911 1
0.082691 1
1.801392 1
0.110335 1
0.051914 1
0.933771 1
0.617968 1
0.183584 1
0.058679 1
0.241779 1
0.074202 1
0.166108 13
2.079724 11
0.000048 36
0.002894 28
0.001186 43
0.000053 33
0.000031 25
0.000047 8
0.000013 88
8.559663 1
0.571974 1
0.075996 1
0.065464 1
1.212482 1
0.832032 1
0.108014 1
0.070004 1
0.305996 1
0.094274 1
0.521707 1
0.154023 8
0.411730 11
0.000042 36
0.002689 28
0.001197 43
0.000061 33
0.000014 25
0.000048 8
0.000013 88
12.054289 1
0.002370 1
0.129243 11
0.000044 36
0.003125 438
0.000473 28
0.001181 43
0.000054 58
0.000057 96
22.527470 1
0.197552 1
0.247990 1
0.310069 1
0.884345 1
0.531928 1
0.163639 1
0.085515 12
1.508858 1
0.146004 1
0.449959 1
0.518045 4
2.216061 1
0.061893 1
0.087602 1
0.200009 1
0.398361 2
0.000009 9
0.000056 36
0.002426 595
0.000651 28
0.000849 43
0.000051 58
0.000065 96
6.562173 1
0.001403 1
0.266091 1
0.291915 1
0.112303 1
0.110031 1
1.298036 1
0.135952 1
1.276139 1
0.053934 1
0.475835 1
0.203698 1
0.080548 1
0.137974 1
0.473706 1
1.750161 2
0.000007 9
0.000039 36
0.002569 28
0.001215 43
0.000047 33
0.000019 25
0.000064 8
0.000005 88
1.406067 1
0.069992 1
0.073264 1
1.666548 1
0.808158 1
17.148074 1
0.001403 1
0.476519 1
0.854085 1
0.091950 1
0.070948 8
0.967003 2
0.000018 9
0.000030 36
0.001778 28
0.001267 43
0.000037 33
0.000034 25
0.000070 96
0.609245 1
0.053568 1
0.144004 1
1.657967 1
0.087497 1
0.051313 8
0.443243 2
0.000008 9
0.000042 36
0.000079 28
0.001292 53
0.000050 68
0.000062 116
0.884443 1
0.077856 1
0.070154 11
0.000040 36
0.003343 85
0.000604 28
0.001252 53
0.000069 43
0.000016 25
0.000058 116
12.794629 1
0.319983 1
0.121986 1
0.433770 1
0.240222 1
0.100071 1
0.050279 1
1.459683 1
0.123938 1
0.066320 13
1.201771 2
0.000008 9
0.000039 36
0.001836 28
0.001528 53
0.000065 68
0.000081 116
0.802434 1
0.022441 1
0.207550 2
0.000008 9
0.000041 36
0.002916 70
0.000442 28
0.001288 53
0.000070 68
0.000060 116
3.264759 2
0.828378 4
0.135977 4
0.141637 1
0.135974 1
0.776457 1
0.061997 1
0.427926 1
0.265652 4
1.752437 1
0.165561 1
0.452259 1
0.395993 1
0.143926 12
0.193906 1
0.964306 1
0.105503 1
0.189292 1
1.557197 1
0.116683 12
0.523281 4
0.157662 4
0.164052 4
0.129893 4
0.688435 2
0.000025 9
0.000043 36
0.002018 28
0.001816 53
0.000087 43
0.000041 25
0.000344 116
0.377957 1
0.075215 1
0.087960 11
0.000050 36
0.003292 81
0.000362 28
0.001139 53
0.000058 68
0.000072 116
34.448197 1
0.006689 1
0.089758 1
0.036362 4
1.730590 1
0.095920 1
0.105398 1
0.116450 1
1.216327 1
0.034528 13
0.359275 11
0.000041 36
0.001977 28
0.001102 53
0.000068 43
0.000015 25
0.000067 116
0.512760 1
0.245849 4
0.187898 1
0.243967 1
0.145820 11
0.000047 36
0.003196 93
0.000307 28
0.001250 53
0.000060 68
0.000061 116
4.883482 1
0.057583 1
0.134426 1
0.078040 1
0.137507 1
0.156049 2
0.000042 9
0.000036 36
0.000088 28
0.001299 43
0.000074 58
0.000058 96
1.002910 1
0.071942 1
0.117581 1
0.195898 1
0.202397 1
0.352024 11
0.000046 36
0.003732 1384
0.000452 28
0.002851 197
2.526202 5
1.440789 1
0.727935 1
0.099528 1
0.074458 1
0.572020 4
0.092474 8
0.257600 2
0.000022 9
0.000035 36
0.003766 319
0.000571 28
0.003142 197
6.222938 1
0.038293 1
0.144745 1
0.184076 1
1.176373 11
0.000045 42
