0.021016 17
0.000233 28
0.000995 43
0.000044 33
0.000017 25
0.000147 96
0.722064 1
0.053979 1
0.085527 1
0.218024 1
0.076463 1
0.045933 1
0.089531 1
1.694535 1
0.471879 4
1.130102 1
0.915995 1
0.098176 1
0.101941 1
0.681942 1
0.327516 1
0.554426 1
0.143485 1
0.136490 1
1.034063 1
0.049950 1
0.157507 1
0.284208 1
0.274295 1
0.343573 1
0.486441 1
0.081531 1
0.095990 1
1.156435 11
0.000054 36
0.005886 28
0.001200 43
0.000067 58
0.000076 8
0.000006 88
0.259536 25
0.944340 1
0.517625 1
0.241626 1
0.202840 1
0.148257 13
0.517092 13
0.033481 13
0.033360 13
0.033439 13
0.162870 13
0.171818 13
0.630467 9
0.100136 9
0.163387 9
0.172028 9
0.152197 9
0.092340 9
0.647013 1
0.233793 1
0.507959 1
0.000926 1
0.031186 1
0.469869 1
0.257868 1
0.193947 1
0.217903 1
0.229030 5
0.156057 5
0.146153 5
0.718198 5
0.117963 5
0.274074 5
0.367956 5
0.351857 5
0.274048 5
1.368145 5
0.085944 5
0.169573 5
1.500421 11
0.000050 36
0.013654 28
0.001078 43
0.000035 58
0.000070 96
0.612758 28
0.325444 1
0.423627 1
0.190348 1
0.189924 1
0.184552 13
0.174122 13
0.152040 13
0.307857 13
0.180155 13
0.194006 13
0.678266 9
0.163587 9
0.238151 9
0.159874 9
0.110413 9
0.212650 1
0.517652 1
0.316559 1
0.517084 1
0.031095 1
0.034890 1
0.033385 1
0.033570 1
0.713123 5
0.171639 5
0.153866 5
0.162033 5
0.146020 5
0.164443 5
0.373911 5
0.361871 5
0.044532 5
0.239679 5
0.451935 5
0.108018 5
0.397754 5
0.192202 5
0.670082 5
0.379969 5
0.171681 5
0.245980 5
0.552355 2
0.000021 9
0.000049 36
0.004512 28
0.001018 43
0.000042 58
0.000057 8
0.000006 88
2.132316 1
0.096013 1
0.052084 1
0.131358 1
1.456521 1
0.150255 1
0.978370 1
0.053407 1
0.063580 1
0.504289 1
1.020157 1
0.377956 1
0.055982 1
0.176874 10
0.821164 1
0.094821 10
0.733043 11
0.000046 36
0.001197 21
0.000288 37
0.001684 17
0.000604 28
0.001222 43
0.000055 58
0.000066 96
4.270910 1
0.076095 1
0.201275 1
0.672662 1
0.048031 1
0.251813 1
0.237876 1
0.059096 9
2.063208 1
0.046690 9
0.585281 11
0.000032 36
0.001227 19
0.000131 17
0.000281 28
0.001254 43
0.000137 58
0.000073 96
2.368850 1
0.060000 1
0.179505 1
0.175989 1
0.178151 1
0.147907 1
1.012474 1
0.225919 1
0.510019 4
0.193760 4
0.081753 1
0.094796 1
0.119684 1
0.151545 1
0.328404 4
0.139963 4
0.056179 1
0.103623 1
1.530340 2
0.000006 9
0.000047 36
0.003132 28
0.001492 43
0.000033 33
0.000015 25
0.000047 8
0.000005 88
1.425273 1
0.096438 1
0.125808 1
0.497612 1
0.116302 10
0.657796 1
0.525847 4
0.143680 1
0.108515 1
0.136692 1
0.258813 4
0.238081 11
1.364432 1
0.094897 9
0.101119 1
0.309779 1
0.171803 1
0.197298 3
0.333121 11
0.000050 36
0.001563 28
0.001844 101
0.000064 8
0.000021 88
9.900694 1
0.004604 1
0.096831 1
0.181808 1
0.316210 1
0.708258 1
0.059985 1
1.057907 1
0.208602 10
0.480615 1
0.516089 1
0.001168 1
0.029948 1
0.035971 1
0.033377 1
0.033559 1
0.318374 3
0.241356 3
0.154556 5
0.064447 5
0.624379 5
0.115151 5
0.314304 5
0.076203 5
0.450274 1
0.000018 5
0.355823 1
0.000060 5
0.733114 1
0.359888 1
0.215735 8
0.219734 4
0.150791 4
0.139316 4
0.156590 4
0.163670 6
0.262947 5
1.556038 3
0.046018 3
0.108321 5
0.819623 2
0.000019 9
0.000036 36
0.001248 53
0.000162 42
0.001756 43
0.000313 17
0.000504 28
0.001604 43
0.000105 58
0.000080 96
0.220916 20
0.466515 1
0.516702 1
0.031817 1
0.034982 1
0.032994 1
0.032986 1
0.033395 1
0.033408 1
0.032983 1
0.033403 1
0.033512 1
0.031439 1
0.035036 1
0.305080 1
0.605053 5
0.765892 2
0.000008 9
0.000048 36
0.003694 28
0.001300 43
0.000024 58
0.000067 8
0.000013 88
1.598146 21
0.624116 61
0.297606 1
0.517394 1
0.033482 1
0.032931 1
0.033687 1
0.032880 1
0.033450 1
0.032926 1
0.033450 1
0.033444 1
0.033455 1
0.196908 1
0.169913 1
0.184069 1
1.909067 5
0.606716 5
0.195148 5
0.788060 5
0.088118 9
0.193457 5
0.490431 9
0.379929 5
0.630039 2
0.000019 9
0.000033 36
0.001035 40
0.000093 53
0.000153 42
0.001557 43
0.000222 17
0.000495 28
0.001424 43
0.000047 33
0.000017 25
0.000054 96
6.477234 1
0.018060 1
0.507605 1
0.195682 1
0.088403 1
0.107541 1
5.752425 1
0.068446 1
0.091003 1
0.540365 1
0.276337 5
0.607681 1
0.248289 5
1.343825 11
0.000043 36
0.001465 22
0.000052 276
0.000365 28
0.001819 43
0.000119 33
0.000011 25
0.000115 96
0.779375 20
0.589897 1
0.501918 1
0.002012 1
0.028763 1
0.032093 1
0.030457 1
0.380578 3
0.228642 5
0.119877 5
0.388333 11
0.000045 36
0.001330 94
0.000034 217
0.000007 39
0.000921 28
0.000922 43
0.000083 33
0.000025 25
0.000081 96
3.456654 1
0.105981 1
0.546155 1
0.087876 1
0.780006 4
0.095671 4
0.928369 1
0.129459 1
0.070452 1
0.135520 1
0.286101 1
2.054464 1
0.033941 1
0.935982 1
0.116296 1
0.195956 4
1.431721 1
0.236199 5
0.590989 11
0.000042 36
0.001345 59
0.000011 42
0.000048 42
0.000360 42
0.000132 59
0.000279 28
0.001844 43
0.000102 33
0.000025 25
0.000104 8
0.000030 88
3.664817 1
0.051770 1
0.087492 1
0.158272 1
0.116067 1
1.598209 1
0.074173 1
0.051651 1
1.008097 1
0.057913 1
1.015994 1
0.183575 1
0.406098 1
0.060385 1
0.168907 1
0.789022 3
0.076127 3
0.381846 3
1.287197 1
0.179913 1
0.117660 1
0.657287 9
0.513448 3
0.197533 3
0.111900 3
0.320858 3
2.038331 3
0.121927 3
0.322069 3
0.321708 3
0.277959 3
0.160286 3
0.141993 3
0.876087 3
0.130986 3
0.464734 1
0.810193 1
0.090002 1
0.045657 1
0.137966 1
0.284231 1
0.114060 1
0.402093 4
0.149602 4
0.140149 4
0.113782 4
0.824488 1
0.173953 1
0.084021 1
0.052025 1
0.706085 1
0.667905 4
0.315999 1
0.239780 1
0.142299 1
0.591673 1
3.912770 2
0.000011 9
0.000063 36
0.096840 28
0.001338 43
0.000062 58
0.000065 96
7.577451 1
0.034888 1
0.390782 1
0.487869 1
0.904009 1
0.218069 1
0.738079 1
0.113902 1
0.223677 1
0.338174 1
0.098202 1
2.497973 1
0.351958 1
0.216496 9
0.509208 11
0.000046 36
0.001182 20
0.614506 16
0.000359 28
0.001183 43
0.000081 33
0.000019 25
0.000087 96
2.457316 1
0.030781 1
0.092342 1
0.104000 1
1.736419 1
0.071994 1
0.097624 1
1.470466 1
0.074007 1
0.093567 1
0.163972 1
1.316475 1
0.129954 1
0.410662 4
0.941564 1
1.113761 1
0.824036 1
0.127944 1
0.024303 1
0.463517 4
0.147807 4
0.096451 4
0.063397 1
0.054495 1
0.220504 9
0.865507 11
0.000041 36
0.001155 20
0.624199 16
0.000369 28
0.001402 43
0.000057 58
0.000073 96
6.968114 2
0.410647 1
0.070017 1
0.223574 1
0.151917 1
0.322091 1
0.234110 1
0.592254 4
0.626007 1
0.089997 1
0.107501 1
0.254222 1
0.307977 1
0.225923 1
0.764368 2
0.000006 9
0.000047 36
0.002918 28
0.001969 43
0.000097 58
0.000069 8
0.000013 88
0.948848 1
0.104498 1
0.501462 1
0.060035 1
0.117614 1
0.858355 1
0.374170 1
0.279635 1
0.204374 4
0.949664 1
0.226224 5
2.360032 1
0.030197 1
0.077289 1
0.426118 1
0.218262 7
0.672065 2
0.000021 9
0.000039 36
0.001402 22
0.000044 37
0.105275 2
0.000436 28
0.001329 43
0.000058 33
0.000018 25
0.000061 8
0.000014 88
12.705660 1
0.001315 1
0.629684 30
0.157845 46
0.740858 4
0.183498 1
0.786478 2
0.000008 9
0.000039 36
0.002593 28
0.001327 43
0.000037 33
0.000015 25
0.000061 96
1.789930 1
0.091971 1
0.393951 1
0.145997 1
0.217716 1
0.207846 1
0.586520 1
0.219578 1
0.244911 4
0.505043 1
0.006900 5
0.511487 4
0.442060 4
0.193747 4
0.137782 4
0.120004 4
0.160384 1
1.502070 4
0.352013 5
1.812018 1
0.037980 1
0.108008 1
0.583904 1
0.297706 1
0.124195 5
0.694229 1
0.250102 1
0.420262 2
0.000006 9
0.000049 36
0.001392 291
0.000005 53
0.000309 28
0.001125 43
0.000059 33
0.000067 121
53.432744 1
0.169237 1
0.506551 1
1.224041 1
0.090871 1
0.179029 1
0.106035 1
0.514028 1
0.219934 1
0.128485 4
0.775500 1
0.123214 3
0.528739 1
0.303960 4
0.203846 4
2.266222 1
0.412072 2
0.000017 9
0.000040 36
0.003956 130
0.002390 28
0.001553 43
0.000108 58
0.000107 96
37.842030 1
0.002184 1
0.059231 1
0.091967 1
0.562336 1
0.238137 1
0.139513 1
0.912826 1
0.197613 1
0.116376 4
1.529512 1
0.082769 3
0.988608 1
0.118846 1
0.185317 1
3.158537 1
0.144040 1
1.680207 1
1.088599 4
0.571399 1
0.131702 1
0.020766 1
0.060849 1
1.476364 1
0.126130 1
0.550001 1
0.056575 1
0.289353 1
1.643979 1
0.453919 1
0.826184 1
0.105455 1
0.234226 1
0.077224 1
0.976899 1
0.080151 1
1.011879 1
0.442090 1
0.546062 1
0.063987 1
0.425911 1
0.562399 4
0.311590 1
0.982047 11
0.000044 36
0.001032 49
0.000509 20
0.018845 227
4.982858 41
0.231440 108
0.524619 56
1.218595 4
0.499335 4
0.017386 4
0.030939 4
0.036046 4
0.033478 4
0.033377 4
0.033447 4
0.033409 4
0.033355 4
0.033528 4
0.033368 4
0.033024 4
0.033453 4
0.033433 4
0.033447 4
0.033463 4
0.031344 4
0.034938 4
0.033509 4
0.033428 4
0.033516 4
0.474843 4
0.499416 4
0.017512 4
0.032936 4
0.033810 4
0.033133 4
0.033032 4
0.031328 4
0.034076 4
0.034489 4
0.033401 4
0.033414 4
0.033526 4
0.033453 4
0.033396 4
0.033502 4
0.032942 4
0.033930 4
0.033443 4
0.033438 1
0.030290 1
0.036156 1
0.032964 1
0.033283 1
0.033544 1
0.247472 1
0.608025 1
0.219987 1
0.616059 1
0.062097 1
0.079479 1
0.152169 1
0.864340 1
0.349981 1
0.273889 4
1.044084 1
0.518080 4
0.531927 1
0.228231 1
0.303531 1
0.306064 4
0.189805 1
0.228598 11
1.916120 1
0.065646 1
0.043582 1
0.434261 1
1.026354 6
0.261581 1
0.372094 4
0.092134 1
0.163957 1
0.778022 2
0.000080 9
0.000033 36
0.001451 29
0.000033 37
0.104672 2
0.000420 28
0.001339 43
0.000049 33
0.000016 25
0.000065 8
0.000005 88
2.153878 1
0.038001 1
0.089505 1
0.882400 1
0.299939 1
0.040069 1
0.123783 1
1.132158 1
0.257865 1
0.100829 5
1.151424 1
0.161165 1
0.300782 2
0.000017 9
0.000040 36
0.003718 195
0.000572 28
0.001401 43
0.000079 33
0.000005 25
0.000072 8
0.000024 88
12.666315 1
0.001261 1
0.294554 1
1.540703 1
0.037918 1
0.122885 1
0.252446 4
0.161725 4
0.018352 1
0.071452 1
1.872627 1
0.039913 1
0.193625 1
0.894416 1
0.533884 1
0.248317 1
0.651709 4
2.538074 4
0.502938 4
0.036156 4
0.043516 4
0.033062 4
0.030497 4
0.031230 4
0.037604 4
0.033652 4
0.033307 1
0.032871 1
0.032742 1
0.033328 1
0.033460 1
0.033613 1
0.319864 1
0.040092 1
0.125524 11
0.000008 36
0.003005 284
0.000462 28
0.001138 43
0.000069 33
0.000014 25
0.000055 8
0.000017 88
16.567960 1
0.003491 1
0.062172 1
0.633970 1
0.074835 1
0.067080 1
0.076121 1
1.252152 1
0.084179 1
0.262041 4
0.165166 1
0.103658 3
0.452736 11
0.000045 36
0.003715 297
0.000518 28
0.001480 197
5.204347 1
0.111962 1
0.429957 1
0.114132 1
0.071994 1
0.083981 1
2.054665 1
0.171314 1
0.121580 1
0.900380 4
0.266655 4
0.611502 1
0.326148 5
0.405699 11
0.000050 36
0.001373 22
0.000042 37
0.000109 2
0.000016 37
0.000557 41
0.000242 28
0.001311 43
0.000078 58
0.000043 8
0.000021 88
0.361081 17
0.286744 1
0.514765 1
0.003384 1
0.033537 1
0.031526 1
0.034897 1
0.029506 1
0.337835 3
0.215863 3
0.130635 5
0.099991 5
0.472257 11
0.000043 36
0.001381 84
21.344940 1
0.005293 2
0.000128 37
0.000124 2
0.000015 63
0.726364 1
0.054334 2
0.000176 37
0.000589 66
1.176823 1
0.067899 2
0.000087 37
0.000123 2
0.000454 28
0.001299 43
0.000043 33
0.000019 25
0.000066 96
0.123874 1
0.071321 2
0.000007 9
0.000040 36
0.126206 1
0.516474 3
2.520012 2
4.235043 39
0.009025 30
0.002367 238
0.000321 43
0.000074 58
0.000068 96
4.649098 1
0.001709 1
0.050277 1
0.496074 1
0.068392 1
0.008249 1
0.591156 2
0.000008 9
0.000042 36
0.003718 1157
0.000468 28
0.001411 197
1.996496 1
0.080618 1
0.093443 1
0.289547 1
0.104319 1
0.032408 1
0.105179 1
0.762176 1
0.211282 6
0.896766 1
0.742324 2
0.000006 9
0.000045 36
0.004488 195
0.000322 28
0.001522 43
0.000080 33
0.000015 25
0.000057 96
0.266410 14
0.318844 4
0.214085 1
0.099504 2
0.000109 9
0.000005 36
0.003748 195
0.000538 28
0.002558 197
1.702728 14
0.710845 4
0.251791 4
0.164199 4
0.176047 4
0.133689 4
0.117855 4
1.604883 4
0.519619 1
0.079999 1
0.104626 3
0.188866 2
0.000007 9
0.000053 36
0.003670 297
0.000497 28
0.001955 197
4.092854 1
0.113993 1
0.106921 1
0.214117 1
0.128312 11
0.000048 42
