0.008439 50
4.398491 29
0.001826 50
0.000044 55
0.000156 50
0.000041 43
0.000183 50
0.000047 43
0.000080 50
0.000057 67
0.001851 50
0.000027 61
0.000149 50
0.000020 47
0.000093 50
0.000057 73
0.974667 2
0.001496 50
15.317053 49
0.651492 2
0.001913 38
0.000006 23
0.000015 45
0.000783 50
5.049762 15
0.381471 2
0.004526 50
5.956019 40
0.371393 2
0.009139 50
6.863394 62
0.643631 2
0.005442 286
0.000553 50
25.613500 62
0.820133 1
0.660475 1
0.040252 1
0.040064 1
0.040588 1
0.043263 1
0.040082 1
0.040673 1
0.040147 1
0.040149 1
0.041615 1
0.039644 1
0.042720 1
0.040601 1
0.397297 3
0.303001 27
0.645809 2
0.014213 50
18.453879 1
0.097924 1
0.310086 1
0.165786 1
1.462175 4
0.662565 4
0.040724 4
0.041625 4
0.511156 1
0.063897 1
0.113858 2
0.000886 207
0.000010 364
0.000198 50
0.635089 1
0.111985 1
0.301846 4
0.659828 4
7.148398 1
0.117908 1
0.153870 1
0.142007 1
0.280050 2
0.000050 6
