0.023006 17
0.000301 28
0.001243 43
0.000042 58
0.000180 96
1.855487 1
0.081897 1
0.173432 1
0.264357 1
0.294046 4
0.177690 4
0.456216 1
0.064336 1
0.207564 4
0.134202 4
0.207669 1
0.096481 1
0.171668 1
0.134082 1
2.618262 1
0.113908 1
0.998024 1
0.996087 1
0.018348 1
0.237261 1
0.736785 1
0.055705 1
0.159620 11
0.000051 36
0.003633 28
0.001336 43
0.000044 33
0.000022 25
0.000055 96
1.195206 1
0.101977 1
0.121495 1
0.884521 1
0.225518 1
0.093618 6
0.212422 11
0.000053 36
0.000090 28
0.001414 51
0.000068 66
0.000069 112
1.684600 1
0.098167 1
0.269696 1
0.173741 1
0.170011 1
0.146426 1
0.932153 1
0.297548 1
0.108291 1
0.301585 1
0.214013 1
0.072497 1
0.247479 1
0.246025 1
0.440451 1
0.137992 1
0.884057 11
0.000045 36
0.003431 28
0.001385 51
0.000044 41
0.000007 25
0.000060 112
0.889069 1
0.100081 1
0.189565 1
0.104291 1
0.171495 1
0.180921 9
0.355373 2
0.000009 9
0.000057 36
0.000072 28
0.001482 62
0.000051 52
0.000012 25
0.000062 134
2.912485 1
0.078038 1
0.081435 1
0.167931 1
0.914682 1
0.107929 1
0.263584 1
0.132437 1
0.123481 1
1.926386 1
0.088182 1
0.397018 1
0.753027 3
0.239539 3
0.163921 3
0.258102 3
0.435618 3
0.345450 1
0.974847 1
0.193988 7
0.147893 3
0.302047 3
1.806368 1
0.370042 4
0.209727 1
0.664435 1
0.391546 1
0.173906 1
1.048100 11
0.000061 8
0.000017 2
0.736193 1
0.917267 1
2.291059 1
0.143463 1
0.562254 1
0.279759 1
0.498271 4
0.153601 4
4.558457 1
0.871969 1
0.125979 1
0.255696 4
0.092311 1
0.083513 1
0.566245 4
0.620692 1
0.575385 1
0.327822 1
0.162301 1
0.682184 2
0.145932 1
0.439684 4
1.376272 1
0.145477 1
0.096595 6
1.913953 1
0.092017 1
0.583718 1
0.848278 1
0.630100 1
0.275442 4
0.198401 4
0.159537 4
0.154113 4
0.253931 1
0.245904 1
0.344346 4
0.211706 1
0.898436 1
0.086088 1
0.139560 1
2.636406 1
0.107537 1
3.026425 1
2.048098 1
27.186413 1
0.721645 1
0.069432 1
0.097964 1
3.550574 1
0.622065 1
0.083434 1
1.576555 1
0.405710 1
0.491981 1
1.356335 1
0.719942 1
0.086005 1
0.427947 1
0.064053 1
0.343722 1
1.110400 1
0.939965 1
0.137336 1
1.098625 1
0.439533 1
1.384497 1
0.189402 1
0.040549 1
0.289550 2
1.314422 1
0.080070 1
1.218012 1
0.446009 3
3.298222 2
0.000021 9
0.000046 10
7.178718 768
0.000009 408
0.000017 319
0.000062 795
0.000010 893
2.824994 902
0.000019 635
0.000024 289
0.000019 314
0.000018 466
0.000074 439
0.499461 4
0.004119 4
0.026968 4
0.030528 4
0.031038 4
0.031114 4
0.030975 4
0.030506 4
0.030534 4
0.030963 4
0.030025 4
0.031135 4
0.030967 4
0.257047 4
0.500459 4
0.004393 4
0.026799 4
0.030520 4
0.030517 4
0.030529 4
0.030960 4
0.030364 4
0.030367 4
0.030059 4
0.030041 4
0.030421 4
0.029702 4
0.030445 4
0.030056 4
0.030453 4
0.030511 4
0.030490 4
0.030059 4
0.030571 4
0.031044 4
0.030463 4
0.031658 4
0.031994 4
0.031509 4
0.030628 6
0.030855 18
0.031977 4
0.031033 4
0.031075 4
0.030130 4
0.030915 198
0.030410 4
0.031523 4
0.030460 4
0.030567 4
0.030995 4
0.031443 4
0.030552 4
0.031020 4
0.030401 4
0.031565 4
0.030924 4
0.031117 4
0.030909 4
0.030983 4
0.030978 4
0.031020 4
0.030455 4
0.030000 4
0.031017 4
0.030950 4
0.031041 4
0.030453 4
0.031495 4
0.031499 4
0.030421 4
0.030541 4
0.030474 4
0.030492 4
0.031620 4
0.031510 4
0.030989 4
0.030159 4
0.030515 4
0.030526 4
0.031128 4
0.030541 4
0.030486 4
0.030504 4
0.030442 4
0.031083 4
0.031562 4
0.030478 4
0.031048 4
0.031084 4
0.031439 4
0.030529 4
0.030049 4
0.030555 4
0.031014 4
0.030575 4
0.030660 4
0.030570 4
0.031987 4
0.031016 4
0.030957 4
0.030467 4
0.030518 4
0.031137 4
0.030465 4
0.030517 4
0.031132 4
0.031001 4
0.030523 4
0.030531 4
0.030091 72
0.030093 4
0.031140 4
0.031479 4
0.030949 4
0.031048 4
0.030474 4
0.030465 4
0.031039 4
0.030033 4
0.031061 4
0.031485 4
0.031620 4
0.030953 4
0.030930 4
0.031965 4
0.032005 4
0.031019 4
0.030959 4
0.031028 4
0.030108 4
0.030539 4
0.030010 4
0.030131 693
0.030666 4
0.031005 4
0.031459 4
0.031193 4
0.030997 4
0.030456 4
0.030493 4
0.031045 4
0.030448 4
0.030038 4
0.030544 4
0.030029 4
0.030478 4
0.030577 4
0.030446 4
0.030544 4
0.030450 4
0.030452 4
0.030014 4
0.030507 4
0.030198 4
0.031006 4
0.030517 4
0.030674 4
0.030503 4
0.030518 4
0.030974 4
0.032055 4
0.030427 4
0.030561 4
0.030995 4
0.031459 4
0.031027 4
0.030493 4
0.030120 4
0.031173 4
0.031018 4
0.030404 4
0.031139 4
0.030123 4
0.031429 4
0.030633 4
0.031046 4
0.030434 4
0.030027 4
0.030028 4
0.030019 4
0.030634 4
0.030433 4
0.030459 4
0.030510 4
0.030912 4
0.030572 4
0.030551 4
0.030483 4
0.030466 4
0.030534 4
0.030532 4
0.030043 4
0.030947 4
0.030538 4
0.030089 4
0.031099 4
0.031010 4
0.030449 4
0.031593 4
0.030955 4
0.030999 4
0.029984 4
0.031068 4
0.030537 4
0.030141 4
0.030898 4
0.030559 4
0.030424 4
0.030003 4
0.030264 4
0.030512 4
0.030526 4
0.030461 4
0.030521 4
0.031675 4
0.031442 4
0.031557 4
0.030153 4
0.029994 4
0.030364 4
0.030494 4
0.030495 4
0.030089 4
0.030084 4
0.030461 4
0.030505 4
0.030449 4
0.030081 4
0.030424 4
0.030565 4
0.030039 4
0.031004 4
0.030491 4
0.030463 4
0.030496 4
0.029969 4
0.030517 4
0.030527 4
0.030455 4
0.031027 4
0.031000 4
0.030023 4
0.030000 4
0.030369 4
0.030076 4
0.030086 4
0.030037 222
0.030081 4
0.030430 4
0.030527 4
0.030483 4
0.030474 4
0.030399 4
0.030596 4
0.030428 4
0.030461 4
0.030531 4
0.030465 4
0.030074 4
0.030112 4
0.030419 4
0.030093 4
0.030564 4
0.030450 4
0.030470 4
0.030473 4
0.030466 4
0.030498 4
0.030027 4
0.029950 4
0.030147 4
0.030001 4
0.030044 4
0.030108 4
0.030975 4
0.031537 4
0.030431 4
0.031020 4
0.030498 4
0.031027 4
0.030939 4
0.292338 4
0.499771 4
0.004433 4
0.027643 4
0.030894 4
0.030943 4
0.030964 4
0.031003 4
0.031002 4
0.211348 4
0.183861 4
0.499909 4
0.004130 4
0.027786 4
0.031467 4
0.030978 4
0.031520 4
0.031528 4
0.030880 4
0.030532 4
0.030521 4
0.031521 4
0.031509 4
0.032025 4
0.030981 4
0.031506 4
0.030973 4
0.032009 4
0.030944 4
0.030965 4
0.031587 4
0.030969 4
0.031543 4
0.030957 4
0.031006 4
0.031075 4
0.030453 4
0.030476 4
0.031096 693
0.031478 4
0.030465 4
0.031560 4
0.030597 4
0.030025 4
0.030424 4
0.030495 4
0.031018 4
0.030455 4
0.030450 4
0.030068 4
0.030109 4
0.030060 4
0.030461 4
0.030536 4
0.030441 4
0.030557 4
0.030436 4
0.030515 4
0.030539 4
0.030446 4
0.029989 4
0.030485 4
0.029890 4
0.031063 4
0.030655 4
0.030394 4
0.509453 4
0.883720 4
0.272652 4
0.207750 4
0.499867 4
0.003886 4
0.027464 4
0.030557 4
0.030641 4
0.030654 4
0.030725 4
0.030155 4
0.030273 4
0.030754 4
0.031212 4
0.031189 4
0.030745 4
0.030304 4
0.031206 4
0.031193 4
0.030137 4
0.031711 4
0.030144 4
0.030755 4
0.030638 4
0.030211 4
0.030257 4
0.030264 4
0.030686 4
0.030235 4
0.030622 4
0.030742 4
0.030199 4
0.030123 4
0.030734 4
0.030705 4
0.030732 4
0.031193 4
0.030693 4
0.031177 4
0.030216 4
0.030735 4
0.030175 4
0.030176 4
0.030748 4
0.030707 4
0.030222 4
0.030183 4
0.030261 4
0.030196 4
0.031278 4
0.030211 4
0.030723 4
0.031164 4
0.030181 4
0.030335 4
0.030631 4
0.031262 4
0.030730 4
0.030654 4
0.030209 4
0.030269 4
0.030854 4
0.030128 4
0.031759 4
0.030188 4
0.030694 4
0.030827 4
0.031774 4
0.030133 4
0.030730 4
0.030716 4
0.030680 4
0.030333 4
0.030144 4
0.030259 4
0.030645 4
0.030314 4
0.030181 4
0.030116 4
0.031221 4
0.030175 4
0.030645 4
0.031253 4
0.030179 4
0.030405 4
0.030200 216
0.030954 4
0.030489 4
0.030546 4
0.030412 4
0.031672 4
0.030411 4
0.030479 4
0.031194 4
0.030989 4
0.030530 4
0.030626 4
0.030940 4
0.030966 4
0.031051 4
0.030542 4
0.030202 4
0.030298 4
0.030582 4
0.030983 4
0.030448 4
0.030547 4
0.030618 4
0.030994 4
0.030551 4
0.031050 4
0.030971 4
0.031000 4
0.031201 4
0.031004 4
0.030118 4
0.031040 4
0.030391 4
0.030522 4
0.029968 4
0.030486 4
0.030442 4
0.030468 4
0.030513 4
0.030511 4
3.189089 4
3.353211 1
7.465063 4
0.499970 4
0.030133 4
0.030050 4
0.030377 4
0.030050 4
0.030506 4
0.030076 4
0.030424 4
0.030024 4
0.030414 4
0.030005 4
0.030485 4
0.030016 4
0.030469 4
0.030371 4
0.030463 4
0.030475 4
0.030073 4
0.030104 4
0.030259 4
0.030195 4
0.030178 4
0.030087 4
0.030253 4
0.030135 4
0.030137 4
0.030185 4
0.030136 4
0.030109 4
0.030185 693
0.030142 4
0.030653 4
0.031149 4
0.030629 4
0.031143 4
0.030549 4
0.030208 4
0.031213 4
0.030188 4
0.031186 4
0.030729 4
0.030255 4
0.031838 4
0.030075 4
0.030818 4
0.030567 4
0.030224 4
0.030264 4
0.030063 4
0.030238 4
0.030104 4
0.030149 4
0.030120 4
0.030146 4
0.030154 4
0.030319 4
0.030112 4
0.030067 4
0.030122 4
0.030194 4
0.030197 4
0.030092 4
0.030231 4
0.030200 4
0.030134 4
0.030329 4
0.030065 4
0.030268 4
0.030043 4
0.030044 4
0.030342 4
0.030229 4
0.030029 4
0.030185 4
0.030218 4
0.030206 4
0.030240 4
0.030132 4
0.030067 4
0.030131 4
0.030281 4
0.030166 4
0.030104 4
0.030198 4
0.030204 4
0.030167 4
0.030087 4
0.030329 4
0.031240 4
0.030156 4
0.030583 4
0.031168 4
0.030660 4
0.031232 4
0.030181 4
0.030609 4
0.030650 4
0.030260 4
0.030584 4
0.030716 4
0.030700 4
0.030211 4
0.031189 4
0.030068 4
0.030812 4
0.031185 4
0.030129 4
0.031690 4
0.030648 4
0.032279 4
0.030617 4
0.030637 4
0.030126 4
0.030692 4
0.030306 4
0.030608 4
0.031333 4
0.030068 4
0.030669 4
0.048406 4
0.055008 4
0.030173 4
0.030438 4
0.031141 4
0.031108 4
0.030525 4
0.030312 4
0.030156 4
0.030012 4
0.030458 4
0.031622 4
0.030994 4
0.030685 4
0.030361 4
0.031059 4
0.031568 4
0.031116 4
0.030914 4
0.031998 4
0.030678 4
0.030398 4
0.030951 4
0.031988 4
0.031492 222
0.031510 4
0.032010 4
0.030815 4
0.031225 4
0.030943 4
0.030474 4
0.030459 4
0.031586 4
0.030859 4
0.030610 4
0.030402 4
0.030621 4
0.031050 4
0.030992 4
0.031504 4
0.030489 4
0.030574 4
0.030479 4
0.030027 4
0.030993 4
0.030438 4
0.030652 4
0.030888 4
0.031001 4
0.030992 4
0.030440 4
0.031505 4
0.031467 4
0.030601 4
0.030498 4
0.030079 4
0.030478 4
0.030065 4
0.029959 4
0.030948 4
0.030448 4
0.030510 4
0.031159 4
0.030041 4
0.030423 4
0.030493 4
0.030457 4
0.030339 4
0.031145 4
0.029901 4
0.030963 4
0.031043 4
0.031092 4
0.030874 4
0.030107 4
0.030963 4
0.030435 4
0.031539 4
0.031407 4
0.031090 4
0.030179 4
0.031180 4
0.031158 4
0.030651 4
0.030637 4
0.030691 4
0.030127 4
0.030225 4
0.030717 4
0.030805 4
0.030585 4
0.030681 4
0.030171 4
0.030630 4
0.030112 4
0.030610 4
0.031122 4
0.031168 132
0.030160 4
0.030095 4
0.031235 4
0.030549 4
0.030721 4
0.030503 4
0.030500 4
0.030970 4
0.030461 4
0.030522 4
0.030477 4
0.030470 4
0.031044 4
0.030469 4
0.030403 4
0.030153 4
0.030643 4
0.030428 4
0.030510 4
0.030938 4
0.030431 4
0.030552 4
0.030490 4
0.030433 4
0.030503 4
0.030497 4
0.030447 4
0.030464 4
0.030536 4
0.030481 4
0.031008 4
0.031059 4
0.031362 4
0.030552 4
0.031073 4
0.030118 4
0.030783 4
0.031925 4
0.030960 4
0.031060 4
0.030951 4
0.030978 4
0.031072 693
0.030432 4
0.031065 4
0.030923 4
0.030529 4
0.030409 4
0.030582 4
0.030382 4
0.030962 4
0.030483 4
0.030495 4
0.030451 4
0.030601 4
0.030471 4
0.030427 4
0.030599 4
0.030572 4
0.032066 4
0.030985 4
0.031004 4
0.030489 4
0.030447 4
0.030491 4
0.030475 4
0.030947 4
0.030415 4
0.030595 4
0.029991 4
0.030635 4
0.030393 4
0.030611 4
0.030521 4
0.030365 4
0.030420 4
0.030510 4
0.030494 4
0.030650 4
0.031099 4
0.030235 4
0.030556 4
0.031231 4
0.030218 4
0.030198 4
0.031139 4
0.030163 4
0.030065 4
0.031125 4
0.031172 4
0.030639 4
0.030134 4
0.031150 4
0.030182 4
0.030046 4
0.030680 4
0.030626 4
0.030113 4
0.030656 4
0.031659 4
0.030673 4
0.030617 4
0.030182 4
0.030651 4
0.030652 4
0.030583 4
0.030223 4
0.030194 4
0.030733 4
0.030132 4
0.030094 4
0.030619 4
0.030591 4
0.030731 4
0.030047 4
0.030158 4
0.031259 4
0.030056 4
0.030045 4
0.031795 4
0.030117 4
0.030092 4
0.030586 4
0.031226 4
0.030247 4
0.030409 4
0.030490 4
0.030898 4
0.030044 4
0.030502 4
0.030414 4
0.030980 4
0.030030 4
0.030538 4
0.029986 4
0.031452 4
0.032001 4
0.030406 4
0.030444 4
0.030954 4
0.031165 4
0.030309 4
0.030466 4
0.030964 4
0.030450 4
0.030500 4
0.029958 4
0.030520 4
0.030508 4
0.031508 4
0.029976 4
0.031054 4
0.030887 4
0.031083 4
0.030916 4
0.030993 4
0.030323 114
0.030672 4
0.030419 4
0.031550 4
0.030945 4
0.030037 4
0.030422 4
0.031100 4
0.030859 4
0.031587 4
0.030445 4
0.030457 4
0.031110 4
0.031417 4
0.031573 4
0.030930 4
0.031519 4
0.030887 4
0.031096 4
0.031501 4
0.031066 4
0.030056 4
0.029990 4
0.031045 4
0.031476 4
0.031992 4
0.030939 4
0.031561 4
0.031964 4
0.031033 4
0.030113 4
0.030997 4
0.030977 4
0.030921 4
0.031017 4
0.030457 4
0.030550 4
0.030426 141
0.030031 4
0.030095 4
0.031424 4
0.030941 4
0.030749 4
0.030569 4
0.030619 4
0.031155 4
0.030625 4
0.030587 4
0.030748 4
0.030240 4
0.030970 4
0.030650 4
0.030660 4
0.030174 4
0.030251 4
0.031062 4
0.030661 4
0.031682 4
0.031620 4
0.030214 4
0.030589 4
0.031164 4
0.030119 4
0.030070 4
0.030710 4
0.030727 4
0.030143 4
0.030136 4
0.031065 4
0.030054 4
0.030855 4
0.031643 4
0.030676 4
0.029916 4
0.030949 4
0.030152 4
0.030208 4
0.030261 4
0.030672 4
0.031750 4
0.031045 4
0.030013 4
0.030259 4
0.031083 327
0.030297 4
0.031137 4
0.030173 4
0.030608 4
0.030339 4
0.030111 4
0.030204 4
0.030760 4
0.030373 4
0.029791 4
0.030238 4
0.030526 4
0.030966 4
0.030991 4
0.031042 4
0.030440 4
0.030417 4
0.030981 4
0.030426 4
0.031064 4
0.030399 4
0.030559 4
0.030473 4
0.030466 4
0.030473 4
0.030458 4
0.030514 4
0.030485 4
0.030020 4
0.030469 4
0.030452 4
0.030451 4
0.030459 4
0.031033 4
0.030512 4
0.030362 4
0.031212 4
0.030949 4
0.030504 4
0.030495 4
0.030373 4
0.031472 4
0.030500 4
0.030010 4
0.030483 4
0.030527 4
0.030424 4
0.030932 4
0.031034 4
0.030461 4
0.030385 4
0.030529 4
0.030397 4
0.030458 4
0.030511 4
0.030970 4
0.030557 4
0.030965 4
0.030892 4
0.030611 4
0.030429 4
0.031057 4
0.030932 4
0.029993 4
0.031092 4
0.030910 4
0.030950 4
0.030516 4
0.030530 4
0.030943 4
0.031490 4
0.030549 4
0.030936 4
0.030500 4
0.032050 4
0.030406 4
0.030453 4
0.030467 4
0.031063 4
0.030435 4
0.030502 4
0.030898 4
0.031618 4
0.030397 4
0.030516 4
0.030972 4
0.030411 4
0.031027 4
0.030563 4
0.030934 4
0.030557 4
0.030502 4
0.030445 4
0.030978 4
0.029999 4
0.030995 4
0.031442 4
0.030519 4
0.030539 4
0.030445 4
0.030400 4
0.030092 4
0.030937 4
0.031001 4
0.030983 4
0.031475 4
0.031503 4
0.030519 342
0.031498 4
0.030508 4
0.031465 4
0.030997 4
0.030983 4
0.030544 4
0.031476 4
0.030553 4
0.030511 4
0.030563 4
0.030465 4
0.030533 4
0.030387 4
0.031057 4
0.031928 4
0.031031 4
0.031976 4
0.031048 4
0.031453 4
0.031585 4
0.030928 4
0.030506 4
0.031469 4
0.030997 4
0.030447 4
0.031114 4
0.031494 4
0.032015 4
0.032012 4
0.031957 4
0.030960 4
0.031980 4
0.031534 4
0.030903 4
0.031577 4
0.031986 4
0.031965 4
0.030549 4
0.030955 4
0.030460 4
0.030961 4
0.030551 4
0.030432 4
0.030034 4
0.030340 4
0.030652 4
0.030400 4
0.030050 4
0.030429 4
0.030985 4
0.030444 4
0.030434 4
0.030509 4
0.030351 4
0.030565 4
0.030434 4
0.031028 4
0.031515 4
0.031980 4
0.031037 4
0.031458 4
0.030478 4
0.030326 4
0.030599 4
0.030370 4
0.030468 4
0.030454 4
0.030504 4
0.030493 4
0.030469 4
0.030575 4
0.030898 4
0.030412 4
0.031033 4
0.031555 4
0.029918 4
0.031009 4
0.030972 4
0.030054 4
0.030868 4
0.031622 4
0.031471 4
0.030963 4
0.030979 4
0.030426 4
0.031030 4
0.030438 4
0.030916 4
0.030999 4
0.031032 4
0.032093 4
0.030487 4
0.030452 4
0.030464 4
0.030537 4
0.030130 4
0.031409 4
0.030136 4
0.030431 4
0.030582 4
0.030320 4
0.030435 4
0.030423 4
0.030499 4
0.030438 4
0.030438 4
0.030048 4
0.031029 4
0.030387 4
0.030187 4
0.030906 4
0.030414 4
0.030998 276
0.030442 4
0.030625 4
0.030930 4
0.031000 4
0.030922 4
0.031083 4
0.029986 4
0.030514 4
0.030491 4
0.029982 4
0.030493 4
0.030569 4
0.030477 4
0.031484 4
0.032056 4
0.030934 4
0.031457 4
0.031443 4
0.031064 4
0.032007 4
0.031514 4
0.031480 4
0.031103 4
0.030924 4
0.030969 4
0.031031 4
0.030959 4
0.030917 4
0.030957 4
0.030604 4
0.031441 4
0.031049 4
0.030461 4
0.031503 4
0.031039 4
0.031968 4
0.031997 4
0.031047 4
0.031442 4
0.031514 4
0.030950 4
0.030990 4
0.030494 4
0.030420 4
0.031059 4
0.030417 4
0.031056 4
0.030402 4
0.032116 4
0.030899 4
0.031122 4
0.030366 4
0.030509 4
0.030403 4
0.031003 4
0.030911 4
0.030992 4
0.030950 4
0.030487 4
0.030456 4
0.030009 4
0.030473 4
0.031767 4
0.031254 4
0.031504 4
0.030500 4
0.030958 4
0.031640 4
0.031889 4
0.032028 4
0.030446 4
0.031556 4
0.030981 4
0.031052 4
0.031071 4
0.030390 4
0.030113 4
0.030962 4
0.030501 4
0.031984 4
0.031053 4
0.030330 4
0.030573 4
0.032004 4
0.031488 4
0.030360 4
0.030126 4
0.030957 4
0.030454 4
0.031583 4
0.030930 201
0.031099 4
0.030665 4
0.031510 4
0.030906 4
0.031964 4
0.031000 4
0.031034 4
0.030972 4
0.030986 4
0.031049 4
0.030428 4
0.030514 4
0.032034 4
0.030932 4
0.031441 4
0.030066 4
0.030413 4
0.031597 4
0.030409 4
0.030475 4
0.030506 4
0.030451 4
0.030997 4
0.030440 4
0.030551 4
0.030942 4
0.030445 4
0.030957 4
0.030506 4
0.030520 4
0.029992 4
0.030497 4
0.030487 4
0.030974 4
0.030995 4
0.030447 4
0.030429 4
0.030947 4
0.030513 4
0.030078 4
0.030427 4
0.029994 4
0.030539 4
0.030523 4
0.030394 4
0.031004 4
0.031510 4
0.030540 4
0.031476 4
0.031515 4
0.031968 4
0.030998 4
0.030044 4
0.030995 4
0.030053 4
0.030453 4
0.030538 4
0.029982 4
0.031557 4
0.031515 4
0.030324 4
0.030618 4
0.031370 4
0.030648 4
0.030467 4
0.030550 66
0.030022 4
0.031840 4
0.030460 4
0.030655 4
0.030950 4
0.030995 4
0.030551 4
0.030981 4
0.031051 4
0.030896 4
0.031591 4
0.031359 4
0.030589 4
0.031901 4
0.032066 4
0.031118 4
0.031892 4
0.030947 4
0.030983 4
0.031553 4
0.030448 69
0.030023 4
0.030971 4
0.030489 4
0.031527 4
0.030450 4
0.030437 4
0.030547 4
0.030478 4
0.030421 4
0.030367 4
0.030616 4
0.030429 4
0.030985 4
0.031102 4
0.030953 4
0.030505 4
0.030032 4
0.030401 4
0.030540 4
0.030502 4
0.030480 4
0.030970 69
0.030378 4
0.030557 4
0.030935 4
0.030535 4
0.030904 4
0.030557 4
0.030991 4
0.030400 4
0.031158 4
0.031349 4
0.031171 4
0.032092 4
0.030852 4
0.031001 4
0.031500 4
0.031490 4
0.031477 4
0.031447 4
0.031089 4
0.030108 4
0.030385 4
0.030451 72
0.031010 4
0.031142 4
0.030907 4
0.031024 4
0.031430 4
0.031673 4
0.030814 4
0.031044 4
0.031022 4
0.031411 4
0.031000 4
0.031514 4
0.031468 4
0.030941 4
0.031628 4
0.030959 4
0.030449 4
0.030405 4
0.030515 4
0.030415 4
0.030500 4
0.030383 4
0.029975 42
0.031041 4
0.031012 4
0.030957 4
0.029947 4
0.030510 4
0.030090 4
0.030366 4
0.030468 4
0.030094 4
0.030395 4
0.041079 4
0.030479 4
0.030996 303
0.030960 4
0.030994 4
0.031017 4
0.031989 4
0.031042 4
0.031923 4
0.030924 4
0.030541 4
0.031610 4
0.031881 4
0.030450 4
0.031040 4
0.030418 4
0.030619 4
0.030857 4
0.031034 4
0.030385 4
0.030518 4
0.030969 4
0.031000 4
0.030590 4
0.030377 4
0.030051 4
0.030450 4
0.031043 4
0.030446 4
0.030567 4
0.030422 4
0.031027 4
0.031120 4
0.030389 4
0.030354 4
0.030116 4
0.030355 4
0.030482 4
0.031043 4
0.030462 4
0.030967 4
0.031502 4
0.030492 4
0.030011 4
0.031055 4
0.031428 4
0.031570 4
0.031463 4
0.030462 4
0.031503 4
0.031471 4
0.031398 4
0.031640 4
0.030943 4
0.031497 4
0.031005 4
0.030465 4
0.031004 4
0.031517 4
0.030989 4
0.031002 4
0.031028 4
0.030965 4
0.030354 4
0.030500 4
0.030544 4
0.030424 4
0.030528 4
0.030438 4
0.030502 4
0.030402 4
0.030055 4
0.030473 4
0.030042 4
0.030421 4
0.030564 4
0.031035 4
0.030432 4
0.030595 4
0.030502 4
0.030978 4
0.029998 4
0.030987 4
0.030479 4
0.030432 4
0.029988 4
0.030588 4
0.029984 4
0.030970 4
0.030896 4
0.031967 4
0.031467 4
0.031009 4
0.030909 4
0.030459 4
0.030541 4
0.030453 4
0.030518 4
0.030979 4
0.030462 4
0.030418 4
0.030038 4
0.030353 33
0.031224 4
0.030373 4
0.030535 4
0.030893 4
0.030014 4
0.030469 4
0.030015 4
0.030434 4
0.030598 4
0.030427 693
0.030474 4
0.030542 4
0.030983 4
0.030076 4
0.030500 4
0.030484 4
0.030477 4
0.030424 4
0.030539 4
0.030928 4
0.030885 4
0.030523 4
0.031038 4
0.030384 4
0.030436 4
0.030080 4
0.030405 4
0.030906 4
0.030522 4
0.030492 4
0.030514 4
0.030519 4
0.031003 4
0.030927 4
0.030524 4
0.030488 4
0.030491 4
0.030380 4
0.030702 4
0.031954 4
0.030985 4
0.031471 4
0.030478 4
0.030959 4
0.030557 4
0.030376 4
0.031532 4
0.031403 4
0.030475 4
0.030932 4
0.030373 4
0.030497 4
0.031163 4
0.030329 4
0.031043 4
0.030960 4
0.030394 4
0.030423 4
0.030482 4
0.030938 4
0.030511 4
0.031496 4
0.031052 4
0.030908 4
0.030569 4
0.030917 4
0.030102 4
0.031450 4
0.032037 4
0.031429 4
0.032050 4
0.030467 4
0.031981 4
0.031092 4
0.031429 4
0.031465 4
0.031497 4
0.031060 4
0.030882 4
0.030544 4
0.030929 4
0.031096 4
0.030259 4
0.030721 4
0.030457 4
0.032490 4
0.030473 4
0.030437 4
0.030461 4
0.030400 4
0.030483 4
0.030437 4
0.030536 4
0.031024 4
0.030874 4
0.031073 4
0.030415 4
0.030519 4
0.031083 4
0.030547 4
0.030949 4
0.030468 4
0.030879 4
0.031436 4
0.030464 4
0.030466 4
0.031602 4
0.030433 4
0.030523 4
0.030479 4
0.030494 4
0.030482 4
0.029891 4
0.030574 4
0.030982 4
0.029988 4
0.030568 4
0.030393 4
0.030413 4
0.030612 4
0.030463 4
0.030359 4
0.030487 4
0.030879 291
0.030520 4
0.030550 4
0.030452 4
0.030984 4
0.030901 4
0.031017 4
0.030477 4
0.031559 4
0.030549 4
0.030995 4
0.030358 4
0.030437 4
0.030595 4
0.030441 4
0.030530 4
0.030632 4
0.031003 4
0.030934 4
0.030901 4
0.030951 4
0.030480 4
0.029992 4
0.030469 4
0.030494 4
0.030551 4
0.030398 4
0.030434 4
0.030546 4
0.031001 4
0.031019 4
0.031029 4
0.030958 4
0.030007 4
0.031942 4
0.030533 4
0.030520 4
0.030935 4
0.030914 4
0.031035 4
0.031426 4
0.031065 4
0.031479 4
0.031000 4
0.031011 4
0.031481 4
0.030432 4
0.030486 4
0.031117 4
0.030880 4
0.030574 4
0.030420 4
0.031605 4
0.030965 4
0.030425 4
0.031001 4
0.030862 4
0.030478 4
0.030591 4
0.030055 4
0.030991 4
0.030448 4
0.031016 4
0.030489 4
0.030515 4
0.030448 4
0.030083 4
0.030442 4
0.030485 4
0.030449 4
0.030487 4
0.030996 4
0.029983 4
0.031966 4
0.031964 4
0.030489 4
0.030449 4
0.031504 4
0.031458 4
0.030136 4
0.030869 4
0.031001 4
0.030090 4
0.030942 4
0.030054 4
0.030022 4
0.030460 4
0.031039 4
0.030945 4
0.030968 4
0.031498 4
0.030523 4
0.031420 4
0.031034 4
0.031493 4
0.031429 4
0.031461 333
0.031491 4
0.030479 4
0.030311 4
0.030545 4
0.030539 4
0.030461 4
0.030466 4
0.030526 4
0.030540 4
0.030446 4
0.030447 4
0.030947 4
0.030549 4
0.030440 4
0.031516 4
0.031907 4
0.031499 4
0.030900 4
0.031018 4
0.030417 4
0.031146 4
0.030898 4
0.030546 4
0.030940 4
0.030445 4
0.030483 4
0.031062 4
0.030346 4
0.031022 4
0.030559 4
0.030471 4
0.030516 4
0.030456 4
0.029995 4
0.030447 4
0.030969 4
0.030419 4
0.030653 4
0.030336 4
0.030659 4
0.030874 4
0.030996 4
0.030432 4
0.030548 4
0.030938 4
0.030058 4
0.030031 4
0.032010 4
0.030984 4
0.031977 4
0.031558 4
0.031386 4
0.031079 4
0.031360 4
0.031118 4
0.030398 4
0.031542 4
0.031425 4
0.031084 4
0.031446 4
0.030510 4
0.031029 4
0.030977 4
0.030454 4
0.030508 4
0.030985 4
0.030419 4
0.030521 4
0.030956 4
0.031112 4
0.030380 4
0.031537 4
0.030479 4
0.030517 4
0.031122 4
0.031457 4
0.030962 4
0.030978 4
0.030026 4
0.031551 4
0.030456 4
0.030478 4
0.030459 4
0.030921 4
0.030124 4
0.030503 4
0.031043 4
0.031507 4
0.030450 4
0.030449 4
0.030485 4
0.030510 4
0.030056 4
0.030403 4
0.030077 4
0.030468 4
0.030496 4
0.030379 4
0.030494 4
0.030471 4
0.030520 4
0.030496 4
0.030419 4
0.030498 4
0.030061 4
0.030994 4
0.030415 4
0.030629 4
0.030415 4
0.030944 9
0.030627 4
0.030593 693
0.030409 4
0.030507 4
0.030495 4
0.029994 4
0.030378 4
0.030622 4
0.030900 4
0.031394 4
0.030527 4
0.031494 4
0.031453 4
0.031526 4
0.031451 4
0.030905 4
0.031122 4
0.030355 4
0.030509 4
0.030982 4
0.030010 4
0.030436 4
0.030944 4
0.030495 4
0.030464 4
0.030953 4
0.030941 4
0.031043 4
0.031967 4
0.031009 4
0.031008 4
0.031416 4
0.031585 4
0.030979 4
0.031010 4
0.031973 4
0.030928 4
0.030510 4
0.030512 4
0.030426 4
0.030548 4
0.030924 4
0.031454 4
0.030456 4
0.030921 4
0.030480 4
0.030487 4
0.030405 4
0.030059 4
0.030455 4
0.030519 4
0.030419 4
0.030570 4
0.030998 4
0.030328 4
0.030546 4
0.031092 4
0.031489 4
0.031374 4
0.031146 4
0.030856 4
0.031088 4
0.031016 4
0.030953 4
0.031434 4
0.030580 4
0.030956 4
0.030944 4
0.030484 4
0.032089 4
0.030395 4
0.032087 4
0.030506 4
0.030363 4
0.030478 4
0.030013 4
0.030501 4
0.030374 4
0.030616 4
0.030469 4
0.031526 4
0.030387 4
0.030642 4
0.030830 4
0.031060 4
0.030439 4
0.030415 4
0.030993 4
0.030436 4
0.030959 4
0.031978 4
0.031997 4
0.031030 4
0.030928 4
0.031491 4
0.030504 4
0.030012 4
0.030572 4
0.031416 4
0.031044 4
0.031600 4
0.031394 4
0.031060 4
0.030864 4
0.032143 4
0.031454 4
0.030881 4
0.030468 4
0.030532 4
0.031617 4
0.030887 4
0.030955 4
0.030494 4
0.030525 4
0.031050 4
0.030436 279
0.030417 4
0.030500 4
0.030980 4
0.030496 4
0.030010 4
0.030953 4
0.030508 4
0.030391 4
0.030092 4
0.030502 4
0.030998 4
0.030435 4
0.030476 4
0.030398 4
0.031073 4
0.031446 4
0.030977 4
0.031993 4
0.031124 4
0.031462 4
0.031398 4
0.030998 4
0.031062 4
0.030480 4
0.030920 4
0.031118 4
0.030020 4
0.031527 4
0.030915 4
0.031017 4
0.030470 4
0.031473 4
0.031968 4
0.031566 4
0.032471 4
0.030405 4
0.030446 4
0.030608 4
0.030434 4
0.030452 4
0.031085 4
0.030383 4
0.030550 4
0.030416 4
0.030560 4
0.030415 4
0.030516 4
0.030459 4
0.031017 4
0.030350 4
0.031092 4
0.030861 4
0.030952 4
0.030397 4
0.030528 4
0.030449 4
0.030396 4
0.031085 4
0.030360 4
0.030463 4
0.030573 4
0.030460 4
0.030579 4
0.030905 4
0.030504 4
0.030989 4
0.031023 4
0.030532 4
0.030375 4
0.031503 4
0.030075 4
0.030890 4
0.030554 4
0.031455 4
0.030483 4
0.031471 4
0.031054 4
0.030900 4
0.031069 4
0.030968 4
0.030880 4
0.031051 4
0.030387 4
0.031163 4
0.030525 4
0.031975 4
0.030977 4
0.030527 4
0.030834 4
0.030460 4
0.030477 4
0.030457 279
0.030471 4
0.030488 4
0.030365 4
0.030180 4
0.030401 4
0.030424 4
0.030992 4
0.031080 4
0.030200 4
0.032075 4
0.030423 4
0.030498 4
0.030490 4
0.030467 4
0.030961 4
0.030520 4
0.030952 4
0.030025 4
0.030456 4
0.030514 4
0.031003 4
0.030989 4
0.030341 4
0.031121 4
0.030939 4
0.030024 4
0.030989 4
0.030488 4
0.030466 4
0.030488 4
0.030530 4
0.030459 4
0.030461 4
0.031143 4
0.030885 4
0.032017 4
0.030424 4
0.031503 4
0.031057 4
0.030957 4
0.031063 4
0.031430 4
0.031053 4
0.031447 4
0.030983 4
0.030895 4
0.030497 4
0.030412 4
0.030428 4
0.030557 4
0.030545 4
0.030416 4
0.031030 4
0.030955 4
0.031005 4
0.030470 4
0.029977 4
0.030450 4
0.030450 4
0.030478 4
0.030435 4
0.030108 4
0.031462 4
0.030508 4
0.030826 4
0.030398 4
0.030477 4
0.030493 4
0.030397 4
0.030575 4
0.030494 4
0.030404 4
0.030077 4
0.030337 4
0.030577 4
0.030944 4
0.031476 4
0.031418 4
0.030542 4
0.030998 4
0.030376 4
0.031058 4
0.031977 4
0.030951 4
0.030442 4
0.030416 4
0.030454 4
0.030547 4
0.030447 4
0.030551 4
0.031283 4
0.031085 315
0.030454 4
0.031510 4
0.030891 4
0.032493 4
0.031525 4
0.031424 4
0.031656 4
0.030897 4
0.031042 4
0.030062 4
0.030999 4
0.030505 4
0.030443 4
0.030486 4
0.031065 4
0.031378 4
0.032099 4
0.031505 4
0.030512 4
0.030996 4
0.032034 4
0.031938 4
0.031099 4
0.030905 4
0.030994 4
0.030965 4
0.031001 4
0.030427 4
0.031615 4
0.030932 4
0.030505 4
0.030521 4
0.030038 4
0.031108 4
0.030870 4
0.031582 4
0.030638 4
0.030666 4
0.030473 4
0.030424 4
0.031004 4
0.030425 4
0.030473 4
0.031070 4
0.030441 4
0.031042 4
0.030351 4
0.030177 4
0.031117 4
0.030114 4
0.030874 4
0.030508 4
0.030598 4
0.030979 4
0.030915 4
0.031026 4
0.030427 4
0.030569 4
0.030432 4
0.031048 4
0.030520 4
0.030474 4
0.030455 4
0.030472 4
0.030461 4
0.030473 4
0.030448 4
0.030478 4
0.030053 4
0.030344 4
0.030614 4
0.030031 4
0.031029 4
0.030936 4
0.030961 4
0.030357 4
0.031122 4
0.030963 4
0.030286 4
0.031641 4
0.031518 4
0.031034 4
0.031471 4
0.030296 4
0.030130 4
0.030421 4
0.030067 4
0.030340 4
0.030987 4
0.030946 4
0.030505 4
0.030506 4
0.030479 4
0.030540 4
0.030524 4
0.029930 4
0.030379 4
0.030569 4
0.030553 4
0.030521 4
0.029893 4
0.030065 4
0.030436 4
0.030114 237
0.029980 4
0.030342 4
0.030049 4
0.029994 4
0.029987 4
0.030395 4
0.030092 4
0.030415 4
0.030000 4
0.030449 4
0.030502 4
0.030441 4
0.030011 4
0.030368 4
0.030590 4
0.030473 4
0.030418 4
0.030561 4
0.030427 4
0.030474 4
0.030637 4
0.030459 4
0.030372 4
0.030080 4
0.030424 4
0.030518 4
0.030356 4
0.030446 4
0.030072 4
0.030340 4
0.030408 4
0.030506 4
0.030050 4
0.030424 4
0.030477 4
0.030054 4
0.030380 4
0.030536 4
0.030415 4
0.030109 4
0.030007 4
0.030401 4
0.030013 4
0.030556 4
0.031435 4
0.030472 4
0.030457 4
0.029935 4
0.030557 4
0.029980 4
0.030023 4
0.029981 4
0.030360 4
0.030494 4
0.030421 4
0.030038 4
0.030483 4
0.030495 4
0.030351 4
0.030111 4
0.030531 4
0.030470 4
0.030408 4
0.030468 4
0.030447 4
0.030472 4
0.030041 4
0.030417 4
0.030439 4
0.030079 4
0.030000 4
0.030469 4
0.029993 4
0.029982 4
0.030392 4
0.030094 4
0.029934 4
0.030059 126
0.030408 4
0.030513 4
0.029989 4
0.030373 4
0.030563 4
0.030505 4
0.030430 4
0.030454 4
0.030442 4
0.030466 4
0.030408 4
0.030009 4
0.030426 4
0.030543 4
0.030012 4
0.030022 4
0.030378 4
0.030487 4
0.030075 4
0.030354 4
0.029982 4
0.030561 4
0.030387 4
0.030392 4
0.030513 4
0.030454 4
0.030482 4
0.030413 4
0.030475 4
0.030366 4
0.030075 4
0.030008 4
0.030018 4
0.030321 4
0.030133 4
0.030382 4
0.317729 4
0.179389 4
0.717959 79
0.961792 24
0.807880 86
0.321565 10
8.251124 67
2.435382 66
0.495773 1
0.499667 1
0.001451 1
0.030410 1
0.031381 1
0.029823 1
0.031060 1
0.031003 1
0.030544 1
0.030377 1
0.030480 1
0.031086 1
0.030542 1
0.444444 1
0.655787 1
0.224902 5
1.550503 5
0.112830 1
0.538638 1
0.030126 1
0.030947 1
0.028521 1
0.029374 1
0.031601 1
0.029428 1
0.029995 1
0.029943 1
0.029989 1
0.029570 1
0.030286 1
0.030094 1
0.030554 1
0.029046 1
0.295963 1
0.286427 5
0.196000 5
0.251793 5
0.250121 5
1.542377 5
0.113307 5
0.128066 5
4.420083 3
0.527759 3
0.500112 3
0.001015 3
0.030222 3
0.031066 3
0.029937 3
0.030426 3
0.030454 3
0.030487 3
0.031057 3
0.031469 3
0.030905 3
0.032037 3
0.031497 3
0.031555 3
0.030590 3
0.030435 3
0.031045 3
0.030974 3
0.030918 3
0.031098 3
0.030389 3
0.030094 3
0.031430 3
0.030982 3
0.030520 3
0.030990 3
0.031478 3
0.031064 3
0.031873 3
0.031113 3
0.030941 1
0.030307 1
0.962187 2
0.000073 9
0.000041 8
0.000012 2
1.912010 1
0.097988 1
0.581884 1
0.064050 1
1.010025 2
0.000006 9
0.000035 36
0.174803 28
0.001364 62
0.000088 52
0.000006 25
0.000129 134
2.027623 1
0.069998 1
0.121240 2
0.000022 9
0.000048 36
0.003920 105
0.000663 28
0.001278 62
0.000066 52
0.000007 25
0.000086 8
0.000014 126
4.026897 1
0.091743 1
0.411649 1
0.297855 1
0.200429 1
0.000008 3
0.295925 4
0.161881 4
0.161931 4
0.159870 4
0.177944 4
0.160167 4
0.137833 1
0.756509 1
0.125517 1
0.152537 4
0.295735 1
1.350173 1
0.773952 1
0.056102 1
0.101759 1
0.438150 11
0.000047 36
1.136755 28
0.001398 62
0.000117 77
0.000075 134
1.931988 1
0.099495 1
0.283787 1
1.280466 1
0.915848 1
0.078139 1
0.533885 1
0.275636 1
0.207027 4
0.661332 1
0.652014 8
1.898079 2
0.000009 9
0.000076 36
0.004521 71
0.000573 28
0.001455 62
0.000051 77
0.000075 8
0.000064 126
4.149552 1
0.065668 1
0.181811 1
0.415955 1
11.110118 1
0.103993 1
2.095894 1
0.591932 1
0.124334 1
2.277968 1
0.140035 1
0.349586 1
0.201819 4
0.174015 4
0.152349 4
1.752468 1
0.165705 1
0.183603 1
0.722420 1
0.239839 1
0.125633 1
0.128479 1
0.247840 1
2.944185 1
0.317944 1
0.578044 1
3.558034 1
0.175477 1
0.172382 1
0.159969 1
0.165710 1
0.808518 1
0.329542 1
1.414426 1
1.869801 1
0.581951 11
0.000026 36
8.667697 28
0.001314 62
0.000107 52
0.000043 25
0.000055 8
0.000014 126
8.016833 1
0.514114 1
1.449997 1
0.399799 1
0.082323 1
0.817984 1
2.112000 1
0.579862 1
2.836209 1
0.465660 1
1.470312 1
0.743892 1
0.661848 1
0.136165 1
0.911981 1
0.064174 1
0.143536 1
0.213824 1
0.928474 1
0.336093 1
0.685922 1
1.198116 1
0.067980 1
0.573740 1
0.235342 1
0.376733 1
0.578128 4
0.434290 1
0.323495 1
0.312171 1
2.228080 1
0.231763 1
0.046193 1
0.163460 1
1.816574 1
0.522002 1
0.118081 1
0.109416 1
0.706515 4
0.635883 1
0.938034 1
0.064049 1
0.587862 1
2.808513 1
0.061307 1
1.062333 4
0.117453 1
0.336233 1
1.478302 1
0.509847 1
0.155627 1
0.446343 1
0.826056 1
1.282130 2
0.000009 9
0.000051 36
16.506606 28
0.001313 62
0.000074 52
0.000030 25
0.000071 134
2.665815 1
0.002624 1
0.121370 1
0.101639 1
0.856486 1
0.231618 1
0.326191 1
0.698242 1
0.081971 1
1.002040 1
0.072019 1
0.131309 1
0.184118 1
1.142311 1
0.337726 1
0.514426 1
0.090102 1
0.205279 1
0.850507 4
0.462252 1
1.143725 1
1.138192 4
0.425868 1
0.426112 1
0.167448 1
0.288363 4
0.245781 1
0.016551 1
0.431794 4
0.171740 4
0.036430 1
0.087305 1
1.878656 1
0.201522 1
0.116423 1
3.646082 1
20.553916 1
0.249760 1
1.134314 1
0.052086 1
0.143341 1
0.372477 1
0.086020 1
0.204960 1
0.697130 1
0.277923 1
0.066118 1
2.797993 1
0.367956 1
0.157654 1
0.463740 1
1.782513 3
0.498054 3
0.396006 3
0.050113 3
0.179406 3
0.863996 3
0.728483 1
0.877813 1
3.216210 11
0.000058 36
0.001779 209
0.000410 29
0.002061 62
0.000065 52
0.000018 25
0.000087 134
11.431648 1
0.499542 1
0.000427 1
0.030936 1
0.030709 1
0.030468 1
0.030204 1
0.032334 1
0.030274 1
0.030411 1
0.030669 1
0.030639 1
0.030488 1
0.030561 1
0.032542 1
0.030494 1
0.030454 1
0.030965 1
0.030836 1
0.030416 1
0.030505 1
0.030558 1
0.030298 1
0.030876 1
0.030980 1
0.030529 1
0.030771 1
0.030374 1
0.030422 1
0.030793 1
0.031186 1
0.030240 1
61.777461 1
0.001070 1
0.126600 1
0.802011 1
0.726090 1
0.348004 1
0.359573 1
1.578393 1
0.081940 1
0.686029 1
0.123389 1
0.282329 1
0.363996 1
1.274434 1
0.323542 1
0.144283 1
0.341756 4
0.217962 1
0.110299 1
0.236083 1
0.301633 4
0.284274 1
1.779778 1
0.395999 1
0.098244 1
0.121517 1
0.902463 1
0.387688 4
0.778355 1
1.029970 1
0.176020 1
0.427779 1
0.780287 1
0.163430 1
0.214143 1
0.308564 1
0.105849 1
0.169436 1
0.444414 1
0.333975 4
0.171415 6
0.670744 1
1.199936 1
0.169830 1
0.261621 1
1.210694 3
0.581811 3
0.386085 3
0.131624 3
0.130097 3
0.742254 2
0.000016 9
0.000050 36
0.001691 72
0.000090 58
0.003145 133
0.000587 28
0.003525 62
0.000094 52
0.000015 25
0.000110 8
0.000029 126
133.071142 41
0.721681 75
0.000049 36
0.121112 140
0.008990 30
0.001952 62
0.000114 52
0.000043 25
0.000135 134
3.669560 1
0.101959 1
0.036075 1
0.153453 1
0.030533 1
0.835971 1
0.090730 1
0.084922 1
0.544369 1
0.607916 1
0.084276 1
0.081207 1
0.282186 1
0.131959 1
0.160283 1
0.175781 1
0.084380 1
0.663974 1
0.052088 1
0.201583 1
0.080345 1
0.121380 1
0.100477 1
0.116083 2
0.000007 9
0.000050 36
0.005387 31
1.614041 2
0.017611 50
0.011611 104
0.005283 132
0.028170 134
0.106850 193
0.000865 63
0.036728 53
0.057229 54
0.012845 54
0.206611 42
0.101680 128
0.094411 128
0.005530 33
0.500802 57
0.500251 79
0.501677 122
0.501599 52
0.264513 228
0.249445 148
0.318309 16
0.023776 111
0.046612 40
0.000541 355
0.000029 44
0.040921 44
0.038828 44
0.037026 44
0.039048 44
0.047456 44
0.038380 44
0.036077 44
0.035789 44
0.081756 44
0.059374 184
0.004890 85
0.000124 156
0.000039 192
0.005743 52
0.031938 226
0.040688 59
0.003684 260
0.010777 174
0.001927 294
0.002894 76
1.055142 20
0.818269 28
0.001349 62
0.000089 52
0.000007 25
0.000075 8
0.000014 126
0.674874 23
0.197447 55
0.354861 11
0.000059 36
0.040652 28
0.001909 62
0.000091 52
0.000020 25
0.000088 8
0.000044 126
0.919465 1
0.055824 1
0.125426 11
0.000043 36
0.003358 233
0.000556 28
0.001259 62
0.000070 52
0.000015 25
0.000076 8
0.000011 126
3.448643 2
0.199467 34
0.168071 59
0.294166 55
0.225588 77
0.210544 54
0.186131 94
0.207960 96
9.838422 4
0.499864 4
0.004043 4
0.026725 4
0.030744 4
0.030449 4
0.030475 4
0.031063 4
0.030527 4
0.030602 4
0.030983 4
0.031069 4
0.030970 4
0.031113 4
0.030169 4
0.031531 4
0.030436 4
0.031568 4
0.031018 4
0.030074 4
0.029974 4
0.030873 4
0.029929 4
0.030510 4
0.030618 4
0.031898 4
0.029039 4
0.030953 4
0.030564 1
0.030304 1
0.030088 1
0.030639 1
0.323524 124
1.375254 243
0.499383 1
0.004009 1
0.026676 1
0.030159 1
0.030140 1
0.029991 1
0.029998 1
0.030460 1
0.030582 1
0.031588 1
0.030023 1
0.030607 1
0.031065 1
0.031220 1
0.031337 1
0.029760 1
0.030575 1
0.030412 1
0.030572 1
0.030496 1
0.031641 1
0.031028 1
0.030028 1
0.030531 1
0.031062 1
0.031459 1
0.031171 1
0.031084 342
0.030592 1
0.030539 1
0.030391 1
0.030608 1
0.030565 1
0.030438 1
0.030587 1
0.030169 1
0.030061 1
0.032626 1
0.030489 1
0.031045 1
0.031033 1
0.031018 1
0.031649 1
0.030664 1
0.390534 1
0.263623 1
0.446754 3
0.284002 296
0.499888 294
0.000210 292
0.030095 290
0.030823 288
0.029740 286
0.030076 284
0.030199 285
0.029943 280
0.030105 278
0.029895 276
0.030038 274
0.030544 272
0.030435 270
0.029976 268
0.029985 266
0.030450 264
0.030024 262
0.029986 260
0.030363 258
0.030115 256
0.030122 254
0.030140 252
0.030408 252
0.030462 249
0.030528 243
0.030493 242
0.031063 223
0.030432 5
0.030996 5
0.030449 5
0.031047 5
0.030007 5
0.030051 5
0.030514 5
0.030107 5
0.030392 5
0.031115 5
0.030443 5
0.030487 5
0.030496 5
0.030989 5
0.030997 5
0.030978 5
0.030490 5
0.030203 5
0.030487 5
0.031023 5
0.029926 1
0.031311 1
0.030026 1
0.030954 1
0.030566 1
0.030367 1
0.030909 1
0.031057 1
0.030505 1
0.030259 1
0.348448 3
0.000123 9
0.000021 36
0.001648 209
0.000361 29
0.001718 273
3.229334 45
0.253929 50
0.366455 34
0.251556 59
0.268180 55
0.257808 77
0.281837 54
0.626707 54
0.362063 11
0.000046 36
0.001854 72
0.000071 58
0.002069 133
0.000311 28
0.001360 62
0.000081 52
0.000025 25
0.000073 8
0.000006 126
33.953932 46
0.685233 85
0.000072 36
8.590347 28
0.001819 62
0.000099 77
0.000085 134
23.713289 1
0.001931 1
0.159478 1
1.094249 1
1.099949 1
0.461930 1
2.172187 1
1.780005 1
0.088021 1
0.867962 1
0.056037 1
0.940010 1
0.137421 1
0.784484 1
0.731976 1
0.068108 1
0.269682 1
0.414240 1
0.499950 4
0.325974 1
0.241842 4
0.224078 4
0.188132 1
0.106195 1
1.259854 1
0.229772 1
0.060997 1
0.188839 1
0.103958 1
1.314483 1
0.096000 1
0.389893 4
0.161985 4
0.143626 1
0.120394 1
0.692139 1
0.865966 1
0.169897 1
0.814086 1
0.239591 1
0.056462 1
0.227576 7
1.116439 1
0.795845 1
0.127670 1
0.203561 1
1.706792 3
1.606050 3
0.395991 3
0.160210 3
0.141645 3
1.702167 11
0.000055 36
0.037254 180
0.000415 28
0.001672 62
0.000067 52
0.000040 25
0.000064 8
0.000013 126
1.453985 45
0.313417 76
1.440674 1
1.054447 7
0.179941 7
0.175891 7
0.796169 3
0.103420 3
0.072545 3
7.671458 3
0.536481 4
0.451714 4
0.499994 4
0.001928 4
0.028743 4
0.030081 4
0.030428 4
0.030459 4
0.030122 4
0.030546 4
0.030449 4
0.029987 4
0.030914 4
0.030947 4
0.030994 4
0.030998 4
0.031034 4
0.030500 4
0.030601 4
0.030511 4
0.030397 4
0.030575 4
0.030421 4
0.029574 4
0.031541 4
0.031125 4
0.030413 4
0.030019 4
0.031030 4
0.030972 4
0.030448 4
0.030508 4
0.030482 4
0.030019 4
0.030423 4
0.031005 4
0.030494 4
0.030974 1
0.030303 1
0.030523 1
0.030986 1
0.030358 1
0.030831 1
0.138766 1
0.226791 1
0.091751 1
0.164071 2
0.000054 9
0.000035 36
0.003525 266
0.000531 28
0.003363 273
1.266376 2
0.361761 47
0.910325 1
1.269666 75
0.597979 1
0.322646 7
0.179894 7
0.205991 7
0.710269 3
0.137957 3
0.463717 3
1.592522 2
0.000007 9
0.000045 36
6.622058 28
0.001333 62
0.000087 52
0.000022 25
0.000084 8
0.000017 126
1.139481 37
0.100156 42
0.730552 11
0.000040 36
0.003846 266
0.001008 28
0.001714 62
0.000093 77
0.000092 8
0.000019 126
20.645271 1
0.005328 1
0.470362 1
1.170167 1
0.132086 1
0.065962 1
0.387795 1
0.224059 10
1.780131 1
0.450198 7
0.831824 2
0.000017 9
0.000041 36
0.053423 28
0.002423 62
0.000087 77
0.000098 134
2.400390 1
0.059407 1
0.125973 1
0.150087 1
1.096117 1
0.657980 1
0.611882 1
0.084071 1
0.235837 1
1.432160 1
0.150985 10
1.004510 1
0.618467 1
0.169689 7
1.210327 2
0.000008 9
0.000051 36
0.003074 58
0.008586 58
0.005862 58
0.008237 58
0.007937 58
0.009482 62
0.008181 59
0.011982 59
0.006031 59
0.005750 59
0.011037 28
0.002168 62
0.000081 211
5.537646 1
0.233749 1
0.102046 1
0.287797 1
1.606315 1
0.220011 1
0.303634 1
1.456272 1
0.052077 1
0.361750 1
0.286633 1
1.107623 1
0.335928 1
0.277034 1
1.771060 1
0.241719 1
0.070266 1
0.163421 1
1.692504 1
0.337874 1
0.076195 1
1.268067 1
2.004001 1
0.083997 1
0.091490 1
0.264069 1
1.070410 1
0.988285 1
1.003696 1
0.467339 1
0.272498 1
0.262111 1
0.309754 1
0.239995 1
1.390316 1
0.058037 1
0.431783 1
3.224197 1
0.175527 1
0.234035 1
0.075180 1
0.280808 1
0.930511 1
0.766349 1
0.307447 1
0.587939 1
0.509960 11
0.000044 36
0.001704 111
0.000027 137
0.000297 29
0.001418 62
0.000157 52
0.000009 25
0.000124 134
30.211331 1
0.001348 1
0.691753 4
0.188010 4
0.161513 1
0.482498 1
0.122066 1
0.765929 1
0.996234 1
0.103777 1
0.320027 1
1.817594 1
0.282268 1
0.230070 4
0.187755 4
0.186327 1
1.354024 1
0.648047 1
0.613990 1
0.359944 1
0.466225 4
0.511783 1
0.056071 1
1.801864 1
0.056077 1
0.175819 1
0.691642 1
0.415589 1
0.286244 1
0.207939 1
0.191579 1
0.244798 5
0.292234 5
0.595468 3
0.378685 13
0.203726 13
0.186023 13
0.161958 13
0.638327 9
0.583968 9
0.199600 9
0.704460 9
0.884091 13
0.357747 9
0.589241 3
0.499688 3
0.001837 3
0.028822 3
0.029999 1
0.030302 1
0.030165 1
0.030339 1
0.030660 1
1.375207 1
0.705960 1
0.321817 1
0.504023 1
0.882139 1
0.070307 1
0.602704 1
0.298624 1
0.534247 1
0.173969 1
0.271955 1
0.582153 1
0.130012 1
0.137843 1
0.165850 1
1.612271 1
1.028512 1
1.709520 1
0.381670 1
0.770405 1
0.101669 1
0.438178 1
0.078117 1
0.061995 1
0.405711 1
1.270326 1
0.201434 1
0.068504 1
0.155617 1
1.738399 1
0.666107 1
0.091980 1
0.225502 1
5.060320 1
0.170117 1
1.139935 2
0.000020 9
0.000042 36
0.002022 69
0.000171 58
0.003178 133
0.000429 28
0.001328 62
0.000079 52
0.000017 25
0.000124 134
4.152141 48
0.508492 4
0.401995 2
0.000015 9
0.000047 36
70.045262 28
0.021455 62
0.000087 52
0.000035 25
0.000102 8
0.000009 126
2.797549 1
0.001986 1
0.075198 11
0.000043 36
0.003566 337
0.000580 28
0.001385 62
0.000069 52
0.000029 25
0.000086 134
3.138812 1
0.105945 1
0.137205 1
0.954719 1
0.074019 1
0.141499 11
0.000038 42
