0.023097 17
0.000347 28
0.001081 43
0.000043 58
0.000180 8
0.000016 88
2.861773 1
0.062044 1
0.333579 1
0.120239 1
0.253811 1
2.280225 1
0.149672 1
0.099300 2
0.474940 4
0.219131 1
1.663015 3
0.080049 3
0.443881 3
0.386266 3
0.089315 3
0.216547 3
0.323977 3
0.124012 3
0.392240 7
0.287291 3
0.226141 1
0.898327 1
0.139561 1
1.774353 1
0.998105 1
0.118021 1
0.187358 1
0.420337 4
0.177992 4
0.818288 1
0.349710 1
0.169763 1
0.280128 1
0.244031 1
0.636388 1
0.077991 1
0.287530 1
0.376223 1
0.164110 1
2.828192 11
0.000038 36
0.000178 28
0.001330 109
0.000034 88
0.387656 29
0.360019 1
0.317533 1
1.522491 1
0.317698 1
0.225943 1
0.212131 1
0.414295 3
0.404038 15
0.220150 15
0.499896 15
0.001124 15
0.030571 15
0.134873 15
0.181510 15
0.668512 11
0.289667 11
0.267967 11
0.141807 11
0.252310 11
0.169707 11
0.109809 1
0.533182 1
0.031023 1
0.029955 1
0.029463 1
0.029489 1
0.030469 1
0.030540 1
0.029509 1
0.212239 1
0.206405 5
0.499482 5
0.001291 5
0.030659 5
0.170620 5
0.170113 5
0.406179 5
0.282094 5
0.105407 5
0.326164 5
0.153956 5
0.210472 5
0.209799 5
0.355757 2
0.000022 9
0.000039 36
0.000150 28
0.001340 101
0.000039 8
0.000026 88
1.488252 27
0.453757 1
0.500140 1
0.000231 1
0.030202 1
0.030545 1
0.029937 1
0.030480 1
0.475216 19
0.305928 19
0.203670 17
0.370183 19
0.744361 15
0.081968 15
0.173368 15
0.279580 1
0.484298 1
0.207437 1
0.196309 1
0.174026 1
0.194587 1
0.213517 1
0.195596 1
0.278391 1
0.450924 5
0.179490 5
0.163949 5
0.182071 5
0.788452 5
0.114011 5
0.227546 5
0.788227 2
0.000020 9
0.000043 36
0.000135 28
0.001305 43
0.000149 154
14.610162 93
0.212285 93
4.387074 1
0.011166 1
8.101814 1
0.001963 1
0.288046 1
0.428006 1
0.203826 1
0.102271 1
0.757888 1
0.165485 1
0.248111 1
0.266064 1
0.166698 1
0.835750 1
0.077952 1
0.974026 1
0.071981 1
0.165551 1
0.140149 1
0.758256 1
0.052095 1
0.430608 6
0.293839 1
0.191918 5
1.731602 1
0.106033 1
0.146771 5
0.605337 1
0.288804 5
0.230865 1
0.600164 4
0.333890 1
0.157732 5
1.014333 1
0.172932 1
0.463100 4
0.159939 1
0.444159 1
0.235350 5
0.236389 2
0.000008 9
0.000041 36
0.002221 28
0.001985 43
0.000068 33
0.000033 25
0.000072 96
2.011817 1
0.080047 1
0.771961 1
0.127967 1
1.010813 1
0.407194 1
0.626023 1
0.081988 1
0.263722 1
1.406287 1
0.225476 1
0.342106 9
0.500435 2
0.000009 9
0.000053 36
0.001675 183
0.000264 28
0.002466 43
0.000079 58
0.000080 8
0.000006 88
5.102610 20
0.807962 72
0.542239 118
0.490171 40
0.614242 44
0.222931 1
0.499697 1
0.001349 1
0.030628 1
0.029961 1
0.030485 1
0.030509 1
0.030421 1
0.030494 1
0.031068 1
0.031414 1
0.030038 1
0.030022 1
0.029982 1
0.030627 1
0.029885 1
0.030057 1
0.030483 1
0.030548 1
0.029945 1
0.280858 3
0.195452 3
0.198351 3
0.340364 3
0.288264 5
0.204016 5
0.207913 5
0.210434 5
0.201716 5
0.466111 5
0.538018 5
0.503961 5
0.056161 5
0.087489 5
0.408287 5
0.339895 5
0.163777 5
0.160319 5
0.496020 5
0.542213 5
0.313647 5
0.205843 5
1.108488 5
3.749972 5
0.608861 5
0.292908 5
0.179820 5
0.214000 5
1.424500 5
0.429707 5
0.126223 5
0.730101 5
0.235453 5
0.388539 2
0.000024 9
0.000040 36
0.000263 28
0.001840 43
0.000096 33
0.000026 25
0.000072 96
0.236708 32
0.234120 1
0.500106 1
0.002022 1
0.029389 1
0.030332 1
0.030451 1
0.030522 1
0.030414 1
0.030440 1
0.031120 1
0.030410 1
0.031507 1
0.030960 1
0.031023 1
0.030999 1
0.030991 1
0.334030 5
0.127568 5
0.320518 2
0.000022 9
0.000045 36
0.000231 28
0.001598 43
0.000076 33
0.000032 25
0.000050 96
0.226746 32
0.266151 1
0.501291 1
0.002177 1
0.028556 1
0.030582 1
0.030425 1
0.030402 1
0.030451 1
0.030449 1
0.030966 1
0.031522 1
0.031078 1
0.030870 1
0.031524 1
0.187707 1
0.203789 1
0.156751 5
0.099939 5
0.372677 2
0.000006 9
0.000044 36
0.000214 28
0.001709 43
0.000669 154
7.148613 32
11.116013 66
0.622035 66
0.717869 66
0.257865 66
0.410511 66
0.361446 66
0.171899 113
0.314202 52
0.420449 1
0.499676 1
0.001485 1
0.030533 1
0.498023 1
0.172642 15
0.499533 15
0.001431 15
0.029699 15
0.031468 15
0.030408 15
0.030236 15
0.699197 11
0.165544 11
0.276537 11
0.159468 11
0.252088 11
0.114417 11
0.851958 2
0.000032 9
0.000046 36
0.000260 28
0.001675 43
0.000108 33
0.000016 25
0.000094 96
0.357060 31
0.616119 1
0.499858 1
0.001340 1
0.030483 1
0.734220 1
0.500524 1
0.001313 1
0.029463 1
0.030546 1
0.030436 1
0.030450 1
0.031046 1
0.030460 1
0.203563 1
0.207917 1
0.336995 5
0.086072 5
0.289574 2
0.000027 9
0.000025 36
0.000234 28
0.001605 43
0.000076 33
0.000032 25
0.000062 8
0.000036 88
0.259365 31
0.356381 1
0.499895 1
0.002576 1
0.028259 1
0.030440 1
0.030972 1
0.030636 1
0.031082 1
0.030460 1
0.030471 1
0.030467 1
0.031082 1
0.030412 1
0.030983 1
0.030949 1
0.313643 5
0.098002 5
0.467969 2
0.000022 9
0.000090 36
0.000280 28
0.001702 43
0.000266 154
2.735830 1
0.078023 1
0.358088 1
0.129895 1
0.537848 1
1.610190 1
0.084086 1
0.145417 1
0.716593 1
0.107890 1
0.269615 1
0.148353 1
0.187771 1
1.586288 1
0.127991 1
0.310000 1
0.111980 1
0.153653 1
0.287916 1
2.792485 1
0.273709 1
0.297843 6
0.292612 1
0.354236 5
1.175601 1
0.241563 1
0.320300 5
0.094171 1
0.474431 5
0.227601 11
0.000050 36
0.002199 28
0.002214 43
0.000066 33
0.000038 25
0.000076 96
5.939409 1
0.091959 1
0.369888 1
0.996079 4
0.499774 4
0.001469 4
0.029295 1
0.030880 1
0.030019 1
0.030368 1
0.031404 1
0.030560 1
0.218977 44
0.526886 124
0.493645 132
0.500876 91
0.001588 1
0.029117 1
0.030115 1
0.031335 1
0.029983 1
0.031681 1
0.030898 1
0.030319 1
0.030587 1
1.930645 1
0.509511 1
0.490109 1
0.075970 1
0.161466 1
0.416184 1
0.134024 1
0.157429 1
0.956908 3
0.121479 3
0.256223 3
0.282062 3
0.174219 3
0.341856 3
0.177611 3
1.302454 3
0.060066 3
0.447918 3
0.082013 3
0.327810 3
0.234038 3
0.164217 3
0.199134 3
0.414043 1
0.230616 1
0.620199 1
0.029934 1
0.834088 1
0.047936 1
0.587997 1
0.209811 1
0.111757 1
0.248194 1
0.578221 1
0.217800 1
0.161790 1
0.868460 1
0.094022 1
0.149691 1
0.654320 4
0.185632 4
0.754464 1
0.161379 1
0.014494 1
0.411910 4
0.201574 4
0.240107 1
0.518183 11
0.000040 36
0.000145 28
0.001719 101
0.000068 96
0.619540 36
0.335578 1
0.500133 1
0.001605 1
0.029466 1
0.032421 1
0.190586 1
0.434459 3
0.208511 15
0.500044 15
0.001666 15
0.029159 15
0.030452 15
0.170431 15
0.157862 15
0.548325 11
0.133553 11
0.294298 11
0.147641 11
0.122572 11
0.097064 1
0.529847 1
0.030642 1
0.029368 1
0.030614 1
0.029387 1
0.030539 1
0.029488 1
0.030484 1
0.029383 1
0.225018 5
0.446937 3
0.090678 5
0.316431 5
0.153730 5
0.153926 5
0.179964 5
0.360564 5
0.293690 5
0.247814 5
0.230322 5
0.130145 5
0.149868 5
0.790057 2
0.000020 9
0.000038 36
0.000163 28
0.001814 43
0.000079 58
0.000068 8
0.000013 88
0.235139 32
0.410476 4
1.002860 1
0.540640 3
0.706802 1
0.475234 1
0.500038 1
0.249872 1
0.185893 1
0.197795 1
0.242766 15
0.190046 15
0.189976 15
0.182377 15
0.203663 15
0.596290 11
0.097529 11
0.326182 11
0.123896 11
0.159921 11
0.088496 11
0.156547 1
0.499766 1
0.001670 1
0.030423 1
0.030432 1
0.030507 1
0.030138 1
0.030944 1
0.030467 1
0.031031 1
0.030564 1
0.031398 1
0.031597 1
0.030854 1
0.030552 1
0.274239 3
0.183669 3
0.180208 3
0.206598 5
0.179991 5
0.177910 5
0.738565 5
0.089924 9
0.139664 5
0.167860 5
0.326232 2
0.000022 9
0.000035 36
0.000139 28
0.001640 43
0.000068 58
0.000058 96
2.834275 1
0.085971 1
0.237591 4
0.183973 4
0.160035 1
0.052404 1
0.238223 1
0.907904 1
0.055885 1
0.692010 1
0.451995 1
0.249735 1
0.154320 1
0.469961 1
0.199549 1
0.242012 1
0.180106 1
0.154385 1
0.543823 1
0.140122 1
0.646039 1
0.243772 1
0.126267 1
0.231529 1
0.972368 1
0.146047 1
0.071493 1
0.608347 4
0.293077 1
0.068567 4
0.224426 1
0.305572 6
0.318377 1
0.286066 4
0.153589 1
0.188536 5
1.009898 1
0.150264 6
0.373648 1
0.343357 5
0.610285 1
0.534379 1
0.298789 5
0.703341 1
0.237925 5
1.096069 2
0.000025 9
0.000040 36
0.002162 28
0.002442 43
0.000016 58
0.000064 8
0.000006 88
2.719225 1
0.084045 1
0.157784 1
0.498117 1
0.620150 1
0.704318 1
0.265279 1
0.234207 1
0.826186 4
0.066061 1
0.125898 1
2.740033 4
0.500583 4
0.001657 4
0.173679 4
0.301538 4
0.806528 1
0.615917 1
0.271667 1
1.238467 1
0.345898 1
0.187958 1
0.261586 1
0.135913 1
0.128494 1
0.263707 1
0.376068 1
0.340121 1
0.078225 1
0.131572 1
0.202092 1
0.472284 1
0.140016 1
0.203639 1
0.142394 1
0.133707 1
0.354197 1
0.447338 5
0.950747 2
0.000009 9
0.000051 36
0.001905 28
0.002252 43
0.000113 33
0.000017 25
0.000073 96
1.927658 1
0.056005 1
0.173553 1
0.530354 1
0.355683 1
0.384092 1
0.468225 1
0.111917 1
0.229574 1
0.422288 1
0.172342 1
0.299722 4
0.086090 1
0.175696 1
0.136096 1
0.138277 1
0.651997 1
0.219546 1
0.562444 4
0.201175 5
0.346686 11
0.000038 36
0.001650 306
0.000026 183
0.000373 28
0.002064 43
0.000173 33
0.000022 25
0.000181 96
18.588959 20
0.764594 55
0.270981 82
0.300126 127
0.664539 1
0.499316 1
0.001606 1
0.029745 1
0.031043 1
0.030949 1
0.030047 1
0.030959 1
0.030926 1
0.030615 1
0.031469 1
0.032004 1
0.031992 1
0.032009 1
0.031037 1
0.031396 1
0.031076 1
0.031432 1
0.031113 1
0.031922 1
0.030993 1
0.031445 1
0.377307 5
0.202116 5
0.179607 5
0.182113 5
0.157780 5
0.387737 3
0.487796 1
0.194451 5
0.358580 5
0.369696 5
0.118196 5
0.308831 3
0.500226 3
0.001731 3
0.030032 3
0.030926 3
0.030927 3
0.031529 3
0.030377 3
0.031492 3
0.030440 3
0.030581 3
0.030474 3
0.031005 3
0.030413 3
0.030956 3
0.030991 3
0.030436 3
0.030410 3
0.270374 13
0.165610 9
0.418076 2
0.000015 9
0.000037 36
0.000153 28
0.001644 43
0.000064 33
0.000006 25
0.000067 96
0.213348 29
1.002446 53
0.441891 55
0.445798 1
0.294064 81
0.629959 135
0.197864 55
0.276452 1
0.769722 48
0.259890 1
0.500623 1
0.001793 1
0.029664 1
0.030107 1
0.185947 1
0.315682 3
0.124379 15
0.176151 15
0.166017 15
0.169990 15
0.162477 15
0.187522 15
1.225234 11
0.270886 11
0.151828 11
0.366461 15
0.095562 11
0.118426 11
0.127624 11
0.219422 1
0.501012 1
0.001776 1
0.028724 1
0.030445 1
0.031535 1
0.030983 1
0.030971 1
0.030579 1
0.030395 1
0.031069 1
0.503032 3
0.226032 5
0.200101 5
0.172082 5
0.163982 5
0.157859 5
0.341828 3
0.122080 5
0.720592 5
0.259577 5
0.171905 5
0.126420 5
0.139763 5
0.456226 2
0.000023 9
0.000044 36
0.000152 28
0.001595 43
0.000074 33
0.000007 25
0.000085 96
0.371343 27
0.316040 1
0.499970 1
0.002646 1
0.028503 1
0.352766 1
0.210665 15
0.199814 15
0.191912 15
0.187885 15
0.500561 15
0.602462 11
0.069428 11
0.258024 11
0.658231 11
0.095799 11
0.124140 11
0.205802 11
0.551994 15
0.114231 11
0.167304 1
0.500501 1
0.001958 1
0.029390 1
0.030617 1
0.030351 1
0.029999 1
0.030432 1
0.030487 1
0.031033 1
0.031271 1
0.310369 5
0.632203 5
0.173616 5
0.146357 5
0.153626 5
0.139865 5
0.124484 5
0.874153 5
0.249593 5
0.177896 5
0.190036 5
0.278203 5
0.345925 2
0.000030 9
0.000022 36
0.000163 28
0.001769 43
0.000076 33
0.000039 25
0.000084 96
2.879895 1
0.034093 1
0.588012 1
0.076043 1
0.147460 1
0.114080 1
11.016594 1
0.397550 4
1.306410 1
0.087864 1
0.087917 1
0.830188 1
0.836016 1
0.478344 7
0.603713 1
0.087577 5
1.866364 2
0.000022 9
0.000070 36
0.001443 28
0.002218 43
0.000137 58
0.000142 96
0.393391 23
1.183717 1
1.008863 7
0.273794 7
0.190210 7
0.175659 7
0.221981 7
0.323987 7
0.272341 7
0.201745 7
0.183722 7
0.376281 7
0.188256 7
0.163837 7
0.045612 4
0.086007 7
0.071986 7
0.324225 7
1.908660 3
0.049692 3
0.129450 3
0.310480 5
1.448025 3
0.072078 3
0.099068 7
0.752930 3
0.075273 6
0.314571 2
0.000041 9
0.000031 36
0.001303 28
0.001593 197
1.641133 1
0.094032 1
0.313701 1
0.118247 1
0.381836 1
0.108230 1
1.599884 1
0.136405 1
0.755716 4
2.056347 1
0.249363 1
0.127863 1
0.224030 1
0.221977 1
0.253904 5
0.954597 1
0.135411 5
0.428382 2
0.000009 9
0.000058 36
0.001299 28
0.001307 43
0.000096 58
0.000075 96
1.617340 1
0.087962 1
0.173603 1
0.145969 1
0.282054 1
1.622260 1
0.074093 1
0.133400 1
0.260600 4
0.067910 1
0.103533 1
1.030529 1
0.275682 1
0.193826 1
0.120401 1
0.152094 1
1.062413 1
0.229230 1
1.356348 1
0.157587 1
0.146490 1
0.563882 1
0.488070 4
0.173743 4
0.098322 1
0.185883 1
1.386081 1
0.081998 1
0.279159 6
1.096797 1
0.296206 5
0.241623 1
1.390326 1
0.241450 6
0.135888 1
0.188943 5
1.388076 1
0.143070 5
0.310367 1
0.245501 5
0.714565 11
0.000069 36
0.002189 28
0.002156 43
0.000119 33
0.000030 25
0.000091 96
53.639682 2
0.052265 2
0.544535 4
0.137632 4
0.115437 1
0.545429 1
0.159552 1
0.197896 1
0.423006 1
1.204696 1
0.375290 4
0.503156 1
0.458964 1
0.470474 1
0.296856 1
0.226655 1
0.689965 1
0.079999 1
0.294056 1
0.149612 1
0.211982 1
0.708375 1
0.609265 11
0.000095 36
0.132281 144
0.008552 30
0.001526 43
0.000095 33
0.000022 25
0.000110 96
0.973648 15
0.237901 1
0.499447 1
0.001999 1
0.029485 1
0.031529 1
0.031444 1
0.030944 1
0.030954 1
0.030515 1
0.030426 1
0.202852 1
0.223979 1
0.233803 1
0.370134 3
0.116451 29
0.454397 25
0.177745 2
0.000022 9
0.000038 36
0.002433 1886
0.000038 1437
0.000534 28
0.002321 43
0.000070 33
0.000095 121
43.219223 1
0.003127 1
0.134520 1
0.511946 1
0.183550 1
0.288426 4
0.125622 4
0.216240 1
0.030915 1
0.899445 1
0.085900 1
0.161486 1
0.144035 1
0.330288 1
0.071977 1
0.112238 1
0.179518 1
0.524432 11
0.000048 36
0.040082 14
2.049886 2
2.704541 61
0.000532 28
0.001816 197
4.402495 13
0.664687 11
0.000066 36
0.037219 14
5.030138 2
2.645193 61
0.000553 28
0.001748 43
0.000089 33
0.000023 25
0.000078 8
0.000007 88
1.960176 13
2.029485 4
0.226899 4
0.192155 4
0.157937 4
0.220172 4
0.223958 4
0.159694 4
0.145910 4
0.578520 1
0.241722 1
0.149745 1
0.174056 1
0.120497 1
0.315648 1
0.127720 1
0.346390 1
0.290244 2
0.000045 9
0.000009 36
0.038859 14
1.592504 2
2.848918 61
0.000527 28
0.001884 197
4.868878 13
0.484315 4
0.499786 4
0.001673 4
0.029007 4
0.030080 4
0.030420 4
0.030492 4
0.366362 4
0.314234 1
0.088065 1
0.205394 1
0.118550 1
0.538055 1
0.101971 2
0.000025 9
0.000026 36
0.005028 14
1.936799 2
2.992392 61
0.000705 28
0.001830 197
6.403153 1
0.163561 1
0.120096 1
0.118357 1
0.145502 1
1.484486 1
0.115507 1
0.298586 1
0.185451 1
0.232114 1
0.256026 1
0.157912 1
0.144022 1
0.998453 1
0.187934 1
0.103836 1
1.108190 1
0.115980 1
0.271617 1
0.154425 1
0.812416 1
0.931520 4
0.592176 1
0.103929 1
0.169938 1
0.289821 1
4.538163 2
0.000009 9
0.000047 36
0.009527 31
2.788132 2
0.047574 28
0.001497 43
0.000074 33
0.000016 25
0.000054 8
0.000006 88
4.547141 1
0.535943 4
0.201644 1
0.291506 1
1.672895 1
0.110005 1
0.169574 1
0.144431 1
0.191652 1
1.604313 1
0.102064 1
0.157588 1
0.780429 1
0.219781 1
0.278069 1
0.294230 3
0.559876 1
0.097536 5
1.370545 1
0.379766 1
0.960254 1
0.120009 1
0.377638 1
0.367954 11
0.000051 36
0.010814 28
0.002266 43
0.000779 33
0.000196 25
0.000066 96
1.820169 1
0.704040 1
0.109337 1
0.126576 1
0.157668 1
0.562322 1
0.175468 1
0.076517 1
1.620102 1
0.059920 1
0.242948 1
0.665182 1
0.888297 1
0.237613 1
0.163469 1
0.700566 1
0.879992 1
0.128010 1
0.887974 1
0.132036 1
1.737955 1
2.140021 1
0.583948 1
1.760418 1
0.671647 1
0.052038 1
0.123932 1
1.756065 1
0.617971 1
0.095982 1
0.109608 1
0.510321 1
1.196089 1
0.360103 10
1.155958 1
0.604405 4
0.863594 1
0.369659 1
0.204184 1
0.593930 1
0.550075 1
0.297745 1
0.080343 1
0.514013 4
0.151493 4
0.696613 1
0.069891 1
0.543832 1
1.474105 2
0.000008 9
0.000057 36
0.015876 28
0.001519 43
0.000075 33
0.000026 25
0.000142 96
17.926466 1
0.002573 1
0.280887 1
0.217977 1
0.198504 1
0.131556 1
0.976311 4
0.225744 4
0.118276 4
1.324181 1
0.091875 1
0.131538 1
1.824604 1
0.363450 1
0.382533 4
0.187456 1
0.122974 1
0.111074 4
0.242232 1
0.147940 3
0.336162 1
0.397956 4
1.080090 1
0.073889 12
3.802490 1
1.041669 4
0.612111 1
0.284639 1
0.146650 3
0.252634 1
0.555787 4
1.008190 1
0.002092 1
0.127905 1
0.350280 1
0.183228 4
0.147799 10
0.288419 1
0.992239 1
0.131486 1
0.288549 4
0.083892 3
0.259721 1
0.444531 4
1.610142 1
0.083692 11
1.015975 2
0.000008 9
0.000046 36
0.004924 223
0.000252 28
0.003513 43
0.000085 33
0.000016 25
0.000075 96
37.901367 2
0.057764 2
0.078635 4
0.189089 4
0.160448 1
0.291117 1
0.084675 1
2.660478 2
0.119728 2
0.319816 2
0.118164 2
0.317685 4
0.174112 4
0.161887 4
0.105830 4
0.926526 1
0.117454 1
0.124511 1
0.295665 1
0.118355 1
0.153476 1
0.584259 4
0.500044 4
0.001493 4
0.029691 4
0.031068 4
0.029907 4
0.030499 1
0.030335 1
0.030151 1
0.031388 1
0.031070 1
0.031268 1
0.032299 1
0.030174 1
0.030331 1
0.030822 1
0.031879 1
0.030272 1
0.030741 1
0.030416 1
0.030533 1
0.030068 1
0.030220 1
0.030313 1
0.030701 1
0.030554 1
0.030827 1
0.030487 1
0.030231 1
0.030756 1
0.030247 1
0.030454 1
0.031702 1
0.030754 1
0.030762 1
0.030478 1
0.030514 1
0.030331 1
0.030809 1
0.031160 1
0.030500 1
0.030719 1
0.030778 1
0.030210 1
0.030396 1
0.030911 1
0.030455 1
0.030618 1
0.030258 1
0.032521 1
0.030547 1
0.030426 1
0.030826 1
0.031086 1
0.030345 1
0.031591 1
0.030879 1
0.030557 1
0.030921 1
0.030368 1
0.030502 1
0.032267 1
0.030383 1
0.031235 1
0.030340 1
0.030473 1
0.031133 1
0.030274 1
4.635131 1
0.389870 1
0.407917 1
0.122093 1
0.231594 1
1.118334 1
0.149607 1
0.143462 1
0.000006 1
0.332097 1
0.518210 3
0.202299 4
0.253271 1
0.509073 3
0.165537 3
0.066486 3
0.357698 3
0.272335 3
0.107959 3
0.199721 3
0.173946 3
0.231905 3
1.128304 3
0.082113 3
0.343701 7
0.176310 7
0.163648 7
0.339790 3
0.460439 1
0.574093 1
0.205543 1
1.896475 1
0.062054 1
0.612114 1
0.306971 5
0.958958 1
0.120346 1
0.287308 1
0.474204 4
0.368076 1
0.265778 1
0.374088 1
0.142061 1
0.664084 2
0.000011 9
0.000052 36
0.000170 28
0.001754 43
0.000232 154
0.269139 30
0.269451 1
0.501472 1
0.002338 1
0.029613 1
0.384983 1
0.160308 15
0.186673 15
0.177497 15
0.146021 15
0.162333 15
0.147602 15
0.240036 15
0.718342 11
0.121447 11
0.276231 11
0.151857 11
0.171984 11
0.104528 11
0.205442 2
0.000033 9
0.000038 36
0.000171 28
0.001778 43
0.000093 58
0.000069 96
0.303239 29
0.256013 1
0.499716 1
0.002511 1
0.030165 1
0.030855 1
0.030056 1
0.164679 1
0.216887 19
0.173934 19
0.156232 17
0.160066 19
0.742020 15
0.105967 15
0.233504 15
0.800480 2
0.000030 9
0.000030 36
0.000170 28
0.001793 43
0.000094 33
0.000017 25
0.000077 96
4.020256 1
0.083548 1
0.519716 1
0.124272 1
0.307805 1
1.710201 1
0.119973 1
0.370004 4
0.005847 1
0.259772 1
0.118378 1
0.282016 4
0.149819 4
0.072247 1
0.111522 1
1.270438 1
0.167417 1
0.285303 1
0.733314 1
0.222048 1
0.103908 1
0.568017 1
1.150013 1
0.495990 1
0.073898 1
0.133831 1
0.129875 1
1.270411 1
0.068032 1
0.223620 1
1.492315 1
0.470032 1
0.067869 1
0.308839 6
0.841316 1
0.182389 5
0.951460 1
0.171908 6
0.278178 1
0.282417 5
0.291523 1
0.211755 4
0.492318 1
0.219562 5
0.648467 1
0.208786 5
0.635204 2
0.000026 9
0.000037 36
0.004161 28
0.001838 43
0.000079 33
0.000007 25
0.000100 96
4.611977 1
0.071627 1
0.231618 1
0.234161 1
0.576257 1
0.344120 4
0.195548 4
0.137934 1
0.076473 1
0.105528 1
1.374473 1
0.068066 1
0.155599 1
0.450063 1
0.646442 1
0.065859 1
0.155547 1
0.207891 2
0.000006 9
0.000048 36
0.003218 28
0.001409 43
0.000133 33
0.000020 25
0.000068 96
1.697837 1
0.015797 1
0.191486 1
1.140556 1
0.276011 1
0.243176 1
0.980931 1
0.393433 3
0.848462 1
0.085730 9
2.346401 1
0.143348 1
0.372177 201
0.232420 1
0.535411 1
0.282260 1
0.121846 5
0.646424 2
0.000019 9
0.000098 36
0.001795 28
0.002394 197
2.850087 1
0.073690 1
1.101970 1
0.127949 1
0.419866 1
2.914089 1
0.664112 4
0.155611 4
0.239892 1
0.032477 1
1.224038 1
0.149889 1
0.259628 1
1.016324 1
0.307667 1
0.144441 1
0.234567 1
0.697412 1
0.182471 1
0.427407 1
0.352116 4
0.196284 1
0.435695 1
0.758130 1
0.187528 4
0.190112 4
0.085796 1
0.114447 1
0.402012 4
0.241698 1
0.606667 1
0.216600 1
8.609501 4
0.500217 4
0.029488 4
0.030410 4
0.030478 4
0.030478 4
0.029960 4
0.030013 4
0.030365 4
0.030426 4
0.030456 4
0.030185 4
0.030031 4
0.030080 4
0.030344 4
0.030487 4
0.029961 1
0.030228 1
0.030157 1
0.030424 1
0.030457 1
0.029989 1
0.030111 1
0.030337 1
0.030543 1
0.030296 1
0.030253 1
0.030480 1
0.030547 1
0.030308 1
0.030326 1
0.030458 1
0.030734 1
0.031873 1
0.030372 1
0.030557 1
0.030311 1
0.030866 1
0.031140 1
0.030428 1
0.030766 1
0.030392 1
0.030493 1
0.030558 1
0.031348 1
0.031246 1
0.031148 1
0.030254 1
0.031362 1
0.030462 1
0.031398 1
0.031101 1
0.030153 1
0.030845 1
0.030143 1
0.030528 1
0.030260 1
0.030971 1
0.031046 1
0.030801 1
0.030365 1
0.031107 1
0.030582 1
0.031416 1
0.030227 1
0.030557 1
0.030746 1
0.031526 1
0.030481 1
0.030541 1
0.030543 1
0.031221 1
0.031239 1
0.031299 1
0.031347 1
0.030051 1
0.030324 1
0.030681 1
0.030667 1
0.030071 1
0.030237 1
0.031140 1
0.030368 1
0.030338 1
0.128516 1
0.456069 4
0.215666 1
0.208080 1
0.228413 1
0.500311 1
0.000676 1
0.030201 1
0.030370 1
0.029986 1
0.030309 1
0.030733 1
0.030584 1
0.030328 1
0.030262 1
0.031131 1
0.030138 1
0.030535 1
0.030113 1
0.030056 1
0.031147 1
0.030490 1
0.031236 1
0.030171 1
0.030234 1
0.030672 1
0.030281 1
0.030163 1
0.031317 1
0.032020 1
0.031035 1
0.031795 1
0.031359 1
0.030573 1
0.030512 1
0.029729 1
0.030439 1
0.030154 1
0.030446 1
0.031312 1
0.031042 1
0.030571 1
0.030842 1
0.030962 1
0.030286 1
0.030088 1
0.030482 1
0.030311 1
0.030754 1
0.030636 1
0.030722 1
0.029966 1
0.030087 1
0.030852 1
0.031511 1
0.031079 1
0.031256 1
1.437696 1
0.065987 1
0.211521 1
2.588473 1
0.145737 1
0.251599 1
1.606693 4
0.499927 4
0.001795 4
0.030171 4
0.030449 4
0.030070 1
0.030232 1
0.030273 1
0.030451 1
0.030546 1
0.029910 1
0.031955 1
0.030341 1
0.005508 1
0.009615 1
0.398650 11
0.000056 36
0.003462 852
0.000562 28
0.001816 197
0.898096 1
0.422053 1
0.315937 4
0.101562 1
0.082857 1
0.949664 4
0.185685 4
0.147870 4
0.117999 1
0.076969 1
0.124955 1
9.932648 1
0.013860 1
0.237537 6
0.472320 2
0.000007 9
0.000053 36
0.000089 28
0.001688 51
0.000102 66
0.000118 112
1.548131 1
0.066020 1
0.151550 1
0.153976 1
0.918409 1
6.922024 1
0.640074 4
0.205506 4
0.368165 1
0.116321 1
0.131959 1
0.289684 4
0.193952 1
0.502149 17
0.241202 16
0.642489 28
0.486068 44
0.381604 39
0.213708 31
0.499776 13
0.002157 21
0.029564 1
0.030906 1
0.030722 1
0.030880 1
0.030633 1
0.030764 1
0.030384 1
0.031544 1
0.030538 1
0.030373 1
0.188830 4
1.360578 1
0.879566 1
0.509881 1
0.312068 1
0.221931 1
0.236199 1
0.803947 1
0.148612 1
0.359160 4
0.157912 1
0.262669 1
0.625644 1
0.185982 1
0.125383 1
0.371561 1
0.205084 1
0.180648 1
1.281333 4
0.755997 4
0.499544 4
0.001846 4
0.029456 4
0.031415 4
0.031090 4
0.030499 4
0.030406 4
0.030562 4
0.032016 4
0.030697 4
0.030907 4
0.030501 1
0.030853 1
0.031201 1
0.031351 1
0.030619 1
0.212818 1
0.058181 1
0.093801 2
0.000007 9
0.000051 36
0.003363 32
0.000584 28
0.003706 51
0.000103 66
0.000107 112
2.500998 1
0.055355 1
0.303742 1
0.170114 1
0.283812 1
0.788271 1
0.560357 1
1.295631 1
0.309674 1
0.356002 1
11.856440 1
0.061990 1
0.231858 1
0.066111 1
0.161680 1
1.518276 1
0.452033 1
0.379727 1
0.146277 1
0.417872 1
0.664245 1
1.247916 1
0.116027 1
2.259977 2
0.000029 9
0.000068 36
0.001812 88
0.000076 110
0.000229 74
0.000406 28
0.002340 51
0.000114 41
0.000015 25
0.000077 8
0.000006 104
10.952038 2
8.631611 4
0.307789 1
32.507792 1
0.001860 1
0.311446 1
0.208286 1
0.638085 4
0.209621 1
0.155878 1
0.372381 2
0.000009 9
0.000042 36
0.000097 28
0.001721 43
0.000062 33
0.000018 25
0.000063 8
0.000007 88
0.840091 1
0.106007 1
0.682015 4
0.302236 1
0.201282 1
1.850485 4
0.500253 4
0.000204 4
0.031372 1
0.031186 1
0.030608 1
0.030437 1
0.030578 1
0.030177 1
0.138397 1
0.030579 1
0.031039 1
0.030859 1
0.030597 1
0.030212 1
0.030376 1
0.030437 1
2.146682 1
0.042012 1
0.579863 4
0.253874 4
0.044318 1
0.559957 1
0.289927 1
1.049995 1
0.014471 1
0.147783 1
0.461678 4
0.001825 1
0.091593 8
0.674753 11
0.000048 36
0.000094 28
0.001832 51
0.000080 41
0.000012 25
0.000083 112
0.726227 1
0.241598 1
0.078061 1
0.393805 1
0.071814 1
0.134060 1
0.464305 4
0.171570 4
0.104031 1
0.163655 13
0.338814 2
0.000007 9
0.000053 36
0.001422 28
0.001470 51
0.000080 66
0.000077 8
0.000017 104
0.938776 1
0.052013 1
0.175497 1
0.060484 1
0.133588 1
0.101871 11
0.000045 36
0.000100 28
0.001691 43
0.000070 58
0.000072 96
0.602091 5
0.498419 23
0.031639 33
0.030971 13
0.030542 28
0.368407 1
0.065514 30
0.005192 28
0.230451 28
0.310786 13
0.237603 16
0.229695 28
0.238286 44
0.282334 73
0.519834 1
0.499920 1
0.002218 1
0.029008 1
0.030596 1
0.030413 1
0.030496 1
0.030419 1
0.030523 1
0.030549 1
0.030520 1
0.030076 1
0.030561 1
0.030390 1
0.030480 1
0.030416 1
0.030365 1
0.030140 1
0.030480 1
0.030020 1
0.030024 1
0.030377 1
0.030467 1
0.030471 1
0.030080 1
0.029964 1
0.030425 1
0.030031 1
0.029905 1
0.030538 1
0.030432 1
0.030513 1
0.030417 1
0.030568 1
0.030439 1
0.030456 1
0.287318 1
0.203803 1
0.426267 3
0.308361 5
0.170305 5
5.453694 1
0.512314 5
0.125497 2
0.000056 9
0.000027 36
0.003406 28
0.001609 43
0.000107 33
0.000013 25
0.000068 8
0.000006 88
3.549245 1
0.084113 1
0.167423 1
0.586394 1
0.198076 1
0.377934 4
0.173713 1
0.265947 1
0.950459 1
0.139296 3
0.760703 1
0.077752 6
2.070295 1
0.140986 2
5.749273 1
0.099687 1
0.137765 1
0.215577 5
1.622623 2
0.000007 9
0.000047 36
0.001680 28
0.001650 109
0.000017 88
0.770582 1
0.074089 1
0.315662 1
0.135760 1
0.256278 1
0.582334 4
0.165787 4
0.097645 1
0.412479 1
0.084038 1
0.193686 1
0.482345 4
0.145935 4
0.142449 4
0.113064 1
0.040574 1
0.117417 4
0.160337 4
0.088253 1
0.069963 1
0.121731 1
0.221204 5
0.462947 2
0.000023 9
0.000033 36
0.000086 28
0.001588 51
0.000108 66
0.000083 112
2.009169 11
0.194324 57
0.185729 84
0.158063 120
0.418189 23
0.811856 26
0.211666 64
0.408286 1
0.499764 1
0.002418 1
0.030173 1
0.030886 1
0.032007 1
0.030417 1
0.031001 1
0.030494 1
0.030472 1
0.030990 1
0.031689 1
0.030879 1
0.030387 1
0.030431 1
0.030582 1
0.031521 1
0.029497 1
0.031615 1
0.030822 1
0.031099 1
0.031415 1
0.030955 1
0.031147 1
0.029927 1
0.030399 1
0.031122 1
0.030455 1
0.030986 1
0.555005 1
0.469690 37
0.203583 23
0.239949 33
0.454626 13
0.345416 28
1.024486 28
0.341482 13
0.286242 16
0.298010 28
0.243929 44
0.367890 73
8.297336 4
0.499359 4
0.002150 4
0.028398 4
0.030471 4
0.333312 4
0.499479 4
0.002250 4
0.029503 4
0.030392 4
0.030611 4
0.030412 4
0.030971 4
0.030427 4
0.030175 4
0.030445 4
0.030415 4
0.030323 4
0.030570 4
0.030182 4
0.030102 4
0.030855 4
0.031015 4
0.030513 4
0.030881 4
0.031640 4
0.030450 4
0.031149 4
0.030888 4
0.030442 4
0.030408 4
0.030466 4
0.030576 4
0.030966 4
0.030453 4
0.030555 4
0.030438 4
0.031055 4
0.031057 4
0.030427 4
0.030408 4
0.030498 4
0.031021 4
0.030959 4
0.031032 4
0.030937 4
0.030386 4
0.031000 4
0.030468 4
0.030018 4
0.030384 4
0.228026 4
0.191934 4
0.160200 4
0.158248 4
0.734091 1
1.646045 1
0.721957 1
0.423897 1
0.313867 1
0.241910 1
0.273905 1
0.384164 12
1.800229 2
0.000125 9
0.000036 36
0.002631 183
0.000540 28
0.002147 51
0.000088 41
0.000030 25
0.000254 112
3.216182 1
0.102005 1
0.167572 1
0.221893 1
0.478526 1
1.695949 1
0.973972 1
1.764145 1
0.627964 1
0.099461 1
0.188067 1
0.166443 1
0.280763 12
0.755251 2
0.000009 9
0.000052 36
0.002410 14
0.000063 13
0.000022 12
0.000552 28
0.002374 92
0.000032 25
0.000116 112
3.298271 1
0.076155 1
0.074038 1
0.155343 1
0.118004 1
0.880768 11
0.000050 36
0.000122 28
0.001749 43
0.000081 33
0.000015 25
0.000084 96
0.545634 1
0.099977 1
0.233680 1
0.260091 1
0.160293 1
0.129995 1
1.094003 1
0.060054 1
0.129609 1
0.574102 1
0.462144 1
0.125574 1
0.184023 1
0.302274 4
0.062179 1
0.590194 1
1.059897 11
0.000038 36
0.003333 28
0.003613 76
0.000032 25
0.000082 96
0.597991 1
0.078880 1
0.139606 1
0.134476 1
0.317756 1
2.546247 1
0.188083 1
1.003915 1
0.626019 1
0.187921 1
0.644051 1
0.217420 1
0.214054 1
0.168055 1
0.138428 1
0.349190 9
2.414894 1
0.339474 1
0.364290 1
0.714154 1
0.067976 1
0.127584 1
0.480481 1
0.767897 1
0.324017 4
0.169541 1
0.192036 3
0.666500 1
0.243990 1
0.561978 2
0.000009 9
0.000059 36
0.002554 14
0.000072 13
0.000028 12
0.000534 28
0.002610 197
2.272198 1
0.101932 1
0.121527 1
1.428494 1
0.171562 1
1.652332 11
0.000063 36
0.000095 28
0.001773 38
0.000068 28
0.000023 25
0.000059 8
0.000014 78
0.716028 1
0.115382 1
0.466536 4
0.181719 4
0.153754 1
0.273045 1
0.011546 1
0.105577 11
0.000050 36
0.003507 69
0.000566 28
0.003974 177
1.198118 1
0.086204 1
0.179579 1
0.262620 1
0.227347 1
0.240179 2
0.346188 11
0.000054 36
0.000286 71
0.000029 28
0.001601 38
0.000108 28
0.000014 25
0.000100 86
1.167514 6
0.300258 1
0.464016 2
0.000044 9
0.000009 36
0.000104 28
0.001489 43
0.000098 33
0.000051 25
0.000083 96
1.126238 1
0.059999 1
0.091992 11
0.000050 36
0.003658 902
0.000567 28
0.001716 197
1.712089 1
0.119887 1
0.175685 1
0.151808 1
0.162570 2
0.000006 9
0.000071 42
