0.024298 242
0.882298 1
0.068112 1
0.083468 1
0.930492 1
0.058019 1
0.078025 1
0.911945 1
0.074065 1
0.147523 1
0.422073 1
1.760463 1
0.261538 1
0.191946 1
0.370501 1
1.453809 1
0.371769 1
0.183924 1
0.207988 1
0.770543 1
0.095879 11
0.000046 36
0.002945 28
0.001138 43
0.000041 58
0.000071 96
1.339889 1
0.111941 1
0.195422 1
0.578590 1
0.075895 1
0.733975 3
1.336029 1
0.107190 9
0.410815 11
0.000043 36
0.000082 28
0.001389 57
0.000064 72
0.000065 124
2.656437 1
0.114004 1
0.197539 1
0.248116 1
0.205854 1
0.122482 1
8.695955 1
0.117971 1
0.265620 4
0.682543 1
0.171424 1
1.232554 1
0.107971 1
0.329815 4
0.223641 1
0.332274 4
0.144243 1
0.050124 1
0.207361 1
0.872639 1
1.558170 1
0.113748 1
0.002510 1
0.041506 1
0.359877 1
0.114106 1
0.261964 1
0.313582 4
0.500422 4
0.030495 4
0.029968 4
0.030479 4
0.029964 4
1.341063 1
0.094090 1
0.675944 1
0.108046 1
0.229414 1
1.632529 1
1.033990 1
1.648095 1
0.318149 1
0.191327 1
0.161996 1
0.114541 1
0.713989 4
0.101968 1
1.037957 2
0.000008 9
0.000054 36
0.003317 28
0.002046 104
0.000007 25
0.000089 124
15.045340 168
2.819177 222
0.000029 45
0.581936 4
0.499621 4
0.003453 4
0.027942 4
0.030838 4
0.030452 4
0.030990 4
0.030491 4
0.030463 4
0.030531 4
0.030428 4
0.031035 4
0.030429 4
0.031481 4
0.031949 4
0.031487 4
0.031451 4
0.030497 4
0.031596 4
0.031817 4
0.030512 4
0.031550 4
0.030353 4
0.031137 4
0.030363 4
0.031733 4
0.031054 4
0.031444 4
0.031992 4
0.030407 4
0.030029 4
0.030523 4
0.031448 4
0.031663 4
0.030411 4
0.030426 4
0.030400 4
0.030057 4
0.030488 4
0.030518 4
0.031672 129
0.030378 4
0.030967 4
0.031610 4
0.030334 4
0.029983 4
0.030462 4
0.030441 4
0.030489 4
0.030513 4
0.030499 4
0.030441 4
0.030057 4
0.030395 4
0.031568 4
0.030892 4
0.029976 4
0.030998 4
0.031141 4
0.030887 4
0.031963 4
0.031382 4
0.030979 4
0.031492 4
0.030310 4
0.030052 4
0.030537 4
0.030048 4
0.030441 4
0.030483 4
0.029941 4
0.030490 4
0.030036 4
0.030504 4
0.030464 4
0.030493 4
0.030023 4
0.030431 4
0.030462 4
0.030531 4
0.235627 4
0.189722 4
0.253963 294
0.518519 2
0.000022 9
0.000042 36
0.000135 28
0.001384 57
0.000061 72
0.000077 124
4.186563 50
0.519657 93
0.000057 36
0.000156 28
0.001496 129
0.000061 124
4.290652 50
0.438605 93
0.000084 36
0.000178 28
0.001407 57
0.000058 47
0.000022 25
0.000083 124
3.289940 74
0.511322 206
0.000009 36
0.004967 28
0.001423 57
0.000057 47
0.000007 25
0.000071 124
3.201900 68
0.437622 200
0.000080 36
0.000152 28
0.001415 57
0.000097 72
0.000055 8
0.000014 116
4.548440 54
0.437638 186
0.000077 36
0.000149 28
0.001515 57
0.000092 47
0.000018 25
0.000073 8
0.000012 116
2.948561 100
0.651885 204
0.000052 36
0.004586 28
0.001529 57
0.000057 47
0.000014 25
0.000071 124
1.897317 1
0.017860 1
0.145905 1
0.212145 1
1.504131 1
1.160000 1
0.224085 1
0.112015 1
0.051984 1
0.141447 1
0.200437 4
0.159579 4
0.171956 1
0.101110 4
0.181075 4
0.058340 1
0.113674 1
0.193861 4
0.171939 4
0.106099 1
0.066381 1
0.465978 1
0.293890 4
0.165813 4
0.153903 4
0.156124 4
0.113837 1
0.072684 1
0.287459 4
0.157898 4
0.177984 1
0.396150 1
0.089776 4
0.316807 1
0.177286 1
1.444428 1
0.149596 1
0.076469 1
0.474000 1
0.087978 1
0.247490 1
1.002500 1
0.257660 1
0.078360 1
0.123488 1
0.550430 1
0.752136 1
0.141531 1
0.390196 1
0.122238 1
0.165821 2
1.394218 4
0.627987 1
0.214491 5
1.719807 1
0.331605 1
0.602070 1
0.185196 1
0.696846 1
0.402013 1
0.269634 1
1.718330 4
0.351645 1
0.126304 1
0.447933 4
0.092140 1
0.133620 1
9.728715 1
0.177354 1
0.198711 3
1.053606 1
0.794684 6
1.645242 2
0.000021 9
0.000039 36
0.001736 84
0.000020 22
0.001150 28
0.001464 57
0.000084 72
0.000081 124
1.119417 1
0.329806 1
0.090233 1
0.539756 1
0.138263 1
0.599899 4
0.173803 4
0.150288 4
0.133640 4
0.824389 1
0.058050 1
0.033894 1
1.836138 1
0.563805 1
0.263674 1
0.084458 1
0.249505 1
0.310189 4
0.066305 1
0.083431 1
0.235995 1
0.582534 1
0.742063 1
0.037975 1
0.203683 1
0.497947 11
0.000049 36
0.004910 28
0.002898 253
2.826484 1
0.136001 1
0.141596 1
0.460401 4
0.159665 4
0.147824 4
0.108038 1
0.092415 1
0.120072 1
1.406050 1
0.419837 1
0.003426 1
0.016941 1
0.415790 4
0.233588 4
0.159865 4
0.202077 1
1.284420 1
0.144019 1
0.257553 4
0.594455 1
0.852013 1
0.153996 1
0.760045 1
0.219796 1
0.142164 1
0.156449 1
0.795578 1
0.085987 1
0.331898 1
0.466065 1
1.386058 1
0.227488 1
0.378446 1
0.141622 1
0.260131 1
0.317983 1
0.090368 1
0.143897 1
1.000154 1
0.421851 1
1.049820 1
4.080576 1
0.857728 1
0.185445 1
0.284097 1
0.434157 1
1.254275 1
0.493925 1
0.147529 1
0.011867 1
0.054663 1
0.291454 1
0.088539 1
0.215552 1
0.660411 4
0.165535 4
0.148032 4
0.182403 4
0.159627 4
0.183935 1
0.338085 4
0.460429 1
0.151453 1
0.096495 1
0.233506 1
2.466591 1
1.907951 2
0.000019 9
0.000045 36
0.010631 28
0.003856 57
0.000100 47
0.000023 25
0.000117 124
9.515243 1
0.048000 1
0.135695 1
0.342240 1
1.942063 2
0.000009 9
0.000039 42
