0.034018 17
0.000312 28
0.001200 43
0.000049 33
0.000039 25
0.000495 96
1.427898 1
0.043909 1
0.808124 1
0.265949 1
0.199601 1
0.088325 1
6.592116 1
0.289803 1
1.916569 1
0.149086 1
1.124512 1
0.084055 1
1.077880 1
0.898074 1
0.175516 1
0.200118 1
0.219976 1
0.922362 2
0.000044 9
0.000021 36
0.003175 28
0.001773 43
0.000056 33
0.000005 25
0.000070 8
0.000022 88
1.587766 1
0.055114 1
0.055415 1
0.212103 1
0.277498 10
0.472787 11
0.000053 36
0.000091 28
0.001412 54
0.000032 44
0.000006 25
0.000079 118
2.316536 1
0.081990 1
0.181475 1
0.273882 1
1.158658 1
0.102022 1
0.131571 1
0.470257 1
2.314201 1
0.597854 1
0.472001 1
0.112194 1
2.393884 1
1.003994 1
0.096080 1
0.167950 1
0.283587 1
0.458663 1
0.187285 1
0.187885 1
0.960746 1
0.091911 1
0.024028 1
0.107412 1
0.482173 4
0.157916 4
1.018363 1
0.096008 1
0.517951 11
0.000043 36
0.002906 28
0.001149 54
0.000058 69
0.000073 8
0.000007 110
2.739899 1
0.257542 1
0.189967 1
1.142374 1
0.155599 1
0.938437 1
0.885991 1
0.078037 1
0.250757 6
1.601302 1
2.401868 1
0.467986 1
0.120067 1
0.539978 1
1.256154 1
0.143503 1
0.155863 1
1.790593 1
0.405722 4
0.229941 1
0.162296 1
0.348124 1
0.377386 4
0.135201 5
1.223311 1
0.315793 1
0.638445 3
0.757830 1
0.757933 1
0.137572 1
0.228242 1
2.138267 1
0.099427 1
0.204144 1
0.070327 1
0.433234 2
0.662763 1
0.173722 1
0.244156 1
0.074165 1
0.495919 1
3.420431 1
0.583558 1
0.477489 11
1.450648 1
0.975912 1
0.371740 1
0.638313 4
0.265425 1
1.608573 1
0.084063 1
0.343507 1
0.678776 1
0.251283 1
0.714421 1
0.149559 1
0.426445 1
0.695151 1
0.499746 1
0.000115 1
0.030930 1
0.030349 1
0.419755 11
0.397352 1
0.119334 3
0.499887 3
0.002055 3
0.028649 3
0.030128 3
0.029980 1
0.030217 1
0.030161 1
0.029965 1
0.117180 1
0.954803 1
1.074280 1
0.143640 1
0.293968 2
0.000019 9
0.000042 36
0.017317 28
0.002227 54
0.000037 44
0.000013 25
0.000089 118
3.194904 1
0.487655 1
0.309357 2
1.734649 1
0.097488 2
0.494488 1
1.136125 1
0.065937 1
0.285602 1
0.306130 1
1.252323 1
0.245400 12
1.144507 1
0.950050 1
0.075978 1
0.306271 3
1.618093 2
0.000006 9
0.000041 36
0.005641 29
0.000008 2
0.000601 16
0.000105 11
0.041434 103
0.000832 28
0.001911 54
0.000089 44
0.000017 25
0.000258 8
0.000006 110
11.516754 1
0.071986 1
0.379893 1
0.131561 1
0.180118 1
0.612285 1
0.212018 1
0.265076 1
0.992851 3
0.239747 3
0.394400 3
0.042046 3
0.291578 3
0.094396 3
0.695436 3
0.206562 1
0.600357 1
0.171549 1
0.089587 1
0.714599 1
0.218335 12
1.729613 1
0.018692 1
0.255427 1
1.009855 1
0.436367 1
0.477866 4
0.152258 1
0.273702 1
1.101923 1
0.113932 1
2.733978 1
0.369948 1
0.401894 1
0.270015 4
0.232092 1
0.239940 1
0.100111 1
0.179410 1
1.464600 11
0.000053 36
0.000128 28
0.001625 54
0.000060 44
0.000005 25
0.000079 118
1.842139 1
0.566077 1
0.991779 1
0.153578 1
1.516287 2
1.314159 1
2.206101 1
0.081961 1
0.115699 1
0.294020 4
1.058245 1
0.143940 1
1.380156 1
0.071987 1
0.259969 11
1.014385 1
0.677667 1
0.051872 1
0.254261 3
0.597003 2
0.000028 9
0.000097 36
0.003384 31
0.000620 17
0.041328 97
0.000796 28
0.001800 54
0.000096 69
0.000076 8
0.000006 110
5.136591 1
0.103997 1
0.217743 1
0.123714 1
0.113976 1
0.864561 1
0.977995 1
0.346037 1
0.114547 1
1.265446 4
1.403741 11
1.752332 1
0.055870 1
0.187618 10
1.320462 1
0.064014 1
0.233360 3
0.938586 1
0.279810 4
0.082196 1
0.049508 1
0.151958 10
0.368478 2
0.000007 9
0.000056 36
0.003250 28
0.001555 54
0.000078 44
0.000007 25
0.000075 118
45.659310 2
0.045763 2
0.401760 2
0.119788 2
0.236504 4
0.499915 4
0.001955 4
0.028975 4
0.031139 1
0.031821 1
0.031183 1
0.030813 1
0.030728 1
0.030493 1
0.531001 1
0.074026 1
0.137567 2
0.000008 9
0.000042 36
0.003397 48
0.000546 28
0.003375 241
2.905008 1
0.197851 1
0.532103 1
0.060799 1
0.379235 11
0.000050 42
