0.025212 17
0.000999 28
0.001819 43
0.000063 33
0.000004 25
0.000235 96
3.085945 1
0.055941 1
0.271663 1
0.167820 1
0.170042 1
0.128549 1
0.935937 1
0.048069 1
0.241344 1
0.210059 1
0.792589 1
0.099973 11
0.000047 36
0.003177 28
0.001188 43
0.000079 58
0.000064 96
1.209411 1
0.090004 1
0.082014 1
0.575765 1
0.040560 1
0.244084 1
0.727691 1
0.693933 1
0.263730 1
0.315973 11
0.000049 36
0.000082 28
0.001470 49
0.000058 64
0.000071 8
0.000006 100
1.282488 1
0.092217 1
0.139692 1
0.103686 1
0.810442 1
0.467956 1
0.089979 1
0.503922 1
0.317924 1
1.406230 4
0.191788 4
0.187816 4
0.204080 4
0.986318 1
0.634138 1
0.073925 1
0.309501 1
0.738504 1
0.135543 1
0.668359 1
0.174051 1
0.291556 1
0.368161 1
0.654363 1
0.959843 1
0.622111 1
0.315636 1
3.380639 4
0.500355 4
0.001988 4
0.028855 4
0.030064 4
0.030433 4
0.030552 4
0.030978 4
0.031055 4
0.029477 4
0.030961 4
0.031562 4
0.031254 4
0.031568 4
0.030048 4
0.031172 4
0.031626 4
0.030423 1
0.031858 1
0.030644 1
0.030365 1
0.030924 1
0.031136 1
0.030353 1
0.030423 1
0.030409 1
0.031231 1
0.030157 1
0.030548 1
0.030255 1
0.030620 1
0.030711 1
0.030984 1
0.030482 1
0.030255 1
0.030366 1
0.030598 1
0.030458 1
0.031330 1
0.032064 1
0.030434 1
0.031049 1
0.030228 1
0.030504 1
0.030122 1
0.030489 1
0.030259 1
0.030333 1
0.030549 1
0.030463 1
0.030536 1
0.030493 1
0.030623 1
0.030207 1
0.030427 1
0.029994 1
0.032035 1
0.031686 1
0.030984 1
0.030429 1
0.031095 1
0.030270 1
0.031267 1
0.029796 1
0.030590 1
0.030323 1
0.030562 1
0.030244 1
0.030442 1
0.030998 1
0.031430 1
0.030268 1
0.030198 1
0.030482 1
0.030612 1
0.030731 1
0.030542 1
0.031342 1
0.030724 1
0.031558 1
0.030009 1
0.030460 1
0.030552 1
0.030734 1
0.030954 1
0.030442 1
0.030546 1
0.030772 1
0.030420 1
0.030834 1
0.030235 1
0.030012 1
0.030681 1
0.031136 1
0.030157 1
0.030907 1
0.031109 1
0.031234 1
0.031569 1
0.030488 1
0.031050 1
0.030303 1
0.030400 1
0.030709 1
0.030730 1
0.029960 1
0.030932 1
0.030950 1
0.030562 1
0.030894 1
0.030544 1
0.030718 1
0.030834 1
0.030709 1
0.030520 1
0.030224 1
0.312452 1
0.080249 1
0.201387 1
0.112438 1
0.143682 1
0.216126 11
0.000050 36
0.000111 28
0.001590 43
0.000059 33
0.000016 25
0.000059 96
0.880382 1
0.046279 1
0.087343 2
0.000009 9
0.000044 36
0.003818 1253
0.000574 28
0.003337 197
0.798619 1
0.073998 1
0.179489 1
0.910421 1
0.086043 1
0.321245 1
0.672787 1
0.451921 1
0.082063 1
0.175533 11
0.000053 36
0.000089 28
0.001666 49
0.000078 64
0.000336 108
2.914308 1
0.079997 1
0.119558 1
0.141958 1
1.256513 1
0.537795 1
0.714183 1
0.231490 1
0.450188 4
0.277825 1
0.808777 1
0.813754 1
0.131627 1
0.351932 1
48.316572 4
0.499763 4
0.002168 4
0.028230 4
0.030222 4
0.030034 4
0.030253 4
0.030117 4
0.029996 4
0.030053 4
0.030263 4
0.030127 4
0.030127 1
0.030175 1
0.030186 1
0.031917 1
0.030306 1
0.031744 1
0.150099 1
0.028446 1
0.030132 1
0.030850 1
0.738711 1
0.122515 1
0.233970 1
1.191576 1
0.142064 1
0.187761 1
0.520052 1
0.065995 1
0.255899 1
0.322114 1
1.545052 1
0.270860 1
0.117865 1
0.160774 1
0.334047 4
0.183403 4
0.137561 1
0.166493 1
0.109797 1
0.440113 4
0.127744 1
0.222890 1
0.333452 1
0.186071 1
0.166401 1
0.146008 1
0.154168 1
0.141691 1
0.144357 1
0.197837 4
0.499530 4
0.001944 4
0.029898 4
0.028885 4
0.029997 4
0.030097 4
0.029971 4
0.030097 4
0.031143 4
0.031536 4
0.032144 4
0.029096 4
0.033674 1
0.029460 1
0.030785 1
0.030059 1
0.030033 1
0.031558 1
0.029529 1
0.030693 1
0.030007 1
0.030431 1
0.031171 1
40.211931 2
0.307009 2
0.631440 1
0.471339 2
0.658243 4
0.499929 4
0.001951 4
0.029057 4
0.030343 1
0.030642 1
0.030054 1
0.034213 1
0.026409 1
0.030238 1
2.069127 1
0.049927 1
0.209600 1
2.080431 1
0.155594 1
0.127831 1
1.516677 1
0.091778 1
0.325927 4
0.159770 4
0.117879 1
0.056517 1
0.167467 1
0.796262 1
0.542143 1
0.120055 1
0.135671 1
6.106383 1
2.114060 4
0.499792 4
0.002121 4
0.029314 4
0.030409 4
0.030468 4
0.030126 4
0.030577 4
0.029946 4
0.030068 4
0.603115 4
0.906077 1
0.079964 1
0.233590 1
0.170153 1
0.384227 4
0.161569 4
0.140019 4
0.220157 1
0.520092 1
0.335848 1
0.214197 1
0.331617 1
0.622471 1
0.143550 1
0.106522 1
0.375938 1
0.706115 1
0.345303 4
26.058880 1
0.179435 1
0.218212 1
0.770187 1
0.327537 1
1.058374 2
0.000020 9
0.000040 36
0.001462 41
0.000072 114
0.000315 28
0.002184 49
0.000103 39
0.000005 25
0.000184 8
0.000007 100
1.189137 22
1.713721 1
0.501056 1
0.001905 1
0.028858 1
0.030555 1
0.030361 1
0.030932 1
0.030961 1
0.030556 1
0.030020 1
0.030261 1
0.032209 1
0.030940 1
0.031429 1
0.030439 1
0.030481 1
0.030489 1
0.030519 1
0.031545 1
0.031010 1
0.032136 1
1.441750 3
0.365564 3
0.500100 3
0.001831 3
0.029670 3
0.031019 3
0.030215 3
0.030162 3
0.030263 3
0.030684 3
0.030764 3
0.030240 3
0.030592 3
0.031242 3
0.030034 3
0.030665 3
0.031675 3
0.030684 3
0.030143 3
0.030797 3
0.030503 3
0.030259 1
0.029907 1
0.030809 1
0.030084 1
0.030174 1
0.029889 1
0.142197 1
0.029524 1
0.031440 1
0.031071 1
0.030107 1
0.652135 4
0.500179 4
0.001877 4
0.029689 4
0.030126 4
0.031146 4
0.031198 4
0.030251 4
0.031124 4
0.030139 4
0.030872 4
0.031569 4
0.030701 4
0.030051 4
0.030810 4
0.031178 4
0.030777 4
0.030249 4
0.031308 4
0.029763 4
0.029971 4
0.030472 4
0.030908 1
0.030317 1
0.031767 1
0.029948 1
0.030466 1
0.031555 1
0.030950 1
0.030663 1
0.030463 1
0.029926 1
0.030431 1
0.030756 1
0.030123 1
0.029992 1
0.030020 1
0.030747 1
0.030223 1
0.032717 1
0.070437 1
0.149890 1
0.239620 1
1.532586 1
2.386026 1
0.696035 1
0.080012 1
0.181431 1
0.832465 1
0.145621 1
0.158422 1
0.618048 1
0.157411 1
0.232203 1
0.324155 1
2.004202 1
0.834004 1
0.171547 1
0.219438 4
2.021024 1
0.351528 1
0.201959 1
0.208008 1
0.072469 1
0.361664 2
0.000032 9
0.000040 36
0.002424 105
0.000349 28
0.001429 49
0.000077 64
0.000096 108
4.824302 1
0.211613 1
0.311924 1
0.213645 1
0.134273 1
0.426061 1
0.124067 1
0.471638 1
1.114418 3
0.189554 3
0.436342 3
0.203616 3
0.120494 3
0.453027 3
0.294757 1
1.470071 1
0.327714 1
1.942767 1
0.491581 1
0.315748 1
0.221841 1
0.162489 1
2.196052 1
0.303728 1
0.151691 1
0.084446 1
2.558081 2
0.000008 9
0.000047 36
0.000148 28
0.001593 49
0.000088 39
0.000018 25
0.000099 108
0.233745 1
0.072299 1
0.139675 1
0.860212 1
0.937969 1
0.156145 1
0.685953 1
0.068039 1
0.155475 1
0.632532 1
0.137568 1
0.134402 1
2.682045 1
0.291572 1
0.437048 4
0.971387 1
0.269647 5
1.498380 1
0.327909 1
0.211746 8
1.050287 11
0.000050 36
0.001611 11
0.000343 28
0.002428 49
0.000090 64
0.000102 108
4.435621 1
0.125270 1
0.112372 1
0.464047 1
0.148054 1
1.117934 4
0.175774 1
2.978316 1
1.374078 1
1.011997 1
0.397722 1
0.189644 1
0.188789 1
0.271428 1
0.360025 1
0.394348 1
0.804014 1
0.119418 1
0.132613 1
0.709863 4
0.151695 4
0.139934 4
0.156042 4
0.148002 4
0.934440 1
0.309896 1
0.149824 1
0.132240 1
0.188014 1
0.329886 4
0.173721 4
0.141928 4
0.346302 1
0.062226 1
0.261572 4
0.143823 1
0.350278 4
0.138101 4
0.115567 1
0.126046 1
0.100545 1
1.374019 1
0.698053 1
0.523880 1
0.318025 1
0.155600 1
0.179953 1
0.456439 1
0.243700 1
1.626441 1
0.385970 1
0.787906 1
0.708057 1
0.076442 1
1.159613 2
0.000008 9
0.000063 36
0.003490 28
0.002093 49
0.000083 39
0.000023 25
0.000060 8
0.000004 100
0.696093 1
0.108149 1
0.417799 1
0.094122 4
0.183512 4
0.146004 1
0.082307 1
0.193557 1
1.208473 1
0.970496 1
0.291162 1
0.092406 1
0.892101 1
0.545807 1
0.492016 1
0.140071 1
0.415903 1
0.604222 1
0.289824 1
0.084133 1
0.087569 1
1.606381 1
0.209945 1
0.092706 1
0.125022 1
0.950394 1
1.453849 1
1.488524 1
0.713622 1
0.347825 1
0.170128 1
0.519874 1
1.881985 1
0.348023 1
1.340168 1
0.135466 1
0.102529 1
1.049933 1
0.935983 1
1.046017 1
0.445863 1
0.211792 1
0.124361 1
0.267588 1
0.316295 1
0.387970 1
2.232267 1
0.889962 1
0.708005 1
0.215655 1
0.329990 2
0.000008 9
0.000049 36
0.001881 7
0.000049 24
0.000007 13
0.000007 12
0.000552 90
0.001252 49
0.000081 39
0.000019 25
0.000074 108
2.970318 1
0.890000 4
0.500097 1
0.030232 1
0.030208 1
0.030915 1
0.031507 1
0.030335 1
0.139028 1
0.029158 1
0.030221 1
0.030588 1
0.029989 1
0.179605 1
0.096097 1
0.137915 1
0.163904 1
0.766270 1
0.969966 1
0.126001 1
0.321745 1
0.384083 1
1.582205 1
0.477922 1
0.132072 1
0.241590 1
0.202077 1
0.082317 1
0.127947 1
0.752067 1
0.463993 1
0.133433 1
0.084618 1
1.115993 1
0.715925 1
0.131657 1
0.189922 1
0.150231 1
0.138102 1
0.183685 1
0.262461 6
1.333992 1
0.575974 1
0.135762 1
0.160940 1
1.669270 3
1.514027 3
0.392062 3
0.179561 3
0.177853 3
0.786601 11
0.000052 36
0.001700 7
0.000414 28
0.002369 49
0.000085 39
0.000046 25
0.000069 8
0.000017 100
2.229213 1
0.085992 1
0.141641 1
0.117937 1
0.936435 1
0.159532 1
0.109889 1
0.098584 1
0.097522 1
0.119867 1
0.254325 1
0.086200 1
0.544251 1
0.945782 1
0.068099 1
0.095565 1
0.307908 1
0.309336 11
3.461219 1
0.151958 1
0.299105 1
0.964744 3
1.486510 3
0.499557 3
0.087532 3
0.068573 3
1.677944 2
0.000007 9
0.000045 36
0.001462 331
0.000025 133
0.000351 28
0.001619 49
0.000089 39
0.000011 25
0.000066 108
55.962003 35
0.295578 1
0.500678 1
0.001748 1
0.028834 1
0.030445 1
0.030510 1
0.030425 1
0.030436 1
0.030427 1
0.030080 1
0.031380 1
0.030466 1
0.030509 1
0.030380 1
0.030524 1
0.030502 1
0.030423 1
0.029996 1
0.030444 1
0.029939 1
0.190652 5
0.149682 5
0.143998 5
0.414281 2
0.000016 9
0.000048 36
0.001502 172
0.000332 28
0.001732 221
3.161947 32
0.565779 83
6.062917 11
0.000053 36
0.001537 331
0.000009 133
0.000826 28
0.001855 49
0.000106 39
0.000017 25
0.000077 108
32.495882 35
2.264787 1
0.499706 1
0.001778 1
0.029112 1
0.030041 1
0.030280 1
0.030537 1
0.031030 1
0.030533 1
0.031663 1
0.030515 1
0.030833 1
0.029506 1
0.030664 1
0.029996 1
0.030644 1
0.030899 1
0.030044 1
0.030948 1
0.030928 1
0.031305 1
0.029201 1
0.030518 1
0.030040 1
0.642287 5
0.333121 5
0.172746 5
0.861172 17
0.746092 38
0.580127 92
0.441745 1
0.265927 91
0.532820 92
0.869532 92
0.236071 92
0.184836 83
0.419007 1
0.501125 1
0.003117 1
0.031429 1
0.028122 1
0.029742 1
0.030369 1
0.029587 1
0.030763 1
0.030685 1
0.030520 1
0.030151 1
0.030668 1
0.030670 1
0.030740 1
0.030386 1
0.030307 1
0.029649 1
0.034303 1
0.026893 1
0.031193 1
0.029872 1
0.030423 1
0.279589 5
0.156395 5
0.349157 1
0.371007 5
0.339176 3
0.276488 5
0.258018 9
0.273918 5
0.135789 5
0.920362 9
0.256813 1
0.297084 5
0.118117 5
0.086040 5
0.427785 5
0.171819 5
0.142017 5
0.650427 5
0.053997 5
0.057946 5
0.238309 1
0.000017 10
1.453078 3
0.414446 5
1.082146 2
0.000037 9
0.000021 36
0.001843 28
0.001640 49
0.000098 39
0.000087 25
0.000042 108
13.456252 1
0.010099 1
0.099954 1
0.131612 1
0.820274 1
0.916006 1
0.058095 1
0.487919 1
0.148012 1
0.587977 1
0.319724 1
0.224037 1
0.141723 4
0.162118 4
0.091875 1
0.223657 10
0.555005 2
0.000016 9
0.000071 36
0.001642 166
0.000353 28
0.002899 49
0.000574 172
8.094409 1
0.002338 1
0.123335 1
21.244283 1
1.068117 1
0.881863 1
0.062100 1
0.495813 1
0.124143 1
0.232953 1
0.641204 1
0.407824 1
0.092182 1
0.143715 1
0.195583 1
1.716600 1
0.055985 1
0.395840 1
0.299988 1
0.422083 4
0.195844 1
0.036336 1
1.317902 2
0.000013 9
0.000091 36
0.003403 28
0.003177 221
1.333700 1
0.041663 1
0.387578 1
0.502425 1
0.401745 1
0.211736 1
0.300117 1
1.168416 1
0.681896 1
0.068113 1
0.309615 1
0.170243 1
0.423928 1
0.209295 5
0.806957 1
0.314095 1
0.607870 1
0.433914 1
0.231805 1
0.106268 1
0.981975 11
0.000045 36
0.007906 28
0.001866 49
0.000089 39
0.000066 25
0.000066 108
0.603980 1
0.068715 1
0.274989 1
0.265869 1
1.188464 1
0.223589 1
0.140380 1
0.213660 1
0.152164 1
0.240073 4
0.165780 4
0.252028 1
0.177766 1
0.142903 1
0.117127 1
1.468512 1
0.099954 1
0.902023 1
0.157544 1
0.088477 1
1.193897 1
0.549989 1
0.195568 2
1.104470 1
0.112065 1
0.167658 1
0.080346 1
0.175622 1
2.154727 1
1.107717 1
0.469850 1
0.148108 1
0.103983 1
0.819906 1
0.974375 1
0.181224 1
0.910490 1
0.636024 1
0.723939 4
0.449847 4
0.213671 4
0.180450 4
1.765955 1
0.296083 1
0.451723 1
0.716345 1
0.106042 1
0.039419 1
0.020581 1
0.723912 4
0.183549 4
0.740529 1
0.123934 1
0.911993 1
0.122018 1
0.415778 1
0.357978 1
0.131710 1
0.153295 1
0.673329 1
0.765941 1
0.120032 1
0.771961 1
0.448021 1
0.209507 1
0.106518 1
0.179425 1
0.804506 1
0.112052 1
0.389959 4
0.179539 1
1.840901 2
0.000007 9
0.000054 36
0.004846 28
0.001537 49
0.000078 39
0.000016 25
0.000101 108
2.576930 1
0.361911 1
0.088109 1
0.367810 1
0.842199 4
0.499701 4
0.001798 4
0.028976 4
0.030442 1
0.030366 1
0.030678 1
0.030296 1
0.030610 1
0.032285 1
0.110555 1
0.388268 1
0.165951 1
0.406027 4
0.225943 4
0.083594 1
0.098455 1
0.235739 1
1.244365 1
0.800410 1
0.113626 1
0.149379 1
0.388401 1
0.191622 1
0.138507 1
2.110006 1
0.515861 1
0.143657 1
0.070509 1
0.791948 1
1.369984 1
0.400489 1
1.391558 1
0.823964 1
0.066021 1
0.521926 1
0.068117 1
0.091817 1
0.217642 1
0.208717 1
0.265351 1
0.338153 1
0.133737 11
0.000055 36
0.002875 58
0.000562 28
0.003654 221
14.063603 1
0.026044 1
0.123796 1
0.959953 1
0.054083 1
2.005925 1
0.068039 1
0.668018 1
0.088059 1
0.099736 1
0.532113 1
0.297590 1
0.430296 1
0.116998 11
1.620889 1
0.131760 1
0.960563 1
0.069492 1
0.206056 1
0.180447 1
0.265497 1
0.440526 1
0.097965 1
0.078077 11
0.000048 36
0.003037 58
0.000539 28
0.001613 221
6.560627 1
0.034122 1
0.036014 1
0.963935 4
0.151610 4
0.052424 1
0.121555 1
1.168479 1
0.014012 1
1.439889 1
0.970121 1
0.395667 1
0.064325 1
0.361782 1
0.183813 1
0.948394 1
0.060005 1
0.231484 1
0.254501 5
2.096001 1
0.058003 1
1.110020 1
0.223587 1
0.081796 1
0.200146 1
0.160696 1
0.853767 1
0.109977 1
1.098063 1
0.555942 1
0.079991 1
0.129427 1
1.574625 1
0.834383 1
0.095497 1
1.962099 1
0.077985 1
0.689807 1
1.310186 1
0.814068 1
0.076028 1
0.155871 1
0.221633 1
0.158324 1
1.308201 1
0.079958 1
0.135588 1
0.482181 1
0.860185 1
0.383631 1
0.169996 1
0.574630 4
1.333770 1
0.765999 1
0.078039 1
1.647847 1
0.730106 1
0.973958 1
0.118041 1
0.281558 1
0.152036 1
1.514337 11
0.000088 36
0.029685 28
0.001624 49
0.000091 64
0.000075 108
1.806500 1
0.053972 1
0.150030 1
0.115541 1
2.982447 1
1.415987 1
0.779986 1
0.138024 1
1.212307 1
0.975727 1
0.079468 1
0.408381 1
0.064155 1
0.167882 1
0.379931 1
0.094149 1
0.886035 1
2.217962 4
0.513947 1
0.515995 1
0.057700 1
0.119918 1
0.990452 1
0.809888 1
0.139701 1
0.386135 1
0.139887 1
0.078339 1
0.217574 1
0.167974 1
0.086538 1
1.894009 1
0.066039 1
0.103444 1
1.042475 1
0.447709 1
0.412107 4
0.611941 1
1.024270 4
0.302049 1
0.166898 1
1.439099 1
0.034070 1
0.383657 1
0.094019 1
0.134241 1
0.255493 1
0.080572 1
0.471824 1
0.575972 4
0.648149 1
0.161373 4
0.692548 4
0.335676 1
0.550249 1
0.920154 1
0.473769 1
0.141844 1
0.778360 4
0.295790 1
1.714219 1
0.149952 1
1.684067 4
0.299693 1
2.198321 1
0.305778 11
0.000056 36
0.226907 28
0.001491 49
0.000068 39
0.000017 25
0.000109 108
2.159043 54
3.961935 1
0.522458 7
0.171788 7
0.798240 3
0.359868 3
0.622306 2
0.000019 9
0.000048 36
0.016792 1
0.214763 28
0.001580 49
0.000067 39
0.000021 25
0.000071 108
0.000030 1
0.638612 4
0.735261 54
2.944176 6
0.293620 6
0.260067 109
0.532619 11
0.000104 28
0.001715 49
0.000074 39
0.000006 25
0.000069 108
0.417621 54
0.668645 11
0.000039 36
0.230516 28
0.001725 49
0.000078 39
0.000006 25
0.000067 108
1.901856 1
0.215262 1
0.014511 1
1.331839 1
0.102056 1
0.237553 1
0.106456 1
1.410074 1
0.047995 1
0.180129 1
0.535717 4
0.173663 4
0.236171 1
0.058256 1
0.153640 8
1.080409 1
0.070471 5
2.565712 1
0.191333 1
1.030523 1
0.509802 1
0.329886 11
0.000052 36
0.011685 186
0.002171 28
0.001724 49
0.000126 39
0.000016 25
0.000088 8
0.000016 100
0.555583 25
0.236053 1
0.590005 1
0.158292 9
0.160045 9
7.416427 5
0.066017 5
2.107968 11
0.000047 36
0.004867 186
0.000678 28
0.002058 49
0.000096 39
0.000023 25
0.000110 108
2.886096 1
0.070030 1
0.211579 1
0.106440 1
0.829993 1
0.056031 1
0.351726 1
0.297988 1
0.078222 1
1.027929 1
0.293926 1
0.117624 1
0.078581 1
0.501787 1
0.590162 1
0.092039 1
0.149670 1
0.356044 1
1.302384 1
0.143796 1
0.283749 4
0.138138 1
1.464233 1
0.431719 1
0.147725 1
1.352351 1
0.163691 1
0.566443 1
0.072132 1
0.123730 1
0.123803 1
1.628687 1
1.377720 1
0.128045 1
0.589895 1
1.758084 1
0.970019 1
0.315683 2
0.000009 9
0.000047 36
0.048238 28
0.001450 49
0.000074 39
0.000016 25
0.000075 108
1.322371 1
0.005881 1
0.552071 4
0.166013 4
0.175583 1
0.293836 1
0.000152 1
0.248357 1
0.418090 1
0.082123 1
1.313951 1
0.068030 1
0.333969 1
0.101816 1
0.303853 1
0.227937 1
0.072393 1
1.043957 1
0.465903 1
0.075685 1
0.110446 1
2.276281 2
0.000014 9
0.000060 36
0.004534 51
0.000712 28
0.001454 49
0.000086 39
0.000008 25
0.000083 108
7.698741 1
0.189722 1
1.268328 1
0.575833 1
0.136159 1
0.959979 1
1.003974 1
2.094096 1
0.517619 1
0.339839 1
0.330142 1
0.188472 1
0.485579 1
0.199794 1
0.194121 1
0.334130 4
0.146151 1
0.118127 1
0.159704 1
0.237790 4
0.300259 1
3.978349 1
0.937918 1
0.077992 1
0.465706 1
0.660344 1
0.033995 1
0.247508 1
0.276109 1
0.066345 1
0.421900 1
0.780050 1
0.100076 1
0.085600 1
0.488019 11
0.000065 36
0.149771 134
0.008737 30
0.001822 49
0.000105 39
0.000018 25
0.000118 8
0.000013 100
2.139859 1
0.107857 1
0.352014 1
0.081852 1
0.132058 1
0.159589 1
0.666506 1
0.065915 1
0.089610 1
0.257981 1
0.196460 1
0.285560 1
0.142389 1
0.243567 1
0.108523 1
0.249543 1
0.332214 4
0.159746 4
0.218064 1
0.162101 1
0.143778 1
2.824519 1
0.670051 1
0.034170 1
0.165248 1
0.488446 2
0.000019 9
0.000041 36
0.152872 608
0.008519 30
0.002066 49
0.000183 39
0.000016 25
0.000186 8
0.000023 100
2.871837 21
1.411523 24
0.381769 1
0.336372 21
0.290098 1
0.499776 1
0.001965 1
0.029817 1
0.031728 1
0.030424 1
0.030565 1
0.031004 1
0.030951 1
0.030999 1
0.030378 1
0.031619 1
0.030977 1
0.031599 1
0.030581 1
0.030985 1
0.031976 1
0.030020 1
0.030968 1
0.030991 1
0.389239 5
0.088018 5
0.545927 2
0.000008 9
0.000057 36
0.007644 31
1.624056 2
0.019806 50
0.008535 104
0.005162 132
0.033538 134
0.099773 130
0.000055 63
0.000865 63
0.039245 53
0.056765 54
0.012701 54
0.186995 40
0.002032 71
0.104288 128
0.099101 134
0.004921 33
0.214877 174
0.501206 80
0.239539 150
0.264422 16
0.029748 109
0.009241 439
0.000904 44
0.003975 44
0.003896 44
0.004136 44
0.010277 44
0.002492 44
0.000444 44
0.003124 44
0.015774 44
0.007027 184
0.003861 82
0.000054 156
0.000031 192
0.002790 56
0.069005 226
0.045676 63
0.004092 260
0.001921 294
0.006983 76
0.457676 20
0.845912 28
0.001404 49
0.000078 39
0.000017 25
0.000071 8
0.000015 100
0.517145 21
0.198202 82
0.418042 51
3.966909 11
0.000038 36
0.002226 72
0.000017 59
0.000690 128
0.000084 60
0.000083 4
0.201006 28
0.199852 64
0.109850 126
0.000110 18
0.000757 28
0.001756 49
0.000113 64
0.000106 8
0.000021 100
2.826819 1
0.050113 1
0.089476 1
0.736459 1
0.666037 1
0.083964 1
0.086030 1
1.232042 1
0.167911 1
0.621700 12
0.866744 4
0.153296 4
1.360120 1
0.251766 11
0.000057 36
0.004133 171
0.002349 28
0.001657 49
0.000185 64
0.000093 108
3.610041 1
0.065781 1
0.277692 1
0.122443 1
0.151419 1
0.956615 1
0.103983 1
0.283848 1
0.074076 1
0.333655 1
0.102437 1
0.131436 1
0.252057 1
0.084466 1
0.139679 1
0.191848 1
0.121950 1
1.192833 1
0.171153 1
1.024630 1
0.343974 1
0.317659 4
0.161794 4
0.344325 4
1.884222 1
0.119473 1
3.064388 1
0.127690 1
1.410486 1
0.048056 1
0.679800 1
0.207594 1
0.660515 2
0.000009 9
0.000048 36
0.017839 50
0.008501 104
0.005201 132
0.028819 67
0.000090 67
0.106706 130
0.000189 63
0.000936 63
0.039686 53
0.056947 54
0.011625 54
0.191817 45
0.002298 59
0.101624 15
0.000056 113
0.094774 130
0.007119 33
0.192033 173
0.500637 45
0.007004 143
0.252606 16
0.023396 114
0.009377 439
0.001067 44
0.004210 44
0.003640 44
0.005184 44
0.009123 44
0.001278 44
0.003445 88
0.017614 44
0.006855 174
0.002814 88
0.000100 348
0.002155 60
0.070212 226
0.042879 67
0.003353 260
0.002596 294
0.002400 88
0.088846 76
0.638305 20
0.775721 28
0.001516 49
0.000076 39
0.000016 25
0.000071 108
3.201125 1
0.024086 1
0.105565 1
0.344099 1
0.247867 1
1.514135 1
0.149887 1
0.199311 1
0.785374 3
0.081764 3
0.129460 3
0.192181 3
0.206134 3
0.202238 3
0.646757 3
0.099264 3
0.133451 3
0.146530 3
0.416971 3
0.650926 1
0.511840 1
0.112190 1
0.563941 1
0.072068 1
0.207557 1
0.153965 1
0.172063 1
0.576331 1
0.936138 1
0.097458 1
0.094534 1
0.447726 1
0.488112 4
0.297754 11
0.000055 36
0.000206 28
0.001564 49
0.000078 64
0.000074 108
0.954523 1
0.087983 1
0.151411 1
0.164509 1
0.503888 4
0.115848 1
0.070345 1
1.295874 1
0.052040 1
0.099194 8
1.418914 1
0.121475 1
0.568317 1
0.092074 1
0.089773 8
0.592102 4
0.171695 4
0.137952 4
0.168214 4
0.464186 1
0.078178 1
0.311553 2
0.000007 9
0.000056 36
0.005767 61
0.005352 28
0.001635 49
0.000113 64
0.000052 108
2.897462 1
0.031993 1
0.267731 1
0.178235 1
0.057491 1
0.434374 4
1.054125 1
0.087995 1
0.611686 1
1.192303 1
0.115556 1
1.096515 1
0.065437 1
0.133521 5
1.173693 1
0.112838 2
0.452359 2
0.000041 9
0.000046 36
0.001170 161
0.000305 28
0.001712 49
0.000082 39
0.000022 25
0.000060 8
0.000011 100
1.326254 18
0.253611 1
0.501233 1
0.001646 1
0.029481 1
0.030714 1
0.029673 1
0.030318 1
0.030362 1
0.030181 1
0.398466 1
0.612775 5
0.086033 5
0.197628 2
0.000018 9
0.000052 36
0.001400 28
0.001494 49
0.000081 64
0.000069 8
0.000006 100
1.837221 1
0.050034 1
0.459685 1
0.138208 1
0.243916 7
0.644233 11
0.000042 36
0.022812 38
0.000688 46
0.001326 38
0.000433 28
0.001272 49
0.000177 39
0.000023 25
0.000094 108
17.773028 1
0.003230 1
0.332813 1
0.111475 1
0.434986 2
0.000010 9
0.000041 42
