0.033182 24
3.806627 1
0.047883 1
0.287778 1
0.196308 1
0.219826 1
0.151877 1
0.298088 1
0.224139 1
2.483863 1
0.740024 1
0.680034 1
0.177954 1
0.291965 1
0.534135 11
0.006816 309
4.759155 1
5.059059 1
5.009485 1
12.625570 1
6.351482 1
14.099212 1
5.023557 1
5.856107 1
14.691088 1
16.186174 1
2.542977 1
2.478571 1
3.982211 1
4.588431 1
0.461061 1
4.579247 1
0.448044 1
4.861207 1
0.968051 1
1.181958 1
3.826021 1
1.025984 1
0.331010 1
4.888176 1
0.143782 1
5.393979 1
0.044845 1
10.672909 2
0.163032 1
7.151641 1
0.029404 1
0.666696 1
4.309855 1
0.028890 1
0.814163 1
4.296429 1
0.711273 1
0.414688 1
3.908184 1
5.008346 1
2.669545 1
0.044640 1
2.745343 1
2.618602 1
19.056419 1
0.006702 1
5.029628 1
0.000674 1
5.012304 1
1.575456 1
3.660882 1
5.017230 1
11.541685 1

0.154112 3
0.263937 3
1.605953 3
0.080074 3
0.421915 7
0.219913 3
0.208118 3
1.774018 3
0.047936 3
0.134018 3
0.194179 3
0.558052 11
45.835703 1
0.709972 3
0.875838 2
0.000948 2
0.001811 114
7.413393 1
0.009719 1
0.911026 11
0.001540 91
4.081923 1
0.080104 1
0.655855 1
0.078147 1
0.208502 11
0.001433 116
3.341944 1
0.048182 1
0.953351 1
1.242629 3
0.744035 3
0.305820 3
0.106182 3
0.049957 3
0.149776 3
1.526367 3
0.063767 3
0.171880 3
0.125891 3
0.534125 3
0.128066 3
0.914287 3
0.101920 3
0.063787 3
0.796064 3
0.106014 3
0.135832 3
0.116219 3
1.249881 3
0.509931 3
0.288020 3
0.844137 3
0.540045 3
0.269926 3
0.389947 3
0.142006 3
0.160151 3
0.831832 3
0.573643 3
1.890295 3
0.062261 3
0.119918 3
0.457767 3
0.234245 3
0.416748 7
0.163252 7
0.155663 7
0.132032 7
0.116059 7
0.170346 7
0.879884 3
0.250228 3
0.297613 3
0.166157 3
0.152182 3
0.447679 3
0.133977 3
1.412102 3
0.230015 3
0.107991 3
0.168576 3
0.131446 3
0.842140 3
0.116045 3
1.045056 1
0.250189 1
0.033485 1
0.033522 1
0.033346 1
0.033136 1
0.033471 1
0.033463 1
0.032879 1
0.033245 1
0.033514 1
0.207519 1
0.205247 5
0.515335 3
0.250098 3
0.033547 3
0.032994 3
0.033087 3
0.033423 3
0.033430 3
0.033202 3
0.401649 3
0.250404 3
0.033304 3
0.033336 3
0.033252 3
0.033399 1
0.480451 1
0.237869 1
0.254125 1
0.279728 1
0.165120 5
0.111177 3
0.773004 5
0.371007 3
1.644920 3
0.246660 3
0.367242 3
2.014187 3
13.845917 3
0.387798 7
0.299117 3
0.268905 1
0.820044 1
3.994986 11
0.000623 34
17.331956 1
0.968334 1
0.428201 1
0.544856 1
0.354048 1
0.441377 4
0.175694 4
3.027961 1
0.406187 1
0.330152 1
0.813725 4
0.450123 1
0.819151 65
0.000596 34
11.284218 1
0.027816 1
0.534252 1
0.191994 1
0.125996 1
0.297825 1
0.236232 1
0.392719 11
0.004241 315
10.676696 1
0.002280 1
0.223796 1
0.134475 1
0.247597 1
0.072046 1
0.163973 1
1.304099 1
0.371879 1
0.073607 1
0.742327 1
2.176189 1
0.137855 1
0.206098 1
2.621055 1
0.079090 1
0.157728 1
0.158233 1
4.362544 11
0.004817 87
0.000021 24
13.242645 1
0.425888 1
0.280175 1
0.181965 1
0.169928 1
1.924015 1
0.934012 1
0.011988 1
0.551884 1
3.116077 1
0.256156 1
0.638353 11
0.000022 24
0.654762 11
0.196015 29
0.256131 61
0.423066 11
0.004134 339
28.467500 1
0.096212 1
0.205674 1
0.136099 1
0.075931 1
0.792400 1
0.485837 4
1.913899 1
0.458823 1
0.246298 11
0.000037 24
0.417868 7
0.169721 14
1.042022 324
0.000021 24
14.849149 1
0.013677 1
0.072357 1
2.233888 1
0.218196 1
0.502052 71
7.049784 2
0.001759 2
0.000030 24
86.663269 1
0.167069 1
29.433969 4
0.011939 1
0.082501 1
0.687806 1
0.107755 1
1.587334 1
0.450948 4
0.205872 1
0.140259 1
0.866570 1
0.083302 1
0.123829 1
0.224005 1
2.172115 1
0.610182 1
0.357924 1
0.423928 4
0.185921 4
0.558020 1
0.233985 4
0.234162 1
0.259901 1
0.449946 1
0.146050 1
4.295935 1
0.700508 1
0.055591 1
0.155919 1
0.014036 1
0.838092 4
0.159968 4
0.711987 1
1.185973 1
0.698750 1
0.505329 1
0.085882 1
0.092042 1
0.464293 1
1.327906 4
0.247722 1
0.920307 1
0.206646 1
1.647086 1
0.798105 1
0.233810 1
0.515672 1
0.274266 1
0.260100 1
0.780082 1
0.161909 1
0.282119 1
0.560039 1
0.395866 1
0.287737 1
0.332357 1
0.299829 1
0.268161 1
1.106188 1
0.237736 1
0.440248 1
0.303885 1
0.185943 1
0.070051 1
0.354208 4
0.167870 4
0.173903 4
0.144039 4
0.145767 4
0.164342 4
0.571805 1
0.244110 1
0.079794 1
0.136107 1
0.343822 1
1.444852 1
0.413543 1
0.106065 1
0.081648 1
0.136039 1
0.386268 1
1.415822 1
0.141974 1
0.081981 1
0.186076 1
1.006025 1
1.069978 1
0.143876 1
0.518053 1
1.014035 1
0.105969 1
0.110019 1
1.224903 1
0.789858 1
0.509298 4
0.979911 1
0.702006 1
0.093987 1
0.081623 1
0.909216 1
1.131351 1
0.205923 1
1.044053 1
0.117875 1
0.338055 1
0.132088 1
0.935935 1
0.298040 1
0.463887 1
0.766603 11
0.011898 347
0.000022 24
24.653701 1
0.103883 1
0.057843 1
0.344116 1
0.428032 1
0.133921 1
0.159975 1
0.384175 1
0.119986 1
0.377936 1
0.091948 1
0.093939 1
0.221886 1
0.172209 1
0.235696 1
0.630371 4
0.141880 1
0.451724 4
0.560474 1
0.060029 1
0.242468 11
0.024684 390
0.000022 24
40.178690 1
0.238055 1
0.430686 11
0.007379 397
0.000022 24
111.696202 1
0.047916 1
0.225959 1
0.209862 1
0.144287 1
0.377966 1
0.926075 1
0.564042 1
0.219741 1
0.074292 1
1.206513 11
0.005391 24
2.098130 1
0.073759 1
0.164061 1
0.147798 1
0.418185 4
0.425694 4
0.170156 4
0.758342 1
0.119611 1
0.162202 1
0.160069 1
0.689920 1
0.183945 1
0.179928 1
1.224451 1
0.085714 1
0.475970 1
0.617889 1
0.061938 1
0.140173 1
0.396012 1
0.798046 1
0.622030 1
0.942059 1
0.716633 1
0.131028 1
0.424317 1
0.247872 1
0.232097 1
0.139980 1
3.425978 1
0.272026 1
0.026048 1
0.469943 1
0.986223 1
0.015375 1
0.204359 1
0.111934 1
0.532105 4
0.194040 1
2.054100 1
0.185847 1
1.746171 1
0.609850 1
0.230439 4
0.868497 11
12.296887 476
0.001294 210
0.011639 8
0.000028 16
5.362137 40
0.378073 1
0.250194 1
0.033244 1
0.033063 1
0.033117 1
0.032925 1
0.033447 1
0.033168 1
0.033209 1
0.033123 1
0.033134 1
0.033124 1
0.033118 1
0.032883 1
0.033211 1
0.033449 1
0.033028 1
0.033475 1
0.033264 1
0.033519 1
0.033042 1
0.033403 1
0.033019 1
0.047608 1
0.033037 1
0.033001 1
0.032992 1
0.033013 1
0.033028 1
0.033133 1
0.033220 1
0.033127 1
0.033023 1
0.033113 1
0.033087 1
0.033071 1
0.214543 1
0.268548 5
0.836007 5
0.721170 11
0.011531 24
16.274142 1
0.265382 1
0.278621 11
0.007671 455
0.000023 24
12.586071 1
0.027726 1
0.163944 1
0.160303 1
0.257700 1
1.850144 1
0.082079 1
0.275669 1
0.622374 1
0.175843 1
0.352644 1
1.083232 1
0.085907 1
0.122266 1
1.649995 1
0.275901 1
0.359865 1
0.192102 1
0.073949 1
0.254083 1
1.387984 1
1.482126 1
0.755612 1
1.212296 1
0.117950 1
0.241994 1
0.302066 4
0.291830 4
0.162103 4
0.574209 1
0.092132 1
0.153919 1
0.165713 1
0.158033 1
0.284083 4
0.148182 4
0.147756 4
0.146114 4
0.137827 4
1.643803 1
0.440379 4
0.843892 1
0.493896 4
1.122185 1
0.211874 1
0.087999 1
0.230242 1
0.243837 1
0.236131 1
0.314040 1
0.285958 1
0.127679 1
0.092091 1
0.422046 1
0.100085 1
0.526132 1
0.297914 1
0.498039 1
0.505813 1
0.092008 1
0.146127 1
0.147852 1
0.182156 1
0.798121 1
0.027710 1
0.290325 1
0.315832 4
0.191920 1
0.044133 1
1.369983 1
0.271892 1
0.305958 1
0.413788 1
0.726419 1
0.287610 1
0.376203 1
2.368928 11
0.010929 56
0.000021 24
