0.020421 24
4.456646 1
0.038103 1
0.333846 1
0.046002 1
0.113904 1
1.192067 1
0.250321 1
0.404638 1
0.698982 3
0.352139 3
0.083953 3
0.069980 3
0.197937 3
0.752128 3
0.062026 3
0.079864 3
0.418076 3
0.088009 3
0.789985 3
0.285992 3
0.176014 3
0.125913 3
0.104052 3
0.126458 3
0.085556 3
1.054050 3
0.075976 3
0.197954 3
0.102019 3
0.156073 3
0.817996 3
0.158010 3
0.155865 3
0.001969 3
0.124049 3
1.043168 3
0.122910 1
0.285947 1
0.076088 1
1.901979 1
0.078007 1
0.355979 1
0.149996 1
0.319916 1
0.230039 1
0.179979 1
0.086033 1
2.206448 11
0.000013 24
1.568411 1
0.095634 1
0.227440 1
0.484046 1
0.163961 1
0.094758 1
0.216591 7
0.547160 11
0.005487 29
0.000025 24
6.694103 1
0.001908 1
0.129992 1
1.766028 1
0.161978 1
0.978118 1
0.083936 1
0.167984 1
0.136064 1
1.355926 1
0.600077 1
0.208014 1
0.121936 1
0.267954 1
1.496074 1
0.374005 1
0.167992 1
0.115945 1
1.152469 11
0.004818 24
0.638803 1
0.074001 1
0.281897 1
0.172094 1
0.285944 1
0.291957 1
0.145495 12
0.302914 11
0.010560 403
0.000021 24
6.183954 1
0.003799 1
0.230052 1
0.106178 1
0.326014 1
0.143941 1
1.823991 1
0.079990 1
0.390016 1
0.140006 1
0.968008 1
0.782048 1
0.803876 1
0.921323 1
0.682726 1
0.062042 1
0.351976 1
0.100115 1
0.239804 1
1.632513 1
0.269509 1
0.178000 1
0.286101 1
0.530021 1
1.077964 1
0.333197 1
0.175901 1
1.880377 11
0.003182 24
0.406553 1
0.093977 1
1.456033 1
0.101984 1
0.213913 1
0.116115 1
0.361940 1
0.108028 1
0.153881 1
1.374131 1
0.543981 1
0.169925 1
0.352099 1
0.864001 1
0.347995 1
0.145931 1
0.130008 1
1.440393 11
0.002895 24
17.968850 1
0.001895 1
0.106035 1
4.836097 1
0.099994 1
0.705944 1
0.121975 1
0.197998 1
1.046069 4
0.188284 4
0.151627 4
0.594075 1
0.199906 1
0.226002 1
0.826031 1
0.548077 1
0.225995 1
0.178152 1
0.317833 1
0.333999 1
0.126029 1
0.120035 1
1.301954 1
1.945988 1
0.081995 1
0.201927 1
0.134110 1
0.476002 1
0.774018 1
0.717953 1
0.238070 1
0.565938 1
0.122191 11
0.001645 24
2.880200 1
0.068007 1
0.117924 1
0.918090 1
0.071994 1
0.095888 1
1.506021 1
0.422081 1
0.439969 1
0.145919 1
0.180094 1
0.660283 11
0.005705 55
0.000307 24
7.115722 1
0.596004 1
0.078040 1
0.051920 1
1.371953 1
0.070045 1
0.394050 1
0.054004 1
0.167996 1
0.187910 1
0.956148 1
0.443937 1
0.556010 1
0.085883 1
0.066076 1
0.442309 11
0.002908 24
1.220851 1
0.057923 1
0.323964 1
0.146056 1
0.766366 1
0.087746 1
0.133919 1
0.252009 1
0.201991 1
1.046014 1
0.079000 4
0.377254 11
0.004572 24
9.143172 1
0.048032 1
0.296444 1
0.167527 1
0.247925 1
1.269985 1
0.145992 1
0.161415 1
1.764713 3
0.073962 3
0.329942 3
3.824089 3
0.259879 3
0.159997 3
0.292015 3
1.344125 3
0.425979 3
0.175897 3
0.508099 3
0.147940 3
0.433151 3
0.818932 1
0.591955 1
0.074040 1
0.710025 4
0.141945 4
0.276009 1
0.201908 1
1.524123 1
0.067954 1
0.079911 1
0.606149 1
0.132008 1
1.040438 1
0.167510 1
0.137922 1
0.754480 1
0.853647 1
0.309920 1
0.750120 1
0.503934 1
0.370035 1
0.280716 11
0.004709 14
0.000020 24
14.856591 1
0.001890 1
0.068406 1
0.095580 1
1.958116 1
0.839981 1
0.183924 1
0.293278 1
0.808810 3
0.153889 3
0.686114 3
0.642011 3
0.069944 3
0.216014 3
0.213968 3
1.834098 3
0.363961 3
0.179922 3
0.316110 3
0.123925 3
0.445032 3
0.737059 1
0.645911 1
0.177960 1
0.636094 1
0.099996 1
0.688020 1
1.053989 1
0.229972 1
0.209268 1
0.794780 3
0.149952 3
0.350051 7
0.374001 3
0.082003 3
0.312426 7
0.139505 7
0.080035 3
0.082010 3
1.804009 3
0.046033 3
0.205964 3
0.147931 3
1.204100 3
0.309970 3
0.269952 3
0.492073 3
0.149979 3
0.353388 3
1.164619 1
0.831988 1
0.157914 1
0.141127 1
1.244988 3
2.196623 3
0.129267 3
0.936115 3
0.606011 3
0.179907 3
1.658121 3
0.103862 3
1.670121 3
0.123898 3
0.482084 3
0.147920 3
0.456321 11
0.003535 14
0.000107 24
3.586117 1
0.149882 1
0.134055 1
0.099962 1
0.118003 1
1.478104 1
0.503995 1
0.187966 1
1.628056 3
0.082026 3
0.135911 3
0.875987 3
0.083989 3
0.170015 3
3.088120 3
0.087971 3
1.237994 3
0.390858 7
0.603160 3
0.105937 3
0.128052 3
0.207918 7
0.170072 7
0.123928 7
0.119996 3
0.275972 3
0.080086 3
0.115967 3
0.250017 3
0.284066 3
0.543014 3
0.988940 1
1.701062 1
0.250059 1
0.033057 1
0.181116 1
0.450008 1
0.119955 3
0.393933 3
0.254850 5
0.179923 5
0.140006 5
0.161950 5
0.162112 5
2.434482 5
0.095544 5
1.330022 5
0.099878 5
0.088056 5
0.537279 3
0.294732 5
1.187920 3
0.122083 5
0.349942 3
0.082042 3
0.938034 5
1.372022 3
0.069991 3
0.063941 5
2.112070 3
0.337995 3
0.212000 3
0.295983 3
0.490022 3
0.384211 11
0.004785 11
0.000020 24
3.700190 36
0.122032 115
0.534140 102
1.591806 1
0.235948 1
0.174175 1
0.249720 1
0.033484 1
0.032980 1
0.033381 1
0.033496 1
0.975647 5
1.030292 11
0.003307 5
0.000098 24
8.274310 1
0.001878 1
0.814129 1
0.094760 1
0.755276 1
0.099928 1
0.586069 1
0.173873 1
0.138474 1
0.311595 1
0.208046 1
0.093969 1
0.169956 1
0.424078 1
1.332271 11
0.003157 24
0.390561 1
0.111988 1
0.177998 1
0.644019 1
0.168390 1
0.062323 7
0.323551 11
0.000017 33
1.897743 1
0.091970 1
0.131972 1
0.225762 3
1.632199 1
0.044041 1
0.329226 1
0.760853 3
0.155827 3
0.602057 3
0.163936 3
0.224004 3
0.158018 3
0.406012 3
0.215990 3
1.336154 3
0.147867 3
0.220003 3
0.234029 3
1.236075 3
0.128007 3
0.219930 3
0.124062 3
0.563984 3
0.438026 3
1.570012 3
0.271266 3
1.164729 1
0.355977 1
0.338056 1
0.109918 1
0.556327 11
0.003585 33
28.738174 1
0.047965 1
0.244564 1
0.307474 1
0.162023 4
0.175881 4
0.156014 4
0.149977 4
0.394115 1
0.113884 1
0.148266 11
0.005110 70
0.000197 33
0.710566 1
0.085947 1
0.308320 1
0.351711 1
0.150009 4
0.159929 4
0.154017 4
0.154046 4
0.146089 1
0.315902 1
0.037987 1
0.132034 1
0.259910 1
0.148047 1
0.198011 1
0.232258 11
0.006417 774
0.000022 33
0.868165 1
0.171958 1
0.155950 4
0.161997 4
0.149977 1
0.097197 1
1.862128 4
0.245870 1
0.306034 1
1.752094 1
0.530008 1
2.195898 1
1.306091 1
0.595993 1
0.135940 1
0.098011 1
0.252073 1
1.026010 1
0.177982 1
0.235922 4
0.166048 4
0.612051 1
0.147852 1
0.218016 1
0.346068 1
0.292099 1
0.160916 3
0.604238 1
0.298356 36
0.000017 41
0.208027 77
2.536399 1
0.080271 1
0.495644 4
1.222061 1
0.400021 4
0.181875 1
0.153155 10
0.751276 11
0.017682 32
0.000565 63
13.097153 27
0.522385 85
0.627066 33
0.575865 85
0.250478 7
0.033035 33
0.033404 93
0.033363 26
0.033550 51
0.033345 37
0.033493 78
0.033434 43
0.033403 95
0.228490 50
0.250155 38
0.033581 129
0.032827 37
0.033485 95
0.033370 30
0.033403 43
0.033494 81
0.033289 4
0.033414 33
0.033398 79
0.033390 1
0.032951 1
0.033303 1
0.033448 1
0.033389 1
0.138018 1
0.250175 1
0.033012 1
0.033368 1
1.049537 1
0.092005 1
0.129894 1
0.094040 1
0.334067 4
0.215958 1
0.133945 1
0.452079 1
1.262034 1
0.390023 4
4.488838 1
0.161021 1
0.340114 1
0.154230 11
0.003342 33
1.201754 9
0.227669 36
0.330176 1
0.250080 1
0.032992 1
0.033375 1
0.033518 1
0.033362 1
0.033390 1
0.467332 3
0.249898 3
0.033466 3
0.033363 3
0.033388 3
0.033457 3
0.033384 3
0.033476 1
0.033414 1
0.120888 4
0.250397 4
0.033028 4
0.033457 4
0.033471 4
0.033486 4
0.033380 4
0.033007 4
0.033363 4
0.033393 4
0.033423 4
0.033452 4
0.033395 4
0.033477 4
0.033380 4
0.197916 4
0.167969 4
0.144344 4
0.159692 4
0.644076 1
0.165886 1
0.113027 1
0.817044 1
0.115896 1
0.276930 1
0.515536 2
0.000012 9
0.002621 33
6.939061 1
0.105914 1
0.245956 1
1.290241 1
0.225793 1
0.686086 4
0.175982 4
1.018013 1
0.044846 3
0.153320 11
0.000016 37
0.676625 1
0.047181 1
0.092231 11
0.005287 70
0.000022 37
1.560514 1
0.049925 1
0.079926 1
0.282043 1
0.199969 1
0.852095 1
0.141974 1
0.367945 4
0.090076 1
0.091896 1
0.072019 1
0.768146 1
0.765982 1
0.129863 1
0.147207 1
1.104901 3
0.864023 3
0.654016 3
0.257882 3
0.146108 3
3.904319 3
0.800647 3
1.113041 1
0.705984 1
0.141885 1
0.466162 1
0.247986 1
0.265955 1
0.193944 1
0.826099 1
0.123897 1
0.151110 1
1.114982 3
0.151885 3
0.226035 3
0.266044 3
1.706026 3
0.497933 3
0.770071 3
0.283299 3
0.238623 1
0.883982 1
0.070044 1
1.522096 1
0.069912 1
0.403981 1
0.232016 1
0.200124 1
1.007947 1
0.099922 1
0.726072 1
0.263966 1
0.151922 1
0.108098 1
0.588031 4
0.169984 4
0.133927 4
0.252109 1
0.227982 4
0.145881 4
0.108024 1
0.137964 1
0.118034 1
0.099993 1
0.458412 11
0.005144 37
1.378553 1
0.055960 1
0.178231 11
0.003986 82
0.000020 37
1.571809 1
0.059926 1
0.239942 1
0.094053 1
0.207953 1
0.163999 1
0.211174 9
0.263262 11
0.007307 82
0.000023 37
6.738380 1
0.021866 1
0.124073 1
1.614070 1
0.083939 1
2.138054 1
1.201928 1
0.107950 1
0.494129 1
0.079932 1
0.189931 1
0.804123 1
0.694006 1
1.581931 1
0.062008 1
0.408071 4
0.173915 4
0.406089 1
0.136007 1
0.413909 4
0.174076 4
0.680023 1
0.063941 1
0.349082 1
1.928971 3
0.103955 3
0.348015 3
0.657976 3
0.232120 3
0.449952 3
0.734017 3
0.195935 3
1.268033 3
0.131983 3
1.336123 3
0.131830 3
0.328074 3
0.086006 3
0.117888 3
0.490104 3
1.562012 3
0.249898 3
0.124086 3
1.272610 11
0.027246 647
0.000027 37
9.310926 1
0.059528 1
0.041698 1
0.300004 1
1.149968 1
0.618028 1
0.118814 1
0.129441 1
0.837755 1
0.069971 1
0.288036 1
0.407893 1
0.186138 1
0.870011 1
0.767940 1
0.123972 1
0.255938 1
0.357336 1
0.048728 1
1.194027 1
0.639966 1
0.221985 1
0.618017 1
0.950019 1
0.085992 1
0.428013 1
0.784018 1
0.167915 1
0.457345 1
1.722668 3
0.622091 3
0.271930 3
0.820022 3
0.108044 3
1.722022 3
0.113932 3
2.091212 3
0.380840 1
0.422016 1
0.093939 1
1.624049 1
0.315967 1
0.293980 1
0.235939 1
0.468088 1
0.868037 1
0.480032 1
0.305966 4
0.237984 1
0.080009 1
0.254046 1
0.523942 1
0.122041 1
0.736007 1
0.413974 4
0.339922 1
0.100055 1
0.067912 1
0.158019 1
0.854481 1
0.647651 1
0.237903 1
0.100076 1
0.143884 1
0.072119 1
0.380319 11
0.005543 257
0.000019 37
1.591504 59
0.433606 1
0.250552 1
0.033419 1
0.032917 1
0.033384 1
0.033374 1
0.033442 1
0.033385 1
0.033800 1
0.033050 1
0.033384 1
0.033377 1
0.033460 1
0.033402 1
0.033395 1
0.033494 1
0.033370 1
0.033002 1
0.033413 1
0.484385 1
0.250146 1
0.033478 1
0.033405 1
0.033394 1
0.033532 1
0.033405 1
0.032989 1
0.033412 1
0.033548 1
0.033412 1
1.171459 1
0.249809 1
0.033033 1
0.033382 1
0.033392 1
0.033386 1
0.033381 1
0.033427 1
0.032987 1
0.033392 1
0.033389 1
0.033437 1
0.033424 1
0.033392 1
0.033439 1
0.033405 1
0.033345 1
0.535960 3
0.381743 3
0.639124 5
0.361019 3
0.249945 3
0.033409 3
0.033401 3
0.033359 3
0.033437 3
0.250296 1
0.221991 1
0.358125 1
0.134920 5
0.318224 2
0.000011 9
0.006868 40
0.000019 37
5.434166 59
0.580816 1
1.455891 1
0.080204 1
2.397903 1
0.065949 1
0.074001 1
0.602038 1
0.289938 1
0.112040 1
0.338029 1
0.284019 1
0.127952 1
1.543966 1
0.656080 1
0.147991 1
0.007999 1
0.628031 4
0.611993 1
0.479977 1
0.123935 1
0.090021 1
0.450104 1
0.475967 1
1.041993 1
0.211914 1
0.118091 1
0.290591 11
0.004919 37
5.260493 1
0.129932 1
0.117971 1
0.222014 1
0.122080 1
1.772389 1
0.177553 1
0.201391 1
0.697496 3
0.079104 3
0.158204 3
0.113838 3
0.177945 3
1.054146 3
0.301911 3
0.270091 3
0.101912 3
0.153936 3
0.200098 3
0.632014 3
0.547275 3
0.125715 1
0.677033 1
1.769888 1
2.030015 1
0.010022 1
0.426061 4
0.151893 4
0.288105 1
0.117961 1
0.395009 1
2.569057 3
0.091875 3
0.050076 3
0.191933 3
0.222547 3
0.829553 3
0.141904 3
0.484075 3
0.247957 3
0.048019 3
0.123922 3
0.148063 3
0.942063 3
0.872025 3
0.143879 3
0.179322 1
0.704762 5
1.060041 5
0.275971 5
0.141997 5
0.499974 5
1.119187 3
0.448866 3
1.886502 3
1.012305 3
0.299103 3
0.124031 3
1.744069 3
0.295910 3
0.384088 3
0.076016 3
0.299966 3
0.125986 3
0.350040 3
0.061957 3
1.498025 3
0.525966 3
0.053992 3
2.019960 3
0.170058 3
1.884051 3
0.323929 3
0.566065 3
0.636012 3
0.148016 3
0.572239 2
0.000011 9
0.006991 17
0.000015 37
9.848413 66
0.245457 1
0.250115 1
0.033434 1
0.033366 1
0.033398 1
0.033402 1
0.033447 1
0.033438 1
0.033428 1
0.033358 1
0.033404 1
0.033418 1
0.033438 1
0.033411 1
0.033512 1
0.033373 1
0.033417 1
0.033467 1
0.033422 1
0.033384 1
0.033524 1
0.032880 1
0.032989 1
0.033343 1
0.033488 1
0.033424 1
0.033401 1
0.033472 1
0.033402 1
0.033418 1
0.033367 1
0.033404 1
0.033401 1
0.033506 1
0.033432 1
0.033339 1
0.033455 1
0.033408 1
0.033380 1
0.033465 1
0.033390 1
0.033411 1
0.033414 1
0.033382 1
0.033497 1
0.033519 1
0.033389 1
0.033434 1
0.199380 1
0.200907 5
0.250179 5
0.033413 5
0.033414 5
0.033353 5
0.151686 5
1.772011 5
0.173867 5
0.196038 5
0.225996 5
0.203996 5
0.546091 5
0.195888 5
0.152494 5
0.077532 5
0.108036 5
0.732063 5
0.087975 5
0.250495 5
0.467542 5
0.794041 5
0.033922 5
0.816040 5
2.168057 5
0.049849 5
0.132036 5
0.320108 5
0.181841 5
0.252074 5
0.203988 5
0.071962 5
0.123935 5
0.234074 5
1.505331 3
0.249939 3
0.033376 3
0.033401 3
0.033408 3
0.118622 3
0.249439 3
0.033017 3
0.033375 3
0.033391 3
0.033385 3
0.033389 3
0.033510 3
0.033367 3
1.132395 3
0.249915 3
0.033455 3
0.470309 3
0.250486 3
0.033064 3
0.033370 3
0.033046 3
0.033376 3
0.033374 3
0.033413 3
0.033386 3
0.583100 3
0.365733 3
0.319609 3
0.250477 3
0.032931 3
0.033444 3
0.033387 3
0.033409 3
0.033403 3
0.033431 3
0.303797 3
1.287778 3
0.250316 3
0.032986 3
0.089050 3
0.319543 3
0.250293 3
0.033463 3
0.033409 3
0.033440 3
0.033403 3
0.033368 3
0.033423 3
0.335463 1
0.142787 7
0.250458 7
0.033449 7
0.033392 7
0.033369 7
0.033017 7
0.033452 7
0.032973 7
0.033395 7
0.033379 7
0.033418 7
0.033351 7
0.033407 7
0.033525 7
0.033407 7
0.033377 7
0.033873 7
0.033009 7
0.033358 7
0.033408 7
0.351086 7
0.155965 7
2.134062 3
0.213963 3
0.153961 3
0.122001 3
0.291960 3
0.258425 7
0.205648 3
1.206029 3
0.640003 3
0.150032 3
0.449955 3
1.360011 3
0.075976 3
0.251996 3
0.812039 3
0.043997 3
0.137888 3
0.276056 3
1.498086 3
4.203932 3
0.245946 3
0.640142 3
0.327932 3
0.153916 3
0.216059 3
1.178056 3
0.577974 3
0.393989 3
0.165951 3
0.283972 3
0.540106 3
0.106035 3
0.419900 3
0.084039 3
0.310046 3
0.115985 3
0.607927 3
0.546109 3
0.843966 3
0.309940 3
0.612064 3
0.251895 3
0.528563 3
0.285463 3
0.968126 3
0.653983 3
0.648013 3
0.165948 3
0.127734 1
1.966229 5
0.084030 5
0.359201 1
1.804862 7
0.001861 7
0.526122 11
0.215941 11
0.245974 7
0.316108 7
0.351937 7
0.130002 7
0.217960 7
0.446093 11
0.089983 7
1.028003 7
1.141950 7
1.070066 7
0.462200 2
0.000011 9
0.006998 29
0.000020 37
43.260875 1
0.133858 1
0.228009 1
0.132095 1
1.058038 1
0.435940 1
0.381933 1
0.205388 1
0.602887 3
0.129803 3
0.122040 3
0.199905 3
0.102044 3
0.534043 3
0.159874 3
0.228054 3
0.090072 3
0.077914 3
0.200012 3
1.105118 3
4.984435 115
2.351761 171
0.313816 209
0.226060 121
0.364174 115
0.197844 171
2.618035 1
0.250313 1
0.033018 1
0.033389 1
0.033529 1
0.032902 1
0.033345 1
0.033423 1
0.033397 1
0.033393 1
0.032992 1
0.033407 1
0.032985 1
0.033387 1
0.033409 1
0.033450 1
0.033392 1
0.033374 1
0.033475 1
0.033400 1
0.033436 1
0.033399 1
0.033394 1
0.033377 1
0.033467 1
0.033391 1
0.033449 1
0.033399 1
0.033373 1
0.033496 1
0.033397 1
0.033379 1
0.033410 1
0.033396 1
0.033411 1
0.033364 1
0.033441 1
0.033392 1
0.033382 1
0.033500 1
0.033364 1
0.033435 1
0.033436 1
0.033394 1
0.033481 1
0.033374 1
0.033415 1
0.439813 1
0.110842 5
0.349071 3
0.222914 5
0.956671 5
0.406396 3
0.429308 1
0.252020 5
0.293677 5
0.329973 3
0.247136 3
0.033368 3
0.033429 3
0.033373 3
0.033459 3
0.033357 3
0.033398 3
0.033430 3
0.033399 3
0.033440 3
0.032926 3
0.033387 3
0.033376 3
0.033492 3
0.033388 3
0.033411 3
0.033406 3
0.033446 3
0.033419 3
0.033413 3
0.033414 3
0.033394 3
0.033405 3
0.033416 3
0.033457 3
0.033415 3
0.033370 3
0.033382 3
0.033480 3
0.033430 3
0.032867 3
0.033445 3
0.033397 3
0.033414 3
0.033417 3
0.033384 3
0.033463 3
0.033401 3
0.033423 3
0.033384 3
0.033376 3
0.033392 3
0.033015 3
0.033361 3
0.033406 3
0.033454 3
0.033406 1
0.033424 1
0.033380 1
0.033376 1
0.033492 1
0.033405 1
0.190348 1
0.530213 2
0.000010 9
0.007254 17
0.000022 37
1.953945 66
0.029927 91
0.275803 66
0.277992 209
1.236846 4
0.520017 1
0.237319 1
0.250006 1
0.033499 1
0.033437 1
0.033368 1
0.033429 1
0.033389 1
0.033387 1
0.033520 1
0.033352 1
0.033398 1
0.033443 1
0.033463 1
0.033406 1
0.032993 1
0.033321 1
0.033388 1
0.033413 1
0.033393 1
0.033486 1
0.033444 1
0.033358 1
0.033394 1
0.033425 1
0.033394 1
0.033369 1
0.033541 1
0.033432 1
0.032978 1
0.033397 1
0.033463 1
0.032922 1
0.033341 1
0.032960 1
0.033373 1
0.033397 1
0.033479 1
0.033415 1
0.033368 1
0.033536 1
0.033337 1
0.033026 1
0.033406 1
0.033422 1
0.033470 1
0.033410 1
0.033406 1
0.033427 1
0.033397 1
0.033426 1
0.033420 1
0.033417 1
0.032879 1
0.033403 1
0.437163 1
0.249910 1
0.033039 1
0.033399 1
0.033373 1
0.033469 1
0.033433 1
0.033398 1
0.033419 1
0.033402 1
0.033414 1
0.033429 1
0.033403 1
0.033432 1
0.033419 1
0.033384 1
0.033392 1
0.033450 1
0.033388 1
0.033464 1
0.033378 1
0.033429 1
0.033386 1
0.033430 1
0.033424 1
0.199922 1
0.187757 1
0.327942 1
0.424020 3
0.184864 5
0.360260 11
0.000012 10
8.619807 11
0.000010 17
0.000304 2
0.000013 37
0.747920 108
0.384917 1
1.112750 3
0.780088 7
0.733994 3
0.424322 11
0.007743 29
0.000023 37
1.313003 109
0.228335 7
0.211585 171
0.192352 209
1.015730 171
0.249931 208
0.033058 3
0.033371 91
0.033417 1
0.033390 1
0.033354 1
0.033408 1
0.033379 1
0.033391 1
0.033449 1
0.033392 1
0.033406 1
2.489954 1
0.110004 1
0.339901 1
0.116050 1
1.208067 1
0.656246 1
0.725710 1
0.140284 1
0.129657 1
0.137995 1
0.204034 1
0.356050 1
0.297985 1
0.202012 1
0.097962 1
0.075955 1
0.206096 1
1.191920 1
1.078286 1
2.143701 1
1.030117 1
0.877973 1
0.146007 1
0.099950 1
0.105956 1
0.126022 1
0.548076 1
0.158235 1
0.777766 1
0.262030 1
0.063999 1
0.115884 1
0.132020 1
1.148102 1
0.507973 1
1.011920 1
1.948066 1
0.362054 1
0.315937 1
0.084022 1
0.239965 1
1.180082 1
0.579963 1
0.269921 1
0.410090 1
0.139982 1
0.215897 1
1.434142 1
0.473988 1
0.059951 1
0.838047 1
0.146017 1
0.849947 1
0.073996 1
0.149946 1
0.422123 1
0.249955 1
1.125938 88
0.396089 5
0.556020 5
0.539188 3
0.249993 3
0.033415 3
0.033383 3
0.033403 3
0.033435 3
0.033383 3
0.033388 3
0.033384 3
0.033465 3
0.033385 3
0.033017 3
0.033421 3
0.033417 3
0.033389 3
0.033388 3
0.033377 3
0.033468 3
0.033387 3
0.033424 3
0.033497 3
0.033435 3
0.033421 3
0.033379 3
0.033422 3
0.033452 3
0.033444 3
0.033389 3
0.033456 3
0.033386 3
0.033410 3
0.033099 3
0.033422 3
0.033388 3
0.033426 3
0.033450 3
0.033411 3
0.033438 3
0.033372 3
0.033407 3
0.033409 3
0.033400 3
0.033403 3
0.033415 3
0.033472 3
0.033405 3
0.033381 3
0.032972 3
0.033432 3
0.033381 3
0.033448 3
0.032860 3
0.033421 3
0.032896 3
0.033434 3
0.033394 3
0.033470 3
0.033424 1
0.033408 1
0.033364 1
0.033381 1
0.593588 1
1.582055 1
1.073975 1
1.002002 1
0.490011 1
2.745996 1
7.580026 1
0.519920 1
0.370094 1
0.913971 1
0.676018 1
0.077895 1
0.288011 1
0.358079 1
0.881987 1
0.604010 1
0.075989 1
0.303990 1
0.284034 1
1.164010 1
0.442009 1
0.069930 1
0.152575 1
0.571531 1
0.191886 1
0.724008 1
0.322078 1
0.087969 1
0.187930 1
0.294077 1
1.421921 1
0.084208 1
1.583788 1
1.479997 1
0.104120 1
0.516979 1
0.751063 3
0.129856 3
0.136113 3
0.193976 3
0.910013 7
0.053921 3
0.146091 3
1.510003 3
0.057945 3
0.296029 3
0.250012 3
0.063959 3
0.127944 3
0.182054 3
0.339951 3
0.666199 3
0.137892 3
0.990039 3
0.425928 7
0.235234 1
0.848721 5
2.058112 5
1.048007 5
0.131924 5
0.080050 5
1.323090 3
0.568955 3
0.947983 3
0.410028 3
0.235956 3
0.094064 3
0.201879 3
0.360018 3
0.784057 3
1.108012 3
1.190025 3
0.849986 3
0.317940 3
0.604049 3
0.560041 3
0.063915 3
0.558255 3
1.399696 3
0.333971 3
0.724616 480
0.688291 3
0.779212 3
0.243999 3
0.287953 3
0.426017 3
0.332036 3
0.591996 3
0.482028 3
0.113973 3
0.604019 3
0.455987 3
0.345905 3
0.776075 3
0.147944 3
0.042018 3
0.190038 3
1.018032 3
0.595962 3
0.119974 3
0.688062 3
0.525914 3
0.390050 3
0.874031 3
0.074013 3
1.090015 3
0.165858 3
0.920131 3
1.601954 3
0.640031 3
0.486002 3
0.129923 3
0.074047 3
0.157914 3
1.466143 3
0.955878 3
0.982116 3
1.185930 3
1.460087 3
0.859467 3
0.944505 1
0.650405 11
0.006818 90
0.000028 37
1.984194 170
0.531699 1
0.250021 1
0.033492 1
0.033378 1
0.033372 1
0.033536 1
0.033361 1
0.033497 1
0.033390 1
0.033404 1
0.033400 1
0.033398 1
0.033391 1
0.033492 1
0.033394 1
0.033429 1
0.033465 1
0.033364 1
0.033467 1
0.033383 1
0.033397 1
0.033404 1
0.033444 1
0.100396 591
0.414753 270
0.250851 1
0.250368 1
0.033471 1
0.033363 1
0.033409 1
0.033396 1
0.033467 1
0.033367 1
0.033376 1
0.033473 1
0.033405 1
0.033430 1
0.033467 1
0.033392 1
0.033404 1
0.033398 1
0.033431 1
0.033397 1
0.033471 1
0.033361 1
0.033402 1
0.033445 1
0.033375 1
0.033482 1
0.033435 1
0.033345 1
0.033405 1
0.033458 1
0.033380 1
0.033395 1
0.033527 1
0.033341 1
0.033424 1
0.033399 1
0.033370 1
0.033477 1
0.033388 1
0.033829 1
0.033031 1
0.033417 480
0.033369 1
0.032953 1
0.033369 1
0.033427 1
0.033457 1
0.032981 1
0.033373 1
0.033385 1
0.033381 1
0.033394 1
0.032931 1
0.032889 1
0.033431 1
0.033435 1
0.033458 1
0.033388 1
0.033422 1
0.033409 1
0.033433 1
0.033394 1
0.033393 1
0.033395 1
0.033428 1
0.033384 1
0.033395 1
0.033406 1
0.033462 1
0.032993 1
0.033369 1
0.033396 1
0.033406 1
0.033362 1
0.032891 1
0.033495 1
0.033401 1
0.033504 1
0.033426 1
0.033421 1
0.033445 1
0.033349 1
0.033389 1
0.033449 1
0.033393 1
0.033442 1
0.033389 1
0.033395 1
0.033363 1
0.033040 1
0.033371 1
0.033386 1
0.033409 1
0.033383 1
0.033376 1
0.033424 1
0.033456 1
0.033380 1
0.033564 1
0.033335 1
0.033405 1
0.033401 1
0.033399 1
0.033413 1
0.033393 1
0.033406 1
0.033403 1
0.033417 1
0.033478 1
0.033416 1
0.033427 1
0.033377 1
0.032999 1
0.033381 1
0.033404 1
0.033454 1
0.033443 1
0.033357 1
0.033381 1
0.033410 1
0.033373 1
0.033509 1
0.032897 1
0.033368 1
0.033485 1
0.033407 1
0.033450 1
0.033421 1
0.033385 1
0.033397 1
0.033443 1
0.033373 1
0.033399 1
0.033475 1
0.033422 1
0.033375 1
0.033432 1
0.033404 1
0.033450 1
0.033401 1
0.032925 1
0.033412 1
0.032898 1
0.033391 1
0.033417 1
0.033432 1
0.033429 1
0.033380 1
0.033429 1
0.033368 1
0.033000 1
0.033341 1
0.356643 3
0.350652 264
1.137948 264
0.412374 5
0.000018 9
0.011670 46
0.000015 37
10.067926 1
0.007201 1
0.066693 1
0.186075 1
0.141984 1
0.766017 1
0.107959 1
0.133971 1
1.596123 1
1.582417 1
0.187518 1
0.100004 1
0.258350 11
0.004616 8
0.000370 108
0.000132 954
1.804597 11
0.000008 7
0.000037 21
0.000165 17
0.087746 11
0.000037 12
0.103957 11
0.000010 12
0.092066 11
0.000010 11
0.000007 1
1.249996 11
0.000011 11
0.000007 1
0.113815 11
0.000034 12
0.312085 11
0.000011 12
0.107951 11
0.000039 12
0.177897 11
0.000009 11
0.000008 1
0.538057 11
0.000045 12
0.089961 11
0.000034 12
0.341178 11
0.000009 12
0.596825 11
0.000052 14
0.101819 11
0.000038 11
0.000009 3
0.155981 11
0.000057 11
0.000016 5
1.266022 11
0.000010 11
0.000039 3
0.041937 11
0.000031 14
0.447055 11
0.000008 11
0.000007 1
3.638939 11
0.000010 11
0.000025 1
0.027949 11
0.000063 27
0.355893 11
0.000038 12
0.067994 11
0.000053 12
0.869939 11
0.000065 16
1.667954 11
0.000046 17
2.290001 11
0.000040 12
0.133904 11
0.000010 12
0.807979 11
0.000063 12
1.342032 11
0.000051 12
3.413836 11
0.000037 12
0.643993 11
0.000011 12
0.105967 11
0.000062 12
0.303896 11
0.000034 12
0.532046 11
0.000011 11
0.000033 3
0.161869 11
0.000030 14
0.449967 11
0.000011 11
0.000034 3
0.179960 11
0.000009 11
0.000031 3
1.266059 11
0.000010 11
0.000034 1
1.427915 11
0.000028 12
1.198037 11
0.000010 11
0.000029 1
0.153884 11
0.000010 11
0.000029 1
0.987949 11
0.000011 11
0.000027 1
0.193945 11
0.000012 11
0.000026 1
0.627965 11
0.000010 11
0.000035 3
0.171945 11
0.000034 14
0.798043 11
0.000012 12
0.167945 11
0.000012 12
0.363969 11
0.000011 12
0.094092 11
0.000013 12
0.167850 11
0.000038 12
0.148077 11
0.000039 12
0.943977 11
0.000010 11
0.000035 1
1.139891 11
0.000044 12
0.501915 11
0.000032 12
0.711999 11
0.000037 12
1.043971 11
0.000039 12
0.139926 11
0.000034 12
0.076018 11
0.000047 12
0.295892 11
0.000010 11
0.000032 1
0.104064 11
0.000038 12
0.115872 11
0.000035 12
0.850079 11
0.000010 11
0.000029 1
2.473993 11
0.000051 16
0.079900 11
0.000040 17
1.985977 11
0.000036 18
1.635978 11
0.000012 11
0.000032 1
0.689927 11
0.000010 11
0.000031 1
0.117973 11
0.000041 12
0.417886 11
0.000033 12
0.584045 11
0.000011 11
0.000026 1
0.147883 11
0.000010 11
0.000027 1
0.276110 11
0.000010 11
0.000030 1
1.704260 11
0.000480 12
0.273076 11
0.000012 11
0.000034 1
0.151923 11
0.000041 12
0.557613 11
0.000016 12
3.386877 11
0.000019 14
0.077735 11
0.000053 11
0.000011 3
0.243562 11
0.000055 12
34.212197 11
0.000010 11
0.000051 5
0.219929 11
0.000060 16
0.151959 11
0.000046 18
0.253956 11
0.000055 16
0.125966 11
0.000033 16
0.825197 11
0.000011 12
0.280733 11
0.000010 11
0.000048 3
2.505922 11
0.000045 11
0.000010 3
0.141900 11
0.000008 11
0.000042 3
0.215939 11
0.000040 11
0.000009 3
0.142048 11
0.000079 14
0.585965 11
0.000010 14
0.145866 11
0.000050 14
0.132022 11
0.000009 11
0.000038 3
0.133878 11
0.000045 14
1.214095 11
0.000059 17
0.178173 11
0.000028 17
0.123646 11
0.000060 17
0.160420 11
0.000010 11
0.000042 3
0.353508 11
0.000047 14
0.201865 11
0.000044 14
1.766078 11
0.000010 11
0.000039 3
0.641936 11
0.000051 14
0.185847 11
0.000056 14
0.221959 11
0.000062 14
0.145999 11
0.000010 11
0.000039 5
0.139971 11
0.000046 14
0.218003 11
0.000044 14
0.335908 11
0.000046 14
0.159861 11
0.000046 11
0.000009 3
0.116054 11
0.000010 11
0.000039 3
0.128307 11
0.000013 14
1.067623 11
0.000046 14
0.679951 11
0.000040 14
0.078546 11
0.000054 11
0.000052 3
0.121236 11
0.000044 11
0.000009 3
0.127913 11
0.000045 14
0.237943 11
0.000037 14
0.209968 11
0.000057 14
3.831218 11
0.000011 12
0.394819 11
0.000042 12
0.233874 11
0.000039 12
0.124011 11
0.000047 12
0.567993 11
0.000074 16
0.543925 11
0.000012 11
0.000007 6
0.179887 11
0.000009 11
0.000030 7
1.658070 11
0.000010 11
0.000034 1
0.663879 11
0.000011 12
0.116044 11
0.000038 12
1.040486 11
0.000580 12
0.116956 11
0.000010 11
0.000038 1
0.119830 11
0.000035 12
0.097953 11
0.000039 12
0.374669 11
0.000057 11
0.000049 1
1.545193 11
0.000046 12
0.169955 11
0.000009 11
0.000025 1
0.367071 11
0.000009 11
0.000007 1
1.909318 11
0.000018 14
0.101670 11
0.000010 11
0.000024 3
0.272906 22
0.000009 1
0.506052 11
0.000010 16
0.202959 11
0.000010 18
0.503238 22
0.000008 1
0.174709 11
0.000056 17
0.186006 11
0.000010 11
0.000047 6
0.943937 11
0.000011 11
0.000045 3
0.373939 11
0.000040 14
0.073964 11
0.000042 14
0.149860 11
0.000039 14
0.038071 11
0.000010 11
0.000045 3
0.818352 11
0.000016 14
0.267480 11
0.000038 14
2.510029 11
0.000046 14
0.243948 11
0.000038 14
0.127972 11
0.000038 14
0.231865 11
0.000043 14
0.189974 11
0.000037 14
1.346086 11
0.000038 14
0.175843 11
0.000035 14
0.143963 11
0.000030 11
0.000009 3
0.207952 11
0.000046 14
0.114052 11
0.000041 14
0.125962 11
0.000039 14
1.501971 11
0.000039 14
0.237851 11
0.000037 14
0.471144 25
0.238825 11
0.000041 11
0.000009 5
0.822101 11
0.000047 14
0.393936 11
0.000023 11
0.000038 3
0.119815 11
0.000012 11
0.000033 5
0.504078 11
0.000067 14
0.067912 11
0.000051 14
0.169973 11
0.000012 11
0.000038 3
0.008082 11
0.000052 14
1.083812 11
0.000010 11
0.000057 6
0.185857 11
0.000071 17
0.109988 11
0.000045 14
0.403982 11
0.000010 11
0.000008 1
0.000056 5
0.172352 11
0.000052 14
3.225133 11
0.000014 12
0.204322 11
0.000035 12
0.756023 11
0.000040 12
0.130234 11
0.000414 12
0.273323 11
0.000089 16
0.123773 22
0.000009 6
0.202002 11
0.000012 11
0.000047 7
1.212466 11
0.000941 12
0.323030 11
0.000895 12
0.121137 11
0.000823 12
1.015175 11
0.000419 12
0.161590 11
0.000445 14
0.143051 11
0.000018 11
0.000008 3
0.056053 11
0.000029 12
1.123924 11
0.000010 11
0.000034 1
0.407996 11
0.000010 11
0.000031 1
0.491973 11
0.000011 11
0.000039 1
0.131943 11
0.000011 11
0.000028 1
0.129900 11
0.000010 11
0.000034 1
0.233981 11
0.000010 11
0.000031 1
0.108002 11
0.000010 11
0.000037 1
1.475856 11
0.000034 12
0.171938 11
0.000049 12
0.298034 11
0.000030 12
1.290099 11
0.000054 12
0.149780 11
0.000035 12
0.131243 11
0.000008 11
0.000006 1
0.235822 11
0.000010 12
0.148079 11
0.000010 11
0.000006 1
0.184169 11
0.000009 12
1.336614 11
0.000043 20
0.042443 11
0.000018 20
0.503061 11
0.000410 12
2.684027 11
0.000039 11
0.000012 11
0.193994 11
0.000048 22
0.155896 11
0.000035 11
0.000026 11
0.274031 11
0.000010 11
0.000045 11
0.253931 11
0.000041 22
0.185885 11
0.000044 22
0.384032 11
0.000043 22
0.293132 11
0.000010 12
0.256738 11
0.000039 20
2.417983 11
0.000037 11
0.000011 9
0.202375 11
0.000018 20
0.247600 11
0.000043 20
0.189912 11
0.000039 20
0.584018 11
0.000041 20
0.083966 11
0.000036 20
0.099862 11
0.000053 20
0.431991 11
0.000049 20
0.177919 11
0.000053 20
1.230481 11
0.000017 20
0.089572 11
0.000011 11
0.000036 9
0.125921 11
0.000011 11
0.000036 9
0.193949 11
0.000039 20
0.119991 11
0.000010 11
0.000036 9
0.349393 22
0.000010 1
0.439904 22
0.000009 5
0.651050 11
0.000014 17
0.245500 11
0.000010 11
0.000007 7
0.868092 11
0.000012 12
0.327930 11
0.000043 12
0.093864 11
0.000036 12
0.740103 11
0.000011 11
0.000038 1
0.111898 11
0.000032 12
0.187900 11
0.000011 11
0.000033 1
0.104080 11
0.000010 11
0.000037 1
0.381925 11
0.000011 11
0.000041 1
0.861946 11
0.000040 12
0.119869 11
0.000041 12
0.203292 11
0.000008 11
0.000006 1
0.554739 11
0.000010 11
0.000037 3
0.091960 11
0.000040 14
0.149176 11
0.000009 11
0.000006 1
2.192680 11
0.000047 16
0.229965 11
0.000031 16
0.145976 11
0.000010 11
0.000043 7
0.135943 11
0.000043 16
0.089931 11
0.000035 16
0.394986 11
0.000010 12
1.119129 11
0.000011 11
0.000038 3
0.613920 11
0.000038 14
0.203928 11
0.000051 14
0.087999 11
0.000010 11
0.000033 3
0.085831 11
0.000038 11
0.000009 3
0.199957 11
0.000030 11
0.000008 3
0.474189 11
0.000046 14
0.089818 11
0.000044 11
0.000008 3
0.059949 11
0.000044 14
0.623963 11
0.000036 11
0.000009 3
0.697985 11
0.000010 11
0.000035 3
0.961935 11
0.000039 14
0.593942 11
0.000035 14
0.455880 11
0.000034 14
0.348053 11
0.000042 16
0.661905 11
0.000037 14
0.066054 11
0.000010 11
0.000034 3
1.135926 11
0.000042 14
2.013361 22
0.000011 1
0.226513 11
0.000053 12
0.640055 11
0.000398 12
0.147578 11
0.000052 12
0.271956 11
0.000128 16
1.871900 11
0.000012 11
0.000007 6
1.899963 11
0.000010 11
0.000033 1
0.261913 11
0.000011 12
0.173940 11
0.000011 12
0.452081 11
0.000033 12
0.545989 11
0.000108 16
0.553875 11
0.000096 18
0.970320 11
0.000015 16
0.935589 11
0.000013 12
0.298000 11
0.000012 12
0.105920 11
0.000012 11
0.000008 1
0.151886 11
0.000033 12
0.158069 11
0.000035 11
0.000008 1
0.728013 11
0.000012 12
0.073940 11
0.000010 11
0.000007 1
0.246336 11
0.000018 12
0.251649 11
0.000009 11
0.000008 1
0.145889 11
0.000010 11
0.000031 1
1.158099 11
0.000011 12
0.551960 11
0.000012 12
0.185952 11
0.000010 11
0.000007 1
0.121995 11
0.000009 11
0.000006 1
1.191963 11
0.000107 260
0.000022 50
1.073912 11
0.000086 185
0.000077 231
0.796270 11
0.000463 49
0.000922 28
0.000039 55
0.000184 28
0.000007 8
0.002194 37
57.045919 1
0.100673 1
0.093293 1
0.281889 1
0.286077 1
1.634043 1
0.133909 1
0.251241 1
1.720859 3
0.568008 3
0.437927 7
0.152043 7
0.211921 3
1.516105 3
0.093944 3
0.173262 1
0.680697 5
0.241994 5
0.146074 5
0.270029 5
0.155919 5
0.392022 9
0.188865 9
0.262038 5
0.140101 5
0.642505 3
2.483556 1
0.180918 5
1.099182 3
0.260224 3
0.456675 1
0.508405 1
0.265657 1
0.141887 1
0.234007 1
0.386042 1
0.311211 4
0.224838 1
0.168254 1
0.067752 1
1.221985 1
0.625993 1
0.103889 1
0.414137 1
0.119932 1
0.460049 1
0.141159 1
1.618832 1
0.147903 1
0.143421 1
1.386711 3
0.119967 3
1.802048 7
0.665994 3
0.165998 3
2.623974 3
0.366031 3
0.229993 3
0.137897 3
0.330096 3
0.111883 3
0.420145 3
0.459994 7
0.263979 3
2.111436 1
0.832591 5
0.599069 3
0.398110 1
0.130731 9
0.258095 5
0.469171 3
1.452848 3
0.519950 3
0.136005 3
1.427243 3
0.180671 1
0.354071 1
0.186054 1
0.492010 4
0.315849 1
1.124128 1
0.095978 1
0.143952 1
1.830085 1
0.351960 1
0.277318 1
0.626739 3
0.051929 3
0.177040 1
0.055288 7
0.487748 7
0.527135 1
0.409966 3
2.190851 5
0.312012 5
0.180002 5
0.396019 5
0.109990 5
0.182020 5
0.387895 5
0.386113 9
0.265968 5
2.413141 3
0.458894 3
0.715954 5
0.290040 4
0.301996 7
0.373498 3
0.232406 1
0.718094 1
0.131914 1
0.165910 1
1.852202 3
0.057943 3
0.207291 1
0.300662 5
0.171979 5
0.288041 9
0.146091 9
0.177879 5
0.189988 5
0.179276 1
1.215317 7
0.287550 7
0.155877 7
0.097985 7
0.106112 7
1.399278 3
0.250119 3
0.033036 3
0.033387 1
0.033432 1
0.033443 1
0.033353 1
0.033468 1
0.033402 1
0.201097 1
0.419992 1
0.128063 1
0.227924 4
0.948015 1
0.573995 1
0.257987 1
0.137960 1
0.119925 1
0.168001 1
1.346138 1
0.994113 1
0.375864 1
0.393914 4
0.596105 1
0.259895 1
0.183985 1
0.418125 1
0.091936 1
0.393961 1
0.092025 1
0.111978 1
0.211969 1
1.096162 1
0.521989 1
0.152001 1
0.187962 1
0.534181 11
0.005270 37
10.082587 1
0.001898 1
0.084043 1
0.886058 1
0.051935 1
0.214042 1
0.404038 1
0.280000 4
0.283928 1
0.195963 1
1.798499 1
0.145562 1
0.147275 1
2.012828 3
2.063996 3
0.055933 3
0.227205 1
0.646819 5
0.175902 5
0.185995 5
0.300003 5
0.180022 5
0.293998 5
0.179989 5
2.476928 5
0.285228 9
0.243969 5
1.663413 3
0.780562 3
2.769999 3
0.733927 3
0.084024 3
0.364107 7
0.159961 7
0.197963 3
0.077990 3
0.332036 7
0.163920 7
0.200010 3
0.074110 3
0.297076 1
0.812854 5
0.214057 5
0.146376 5
0.127547 5
0.089984 5
2.076088 5
0.639020 1
0.579987 3
0.280300 3
1.117708 3
0.426981 1
0.828030 1
0.365988 1
0.141959 1
0.240048 1
0.287957 1
0.177974 1
0.212051 1
1.780003 1
0.581918 1
0.103955 1
0.796125 1
0.313903 1
0.214045 1
0.176392 1
0.569586 1
0.137954 1
0.175056 1
1.899127 3
0.447955 3
2.609954 3
1.958079 3
0.353970 3
0.181905 3
0.282079 3
0.174012 3
0.298020 3
2.293924 3
0.216045 3
1.846032 3
0.544045 7
0.193956 3
0.989047 3
0.256911 1
0.294025 1
0.314046 1
1.515980 1
0.103987 1
0.181965 1
0.200047 1
1.190000 1
1.146022 1
0.157880 1
0.177955 1
0.240046 1
0.274026 1
0.926069 1
0.411978 1
0.200019 1
0.270053 1
0.127974 1
0.847985 1
0.455997 1
0.538674 1
0.241346 1
0.343969 1
1.700037 1
4.049993 1
0.519984 4
0.287956 1
0.676239 11
0.003369 3
0.000281 37
6.362203 1
0.003898 1
0.216083 1
0.199946 1
0.554065 1
0.243945 4
0.121922 1
0.186082 1
0.163238 19
0.390992 11
0.002945 77
0.000048 37
1.182852 1
0.083932 1
0.322022 1
0.156044 1
2.461987 4
0.250278 4
0.033267 4
0.033040 4
0.033062 1
0.033084 1
0.033102 1
0.033134 1
0.033190 1
0.033109 1
0.033136 1
0.033058 1
0.033020 1
0.033065 1
0.033096 1
0.033104 1
0.033146 1
0.033104 1
0.033095 1
0.033063 1
0.033132 1
0.033084 1
0.033181 1
0.033186 1
0.033019 1
0.033067 1
0.033161 1
0.033195 1
0.033105 1
0.033130 1
0.033211 1
0.033165 1
0.033187 1
0.033190 1
0.033118 1
0.033069 1
0.033100 1
0.033096 1
0.033136 1
0.033160 1
0.033181 1
0.033071 1
0.033062 1
0.033113 1
0.033183 1
0.033023 1
0.033094 1
0.033099 1
0.033047 1
0.033072 1
0.033148 1
0.033541 1
0.032879 1
0.033105 1
0.032995 1
0.033066 1
0.033180 1
0.033196 1
0.033088 1
0.033168 1
0.033059 1
0.033135 1
0.033068 1
0.033153 1
0.033111 1
0.033076 1
0.033099 1
0.033128 1
0.033062 1
0.033157 1
0.033141 1
0.033087 1
0.033041 1
0.033126 1
0.033074 1
0.033195 1
0.033194 1
1.943964 1
0.077936 1
0.240018 1
0.033958 1
0.196025 1
0.095962 1
0.135039 9
0.299228 11
0.003619 155
0.000020 37
4.892202 1
0.219891 1
0.284026 1
0.122462 1
0.491769 11
0.000218 6
1.572699 4
