0.032208 8
0.000074 16
24.063993 1
0.123652 1
0.758816 1
0.621470 3
0.696027 3
0.109907 3
0.199567 3
0.747361 3
1.479317 3
0.127246 3
0.546167 3
0.240454 3
0.693878 3
2.273515 3
1.495253 1
0.094434 1
0.165745 1
0.172324 1
0.176131 1
1.454448 1
0.207031 1
0.032706 5
0.987988 5
0.301659 3
0.848785 5
0.951043 3
0.189608 3
0.162746 3
0.145837 3
0.152066 3
0.146047 3
2.956696 3
0.120002 3
0.495880 3
1.304277 3
0.595570 3
0.248593 3
0.237699 3
0.939935 3
0.580612 3
0.333008 3
0.204998 3
0.533443 3
1.865981 3
0.244013 3
0.170110 3
0.556205 7
0.169283 7
0.746434 3
0.157460 3
0.462494 3
2.315712 3
1.096099 7
0.872114 3
1.625488 7
1.306769 3
4.257839 3
0.348033 3
0.158070 3
0.344030 3
0.255985 3
1.215404 7
1.351535 3
2.200920 3
0.478678 3
0.410164 3
0.293229 3
0.264060 3
0.349925 3
0.420162 3
0.717873 3
1.331809 3
0.273665 3
0.414634 3
0.310574 3
0.371282 3
0.437981 3
2.329305 11
38.932697 2
0.000148 2
0.000201 90
0.000178 8
0.000017 16
26.229404 1
0.232378 1
0.305590 1
0.203078 1
0.433143 1
0.394143 11
0.000230 245
1.442266 5
2.343488 1
0.650058 1
0.651831 2
0.000071 9
0.000176 97
0.905804 1
0.655266 7
1.594829 4
0.177921 4
1.495995 1
0.556168 1
0.789909 11
0.000202 84
0.000043 32
0.668710 7
0.340959 4
0.764050 1
0.067974 11
0.000171 52
0.000403 114
0.280485 7
1.152491 4
0.124398 1
0.199856 11
0.000092 52
0.000018 24
1.215439 7
2.730792 4
0.397799 1
0.192028 63
0.000021 24
0.396991 7
0.316923 63
0.000018 24
0.376026 1
0.119171 8
0.168429 11
0.000028 52
0.000151 24
0.723529 7
0.324833 4
0.227594 1
0.332578 63
0.000042 24
14.655718 1
0.155629 1
0.477942 1
0.148501 1
0.279890 11
0.000022 24
13.791631 1
0.068322 1
0.476217 1
0.133863 1
0.443762 1
0.191874 1
0.216255 11
0.294167 44
0.013565 8
0.000023 16
0.851691 6
0.213416 1
0.224098 1
0.357012 5
0.305989 11
0.000156 24
17.733741 1
0.122258 1
0.117838 1
1.103942 1
0.242219 1
0.159698 11
0.000082 50
0.000021 24
11.097825 1
0.004351 1
0.114006 1
0.190138 1
0.185988 1
0.537638 1
0.508345 1
0.189525 1
0.318067 1
0.180009 1
0.142180 1
0.638334 1
0.417875 1
0.127766 1
0.217967 1
0.327929 1
0.140247 1
0.246226 1
0.093892 1
0.176159 1
0.215642 1
0.220277 11
0.004954 56
0.000469 24
1.131824 21
1.014840 4
0.250249 4
0.032977 4
0.033187 4
0.033049 4
0.033013 4
0.032988 4
0.033335 4
0.033453 4
0.033350 4
0.033068 4
0.032836 4
0.033852 4
0.033123 4
0.032812 4
0.033483 4
0.033040 4
0.033097 4
0.033048 4
0.033713 4
0.033054 4
0.032997 1
0.033481 1
0.033213 1
0.033343 1
0.032954 1
0.032961 1
0.033651 1
0.033541 1
0.033264 1
0.033145 1
0.033377 1
0.033411 1
0.033491 1
0.033111 1
0.032976 1
0.033261 1
0.033106 1
0.217656 1
