0.036646 17
0.000347 28
0.001880 49
0.000090 64
0.000243 108
1.586674 1
0.070818 1
0.227000 1
0.369549 1
0.661372 1
1.050548 1
0.144498 1
0.289854 1
0.626081 1
0.137521 1
0.229188 1
0.239133 1
0.735392 1
0.142249 1
0.732911 1
0.062527 1
0.344955 1
0.096214 1
0.353316 1
1.068728 1
0.118345 1
0.483181 11
0.000059 36
0.004587 2
0.000893 28
0.001738 49
0.000081 64
0.000092 108
2.726063 21
0.223045 1
0.486154 1
0.030398 1
0.041264 1
0.042957 1
0.032648 1
0.033541 1
0.033453 1
0.030293 1
0.035941 1
0.032998 1
0.033590 1
0.032230 1
0.918455 5
0.073806 5
0.593841 11
0.000045 36
0.004664 73
0.001128 28
0.001808 49
0.000087 39
0.000028 25
0.000129 108
19.730437 1
0.001344 1
0.161131 1
0.531559 1
0.193113 1
0.866946 1
0.069482 1
0.132160 1
1.749036 1
0.140424 1
0.212341 1
0.800089 3
0.058603 3
0.779690 3
0.084210 3
0.232611 3
0.345360 3
0.135653 3
0.224078 3
0.273909 3
0.738327 3
0.037697 3
0.594141 11
0.000073 36
0.002596 34
0.000593 28
0.002762 49
0.000172 64
0.000129 108
7.886374 21
2.040791 4
0.503736 4
0.032419 4
0.033468 4
0.033299 4
0.033521 4
0.032779 4
0.033911 4
0.033089 4
0.032483 4
0.033726 4
0.032768 4
0.242993 4
1.512081 1
0.068675 1
0.831615 1
0.107589 1
1.052511 1
0.693065 1
0.224714 1
0.507279 1
0.682561 1
0.075092 1
1.966827 11
0.000072 36
0.002796 75
0.000100 419
0.000024 198
0.000033 198
0.000040 264
0.000097 108
0.000552 28
0.002478 49
0.000147 39
0.000031 25
0.000158 108
17.029645 1
0.062986 1
0.095631 1
0.267592 1
0.313365 11
0.000042 36
0.002725 148
0.000025 66
0.000029 148
0.000103 528
0.000050 132
0.000014 198
0.000009 140
0.000688 1402
0.000197 28
0.002493 49
0.000072 39
0.000036 25
0.000084 108
0.855940 1
0.101214 1
0.110393 1
0.568486 1
0.215399 1
0.320356 1
0.163082 1
0.279360 47
0.358307 240
0.017879 30
0.003325 49
0.000053 39
0.000119 25
0.000060 108
8.520881 7
0.417278 4
0.305969 4
0.515933 4
0.032964 4
0.032922 4
0.033824 4
0.033367 4
0.033039 1
0.029699 1
0.035770 1
0.031049 1
0.035527 1
0.030478 1
0.032135 1
0.409432 1
0.081578 1
0.106585 1
0.256929 1
0.133518 1
0.278959 1
0.595602 1
0.073574 1
0.091818 1
0.598532 1
0.112214 1
0.259691 1
0.388150 1
0.116154 1
0.153026 1
0.160463 1
0.074548 1
2.920460 1
0.097537 1
0.217446 1
0.271905 1
0.288700 1
0.552002 1
0.291742 1
0.309557 1
0.248180 1
0.470253 2
0.000064 9
0.000009 36
0.012111 31
1.427476 2
0.028364 50
0.015953 104
0.008256 132
0.035867 134
0.161681 193
0.001602 63
0.057817 53
0.095108 54
0.013591 54
0.333491 44
0.001288 76
0.183499 128
0.177980 124
0.000060 30
1.474801 2
0.285522 2
0.012323 33
0.507181 33
0.633805 33
1.403365 33
0.915917 33
6.551655 33
6.514248 33
2.621188 57
1.579099 57
0.503794 57
3.396706 57
0.255469 1
0.622592 72
0.120249 306
0.045833 236
0.228503 669
0.004801 30
0.002380 49
0.000109 64
0.000138 108
9.890612 25
0.495229 28
0.169920 1
23.353297 1
0.003787 1
0.081904 1
0.165952 1
0.309825 1
1.257565 1
0.169813 1
1.123855 1
0.638775 3
0.217724 3
0.264100 3
0.139599 3
0.140311 3
0.223196 3
0.274586 3
0.516202 7
0.184372 3
0.138081 3
0.417882 3
1.468222 7
0.289722 3
0.045990 3
0.295775 3
0.172285 3
0.141548 3
0.454257 3
0.969388 3
0.264233 1
1.120555 1
0.058455 1
0.110320 1
0.175141 1
1.065746 4
0.323512 4
0.180614 4
0.288095 4
0.673194 1
0.207024 1
0.049825 1
0.571871 1
0.222529 1
0.311030 1
1.198304 1
0.227738 1
0.127880 1
0.720400 1
1.095068 1
1.534990 1
0.571907 1
0.135509 1
0.222441 1
0.627948 1
0.248067 1
0.174039 1
0.274532 1
0.357997 11
0.000075 36
0.004636 709
0.000079 1420
0.000013 1120
0.000009 140
0.000030 563
0.000009 420
0.000039 840
0.000142 2526
0.000012 420
0.000008 146
0.000071 1808
0.000059 286
0.000015 1275
0.000007 143
0.000026 719
0.000013 432
0.000087 1667
0.000011 569
0.000010 286
0.000009 143
0.000089 283
0.000447 28
0.002177 49
0.000121 64
0.004495 108
4.013762 1
0.357225 1
0.066125 1
0.313814 1
0.238349 11
0.000076 42
