0.048805 17
0.000483 28
0.002301 43
0.000058 33
0.000403 121
0.850160 1
0.050593 1
0.490612 1
0.038295 1
1.972318 1
0.072593 1
0.655123 11
0.000053 36
0.293965 44
0.016677 73
0.000215 33
0.000347 121
0.816483 6
0.291744 1
0.181980 1
0.178213 1
0.378604 3
0.209888 5
0.093712 2
0.000010 9
0.000026 36
0.023963 31
1.888332 2
0.611766 38
3.224443 1
0.077511 1
0.266415 1
0.109353 1
0.138295 1
0.244274 1
0.773200 4
0.123423 4
0.519260 1
0.280191 4
0.083151 1
0.187114 1
0.907814 1
6.850263 1
0.015467 1
1.759468 1
1.271193 1
0.017460 1
0.129817 1
1.409480 1
0.504873 1
0.107436 1
0.298907 1
0.761478 1
0.199884 1
0.924132 1
0.048011 1
0.321909 1
0.566163 1
1.444056 1
0.566131 11
0.005128 38
0.580810 1
0.051770 1
0.140092 1
0.533879 1
0.040019 1
0.471477 1
0.938455 1
1.993739 1
0.500896 1
0.030251 1
0.158367 1
0.784314 3
0.768565 7
1.456004 11
0.174745 7
0.235536 7
0.083874 7
0.411721 7
0.822278 11
1.171953 11
0.764090 7
0.103774 7
0.816997 7
0.164444 3
0.329635 3
0.180871 3
0.089680 8
1.142570 11
0.000154 66
1.635762 1
0.149989 1
0.124429 1
0.271402 1
0.139644 1
0.078268 1
0.404625 1
0.195902 1
0.259863 1
0.145576 1
0.270125 1
0.577979 1
0.360020 1
0.404372 1
0.108905 1
0.048890 1
0.736240 11
0.005757 66
5.296151 1
0.003524 1
3.434427 1
0.108602 1
0.051218 1
0.251838 1
2.080280 1
0.145947 1
0.327908 1
0.364080 1
0.080016 1
0.251806 1
0.135742 1
0.278189 1
1.102352 1
0.121471 1
0.274485 1
0.153789 1
0.162043 1
0.207940 1
0.605382 1
0.416667 1
0.463877 4
0.660161 1
0.097699 1
0.044486 1
1.140020 11
0.017375 63
0.001320 66
2.206483 24
0.281995 1
0.499614 1
0.003589 1
0.027880 1
0.030268 1
0.031226 1
0.030655 1
0.030033 1
0.030224 1
0.031079 1
0.031073 1
0.031891 1
0.373233 5
0.736370 5
0.357665 11
0.002477 66
7.625420 1
0.119603 1
0.024365 1
0.400101 1
0.698018 1
0.149647 1
0.174252 1
0.244155 4
0.499626 4
0.000547 4
0.029925 4
0.030137 4
0.030468 4
0.851077 1
0.036446 1
0.143503 1
1.024315 1
1.778948 1
0.221269 1
0.147810 1
0.295887 1
1.035919 1
0.169741 1
0.158173 1
0.076118 1
0.365879 1
0.163944 1
0.204560 1
0.243658 1
2.174012 11
0.030729 66
2.471503 1
0.095665 1
0.164037 1
0.172243 1
0.233562 1
0.318063 1
0.142348 1
0.480551 1
0.817320 1
0.236180 1
0.327735 1
0.489962 1
0.294232 1
0.377751 1
0.100188 1
0.097722 1
0.374025 1
0.048239 1
1.113861 1
1.032299 11
0.068417 66
0.773360 1
0.099928 1
0.230504 1
0.155632 1
0.237661 1
1.600194 1
0.712067 1
0.617943 1
0.330566 1
0.175319 1
0.183883 1
0.122203 1
0.215973 1
0.128010 1
0.368323 1
0.281395 4
0.426261 1
0.547847 4
0.134122 1
0.275304 11
0.018191 25
1.932611 2
0.012370 169
3.445711 89
3.168257 116
0.000014 55
2.660013 2
0.036967 54
0.001106 66
5.451388 1
0.091951 1
0.155930 1
0.232110 1
0.460273 4
0.500115 4
0.030271 4
0.030089 4
0.030061 1
0.030432 1
0.030206 1
0.030272 1
0.030463 1
0.031336 1
0.029945 1
0.030361 1
0.030535 1
0.030950 1
0.030505 1
0.029958 1
0.031770 1
0.616692 1
0.058229 1
0.155696 1
0.168085 1
0.920031 1
0.121970 1
0.217842 1
0.134058 1
0.756004 1
0.532462 1
0.262087 1
0.921916 1
0.657501 1
0.144437 1
0.340044 1
0.137308 5
1.288331 1
0.359893 1
1.050613 1
0.188792 1
0.740739 1
0.099051 6
0.753237 11
0.033065 66
0.315698 28
0.477017 1
0.099918 11
0.031258 66
4.274745 1
0.017044 1
0.941188 1
0.059623 1
0.020294 1
0.618084 1
0.717862 1
0.094677 1
0.044262 1
0.486999 1
0.393865 4
0.179760 1
0.217508 1
0.300032 1
0.654794 4
0.499822 4
0.000134 4
0.031219 4
0.030478 4
0.030276 4
0.031751 4
0.030938 4
0.030272 4
0.030445 1
0.031001 1
0.030312 1
0.030057 1
0.036435 1
0.029048 1
0.529967 1
0.093974 1
1.240045 1
0.093965 1
0.210211 1
0.131981 1
1.317874 1
0.311864 1
0.137798 1
0.355591 1
0.886631 1
0.148895 5
2.031495 4
0.071572 1
0.081846 1
0.570015 1
0.118216 1
0.141362 9
0.676827 11
0.006521 7
0.000032 26
0.000965 66
2.256128 25
0.260346 1
0.499690 1
0.003716 1
0.027159 1
0.030640 1
0.029823 1
0.030220 1
0.030440 1
0.030083 1
0.030336 1
0.030413 1
0.029810 1
0.154699 1
0.206733 5
0.366031 11
0.004905 66
2.713519 1
0.025304 1
0.116021 1
0.172052 1
0.346259 1
0.129666 1
1.291998 1
0.165934 10
0.522464 11
0.007291 57
0.000803 66
11.849767 1
0.004202 1
0.389750 1
0.124791 1
0.236969 1
0.285534 1
0.412786 1
1.640075 1
0.806000 1
1.332356 1
0.085459 1
2.590103 1
0.099934 1
0.154400 9
0.401922 11
0.002111 66
0.389589 21
0.199713 66
0.262563 11
0.007602 57
0.001008 66
4.543930 1
0.147096 1
0.053963 1
1.276223 1
0.080369 1
0.223862 1
0.416137 1
0.175417 1
0.153867 5
0.660291 1
0.864341 11
0.056378 2
3.249823 1
0.127885 1
0.135387 1
1.230951 1
1.117123 1
0.035908 1
0.114165 1
0.905165 1
0.685183 1
0.023422 1
0.208501 1
0.686114 4
0.155353 3
0.878351 1
0.075995 1
1.056364 1
0.385349 3
1.060123 1
0.232246 1
0.363802 2
0.189701 1
0.676611 1
0.135470 1
0.150233 1
0.197796 1
1.500184 1
0.428947 1
0.176771 1
0.603088 3
0.959285 1
0.088214 1
0.223979 1
0.145629 1
0.244254 1
0.202229 1
0.425759 2
0.002918 72
0.000592 2120
0.000497 4095
0.000096 285
7.357658 14
1.952481 23
0.597845 20
0.117634 20
1.712450 27
5.353894 20
0.322203 20
0.236256 20
0.141357 20
0.370229 27
5.163779 20
0.328094 20
0.164004 20
0.080078 20
0.098239 20
7.535920 27
1.251809 20
0.291786 20
0.178261 20
0.144521 20
0.815463 27
0.698039 20
0.321788 20
0.430026 20
0.161698 20
1.274412 27
9.680010 20
0.615788 20
0.594102 20
0.774284 20
2.775822 20
1.564305 27
2.993657 20
0.344152 20
0.324889 20
0.144895 20
0.700600 27
4.663716 20
0.161483 20
0.122332 20
6.106158 27
4.025900 20
2.336632 20
0.165021 20
2.896191 13
1.312729 21
1.531597 138
1.375763 14
0.533199 95
2.254159 21
1.526598 167
1.065982 14
2.454241 40
6.881843 21
0.087749 92
3.354788 14
0.395548 37
3.252104 37
1.359790 21
0.379947 63
0.260232 86
0.430027 83
1.743675 4
0.277967 4
0.243951 6
1.420560 6
0.259565 1
0.554085 1
0.486207 4
0.253734 1
1.433890 14
0.380434 44
2.189552 20
2.122760 193
2.061580 1
0.729746 6
0.582121 6
1.256242 6
0.235751 6
0.177845 1
0.646068 1
0.274204 4
0.197727 1
0.365978 6
0.410106 6
0.252033 4
0.284102 6
0.317840 6
0.230068 14
0.218082 24
1.924173 21
0.447624 21
1.209141 85
11.629566 6
0.279385 6
0.202062 6
0.171996 6
0.171887 1
1.092094 41
1.988315 13
2.362110 21
1.795852 185
1.142418 44
6.857755 20
0.368053 20
0.667797 20
0.093746 20
0.920418 29
5.681497 21
1.166366 21
1.173769 21
6.495889 21
3.846178 1
2.082244 1
1.453106 1
1.045723 1
0.949009 30
3.073903 1
0.071947 1
0.742080 21
0.000045 24
0.000128 143
3.665852 103
3.732485 20
1.097389 1
0.068115 1
0.141802 21
0.000032 24
0.000063 143
24.454895 98
0.057113 6
2.831059 138
0.277368 132
0.288810 132
0.638685 132
0.037896 132
0.055845 132
0.060416 132
0.060661 132
0.062532 132
0.062854 59
1.929187 1
2.127311 30
0.729603 1
0.071852 1
0.553982 29
0.128001 29
0.168424 1
0.165331 80
3.362653 33
0.859946 1
0.285794 1
0.259947 96
0.000741 2
34.840645 4
0.446391 4
0.938685 3
0.499646 3
0.002937 6
0.027797 3
0.030961 3
0.030047 6
2.002265 4
0.485650 3
0.499892 3
0.003553 6
0.720920 1
0.708003 1
0.087776 1
0.084069 1
0.770124 2
0.000112 27
0.829111 4
1.106499 3
0.119486 3
0.499543 6
2.547165 1
0.081934 1
0.267823 1
1.037404 1
1.342657 1
0.631938 1
0.156236 1
1.295023 7
0.526037 7
0.330793 3
1.000415 3
0.159729 3
0.499615 3
0.002802 3
0.028181 6
0.032139 3
0.030123 3
0.030472 3
0.030135 3
0.032188 3
0.030866 6
2.318713 7
0.552990 2
0.807654 6
0.173959 3
0.144030 3
0.161810 3
0.162048 3
0.159946 3
0.166120 6
0.260293 3
0.899911 1
1.376942 1
0.538866 1
0.104086 1
0.308166 1
0.165931 1
0.095778 1
0.332146 1
0.249879 1
0.143737 1
0.370195 1
1.300059 1
0.799323 1
0.632933 1
0.230205 1
0.180120 1
0.137445 1
0.073683 1
0.264351 1
0.616188 1
0.352392 1
0.163298 1
0.011398 1
0.879009 2
0.002965 72
0.000555 66
0.000085 17
0.000139 1623
0.000184 4095
0.000020 709
13.662101 14
3.607706 23
0.332187 20
0.260374 20
2.969628 21
0.373813 1
1.072706 82
4.107506 1
1.408089 14
1.482216 20
0.611639 20
0.099673 20
0.892780 27
1.585766 20
1.246419 20
0.137115 20
0.130445 20
0.650097 27
0.848255 20
0.237725 20
0.089566 20
0.274134 20
0.118255 20
1.660199 27
0.890141 20
0.289715 20
0.113997 20
6.237592 13
0.759785 68
2.602564 1
1.837859 1
3.734655 27
0.301316 27
3.360054 1
0.948428 14
0.871997 20
0.877811 20
1.504017 20
0.125785 20
3.464931 27
0.867200 20
0.509758 20
0.117836 20
1.020293 20
0.269856 27
3.926847 20
0.393210 20
0.314478 20
0.623595 20
0.535890 20
1.000119 27
1.745947 20
0.338082 20
0.281858 20
0.249911 20
2.674475 27
0.884009 20
0.124224 20
0.129028 20
2.276459 21
1.102156 27
0.778484 27
1.335450 27
2.508546 14
1.698057 20
0.347325 20
0.131669 20
1.626837 27
1.496175 20
0.129220 20
0.103769 20
2.187448 29
1.002861 21
0.551964 21
0.404005 21
0.218319 21
6.824556 21
2.151140 1
0.627897 30
1.185054 1
0.093000 1
0.909846 29
0.187965 29
0.143923 9
0.712792 1
3.151950 310
1.491474 1
1.644607 45
0.107742 32
0.475765 1
2.508428 1
2.341714 1
1.238048 1
0.903807 1
0.701429 1
0.832395 1
0.920684 15
4.655480 13
0.499955 13
0.626395 70
0.079647 89
0.000619 2
3.055728 1
0.161128 1
0.162738 1
0.299702 1
0.313876 3
0.165997 3
0.846192 1
0.081925 1
0.798248 2
0.119313 66
5.247100 1
0.192533 1
0.361572 1
0.077582 1
0.147708 1
0.121013 1
0.943056 1
0.150479 1
0.057605 1
0.157992 1
0.533932 4
0.157859 4
0.169743 4
0.134218 4
0.262099 1
0.170114 1
0.072188 1
0.205959 1
1.325815 1
0.071906 1
0.192296 1
0.327799 8
1.766261 11
0.001957 66
1.641645 1
0.096593 1
0.186662 1
0.072934 1
0.870189 1
0.537595 1
0.145988 1
0.185980 1
5.124313 1
1.439808 1
0.068089 1
0.319928 1
0.448994 10
0.307348 11
0.005370 5
0.000933 66
2.445667 1
0.087776 1
0.328562 1
0.167122 1
0.146362 1
0.117945 1
0.589816 11
0.556491 11
0.008040 58
0.004877 66
3.998835 1
0.104237 1
0.320710 1
0.097395 1
0.503479 1
0.090305 1
0.157759 1
1.654225 1
0.121786 1
0.230205 1
1.511996 11
0.260556 220
0.014854 66
1.381921 10
0.242258 1
0.201460 1
0.150591 1
7.669691 1
0.157683 1
0.176521 1
0.183851 1
0.165876 1
0.348455 5
0.408386 11
0.000190 66
13.422881 9
0.574269 37
0.913954 27
0.656902 11
0.007952 58
0.000931 66
9.110861 1
0.038076 1
0.130317 1
0.356903 3
1.628864 1
0.113685 1
0.211991 1
0.322290 1
0.059802 1
0.266231 1
0.299847 1
0.304016 1
0.391858 1
0.139976 1
0.039876 1
1.494296 11
0.005216 66
0.786883 1
0.118339 1
0.243670 1
0.291987 1
0.113748 1
0.097859 1
0.858354 1
0.065946 1
0.134000 1
0.098035 1
0.305997 1
0.650784 1
0.161081 1
0.345711 4
0.500845 1
0.077504 1
0.456081 11
0.004695 66
1.351086 1
0.064162 1
0.103991 1
0.167953 1
0.094170 1
0.111675 1
0.232287 1
1.595831 1
0.119827 11
0.560173 11
0.007414 51
0.000879 66
0.875891 1
0.042007 1
0.069855 1
0.230632 1
0.321206 1
0.611325 1
0.122974 1
2.838224 1
0.101466 1
0.185654 1
0.042369 5
0.514178 11
0.007042 65
0.000863 66
4.573920 1
0.214213 1
0.088336 1
0.251684 1
0.525911 1
0.151903 1
1.218219 1
0.237646 1
0.166156 1
0.170073 11
0.000127 66
0.082097 11
0.000101 66
12.980256 1
0.017440 1
0.061710 1
0.179142 3
1.705212 1
0.095877 1
0.107958 1
0.068299 1
0.291907 1
0.302282 1
0.415755 1
0.105785 1
0.078186 1
3.155959 11
0.006207 66
0.517933 15
0.297518 1
0.499833 1
0.003238 1
0.027823 1
0.481296 13
0.129823 9
0.570607 11
0.005303 66
0.227882 15
0.237706 1
0.501037 1
0.185382 1
0.181574 1
0.160948 13
0.121790 9
0.385158 11
0.005481 66
0.284846 15
0.285917 1
0.500313 1
0.007397 1
0.027513 1
0.153108 1
0.323613 3
0.186819 13
0.099530 9
0.726600 11
0.005299 66
2.130467 1
0.058069 1
0.215930 1
0.267956 1
0.050465 1
0.139835 1
0.875708 4
0.165779 4
0.147974 4
0.172618 1
0.071641 1
0.199682 1
1.580491 1
0.087518 1
0.134325 1
0.192035 1
0.361818 1
0.050147 1
0.173897 3
0.365901 1
0.568162 5
1.150557 11
0.002004 66
1.451837 1
0.010780 1
0.324933 1
0.072025 1
0.139417 1
0.065048 1
1.677363 1
0.069930 1
0.366328 1
0.211597 1
0.452563 1
0.573491 1
0.086130 1
0.365893 4
0.121954 1
0.080033 4
0.762719 1
0.133564 5
1.140637 11
0.002116 66
0.913803 1
0.153284 1
0.278070 1
0.127840 1
0.184253 1
0.188802 1
2.306910 1
0.086176 1
0.405905 1
0.060558 1
1.399924 1
0.317552 4
0.105838 1
0.685560 4
1.682560 1
0.312075 5
0.610378 11
0.002203 66
0.931816 1
0.137403 1
0.334782 1
0.139287 1
0.177810 1
0.188072 1
0.962260 4
0.151763 4
0.111872 1
0.086348 1
1.236255 1
0.131824 1
0.097760 1
0.242108 1
0.608098 1
0.112645 1
0.155150 3
0.840604 1
0.411644 1
0.028012 4
0.262409 4
0.111316 1
0.125947 5
1.018567 11
0.002154 66
0.922198 1
0.091053 1
0.027071 1
0.221520 1
0.111886 1
0.067653 1
2.886255 1
0.246254 4
1.179894 1
0.129485 1
0.128011 1
0.284162 1
0.152185 1
0.369773 4
0.144433 4
0.127717 4
0.093985 1
0.413845 4
0.926401 1
0.023883 1
0.119973 1
0.477686 4
0.184207 4
0.133813 4
0.160117 1
0.086221 1
0.184469 1
1.309978 1
0.159446 1
0.118037 1
0.127595 1
0.694556 11
0.008469 236
0.000751 66
6.461760 19
0.536229 39
0.315943 36
0.188018 36
0.243438 38
0.148245 39
0.448393 1
0.500697 1
0.000279 1
0.167022 1
3.268578 13
0.181770 9
0.572506 11
0.005203 66
0.218225 15
0.205481 1
0.499403 1
0.003289 1
0.028152 1
0.163509 1
0.269991 13
0.061641 1
0.090475 1
0.605567 15
0.314355 1
0.499452 1
0.002980 1
0.027834 1
0.656615 13
0.096875 9
0.190702 11
0.005192 66
0.300548 15
0.317701 1
0.115729 1
0.418092 1
0.236300 1
0.190308 13
0.074369 9
0.261864 11
0.005254 66
0.228108 15
0.245608 1
0.214433 1
0.199730 1
0.193884 1
0.218800 13
0.137930 9
0.149955 11
0.005137 66
3.483060 1
0.110072 1
0.273951 1
0.396111 1
0.165816 1
0.003261 4
0.250495 4
0.171934 4
0.499863 4
0.002630 4
0.156134 1
0.071755 1
0.299653 4
0.212623 1
0.271724 1
0.022753 1
0.341144 1
0.420297 4
0.069654 1
0.046048 1
3.038424 1
0.711822 1
1.001951 1
0.375670 1
1.862090 1
0.135821 1
0.848373 1
0.347782 1
0.189884 1
1.222234 1
0.098165 1
1.210501 1
0.441403 1
0.097600 4
0.840563 1
0.111708 5
0.230412 11
0.001996 66
0.521067 28
0.474301 1
0.501048 1
0.031296 1
0.031135 1
0.031961 1
0.030537 1
0.031268 1
0.030161 1
0.030499 1
0.029794 1
0.031786 1
0.030357 1
0.031742 1
0.034646 1
0.027717 1
0.030039 1
1.189947 1
0.304299 5
0.387495 3
0.654099 3
1.303942 3
0.286219 1
0.379501 3
0.506744 5
0.087561 3
0.565935 3
0.242074 3
2.019384 5
0.107013 5
0.456197 5
0.126671 3
0.500728 3
0.003130 3
0.029316 3
0.029882 3
0.330236 3
0.279808 5
0.546200 5
0.093595 11
0.001977 66
0.343606 31
0.754365 1
0.500187 1
0.002298 1
0.029075 1
0.030598 1
0.030969 1
0.031599 1
0.029522 1
0.031489 1
0.030743 1
0.175007 1
0.501720 1
0.031500 1
0.030171 1
0.031056 1
0.030348 1
0.030413 1
0.030833 1
0.029888 1
0.230441 1
0.204349 1
0.171474 1
0.228772 5
0.241060 3
0.609105 5
0.127620 3
0.273584 3
0.257910 3
3.414104 3
0.156563 5
0.441750 3
0.499829 3
0.002769 3
0.028789 3
0.170146 3
0.178143 3
0.244619 5
0.160332 5
0.299656 5
0.604635 3
0.499165 3
0.030760 3
0.031081 3
0.029848 3
0.030540 3
0.030674 3
0.030617 3
0.031189 3
0.297052 1
0.201744 1
0.160341 1
0.352139 5
0.578311 5
0.120323 11
0.002014 66
0.341148 27
0.291444 1
0.499985 1
0.003773 1
0.027686 1
0.030757 1
0.030958 1
0.029840 1
0.031090 1
0.030007 1
0.031046 1
0.031119 1
0.031467 1
0.030518 1
0.031195 1
0.030975 1
0.031266 1
0.031036 1
0.173741 1
0.645615 3
0.446794 5
0.257784 3
0.543764 3
1.914430 3
0.858156 5
0.088001 5
0.385882 5
0.389321 3
0.740400 3
0.265513 3
1.255463 5
0.142967 3
0.503249 3
0.029695 3
0.030399 3
0.030214 3
0.029792 3
0.030019 3
0.029881 3
0.250330 1
0.223504 1
0.155208 5
0.582414 5
4.090008 11
0.002153 66
0.807860 1
0.040950 1
0.111226 1
0.363609 1
0.507894 4
0.274148 1
0.415801 1
0.129581 1
1.294484 1
0.636279 4
0.234365 1
1.461717 1
0.061867 1
0.632090 1
0.167649 1
0.847993 1
0.378390 1
0.107611 1
0.060261 1
0.392122 11
0.007780 248
0.000812 66
93.417323 2
0.247691 2
0.024029 2
0.127991 2
0.230429 4
0.501038 4
0.002435 4
0.028364 4
0.029919 1
0.032324 1
0.028191 1
0.034044 1
0.525552 1
0.096053 1
0.012564 1
0.131203 1
1.864711 1
0.711417 1
0.124212 1
0.219613 1
0.928065 3
0.117976 3
0.060086 3
0.498215 3
0.111420 3
2.140224 3
0.080066 3
1.146113 3
0.094248 3
0.878217 3
0.225907 3
0.135687 3
0.587851 3
0.073976 3
0.142181 3
0.087936 3
1.039154 3
0.269516 1
0.437358 1
0.127764 1
0.654462 1
0.371691 1
0.220273 11
0.005514 10
0.000215 66
30.077055 1
0.003386 1
0.135298 1
0.226040 1
0.780324 1
0.076584 1
4.077811 1
0.031519 1
0.131822 1
0.398116 1
3.294180 1
0.380449 1
0.513758 4
0.264004 1
0.711773 1
0.282134 1
0.051969 1
0.499805 1
0.540013 4
0.270043 11
0.004886 66
0.270996 1
0.065430 15
0.358046 1
0.500652 1
0.000380 1
0.030341 1
0.031365 1
0.381468 3
0.146640 13
0.169914 9
0.302028 9
0.318034 11
0.004767 66
0.386776 16
0.101495 19
0.212097 1
0.256406 16
0.213621 1
0.192017 1
0.160664 1
0.174103 1
0.183656 13
0.115913 9
0.186687 11
0.005126 66
1.870524 1
0.200667 1
0.379319 1
0.087921 1
0.192056 1
0.148023 1
0.227883 4
0.158104 4
0.070218 1
0.039706 1
2.384368 1
0.099402 1
0.074335 1
2.302092 1
0.696131 1
0.082169 4
1.140650 1
0.130470 5
2.501202 11
0.001902 66
0.368855 20
0.491570 1
0.500841 1
0.030939 1
0.030116 1
0.031186 1
0.030102 1
0.030791 1
0.031139 1
0.029712 1
0.283758 1
0.178353 1
0.195261 1
5.128292 3
0.266470 5
0.195855 5
11.702765 5
3.165351 5
0.080496 5
0.473579 5
0.417807 5
0.114297 5
1.341471 3
0.209855 3
0.153658 3
0.160613 3
0.241378 3
0.070076 3
0.170197 3
0.288215 1
0.114145 5
0.532373 5
0.114027 5
0.396042 11
0.002063 66
0.451118 21
0.290008 1
0.500110 1
0.003463 1
0.027726 1
0.031028 1
0.029787 1
0.030609 1
0.029782 1
0.029843 1
0.030654 1
0.568937 1
0.200322 1
0.342452 5
0.152754 5
0.171038 5
0.864489 5
0.725742 5
0.064202 5
0.618320 3
0.499671 3
0.000443 3
0.029841 3
0.030212 3
0.030914 3
0.029834 3
0.243656 3
0.360188 1
0.137008 5
0.105319 5
2.536492 11
0.001994 66
0.848129 1
0.081680 1
0.130345 1
0.153607 1
0.084165 1
0.154315 1
1.939577 1
0.248836 4
0.812145 1
1.368994 1
0.215777 1
0.117841 1
0.184647 1
0.799962 1
0.790223 1
0.341805 1
0.085781 1
0.061983 1
0.860216 11
0.008678 65
0.000802 66
6.998374 20
0.905494 23
1.451782 20
2.342616 1
0.499550 1
0.000298 1
0.030913 1
0.030469 1
0.030088 1
0.031792 1
0.031564 1
0.030239 1
0.030256 1
0.031606 1
0.030599 1
0.031180 1
0.030068 1
0.030104 1
0.031101 1
0.030114 1
0.031079 1
0.031348 1
0.031004 1
0.029865 1
0.030872 1
0.030295 1
0.030015 1
0.030202 1
0.030357 1
0.030634 1
0.031193 1
0.029826 1
0.030702 1
0.030146 1
11.771521 3
15.731318 20
0.471586 1
0.499713 1
0.000432 1
0.030026 1
0.034370 1
0.028430 1
0.029385 1
0.030647 1
0.030484 1
0.324128 3
0.242326 3
0.166207 19
0.760842 15
0.829140 19
0.112247 15
0.148149 15
0.571516 11
0.007907 126
0.007052 66
6.042608 23
0.244060 1
0.499549 1
0.000440 1
0.030548 1
0.030254 1
0.379309 3
0.130337 13
0.476512 9
0.272972 1
0.499445 1
0.003146 1
0.028335 1
0.030102 1
0.030057 1
0.031472 1
0.029139 1
0.030467 1
0.030187 1
0.273407 3
0.308912 31
0.307408 3
0.144711 29
0.577981 25
0.263933 25
0.678429 11
0.009158 177
0.000820 66
21.870676 1
0.001531 1
0.929466 1
0.153794 1
4.528330 1
0.089853 1
1.306227 1
0.113918 1
0.221583 1
0.138933 1
4.533398 1
0.674126 4
0.657926 1
0.081698 1
0.266140 1
0.197851 1
0.221824 4
0.151998 4
0.187939 1
1.112324 1
0.178010 1
2.594800 1
0.089254 1
0.345780 4
0.280382 1
0.071752 1
0.185906 5
0.960370 11
0.005846 66
2.098243 1
0.059794 1
0.379871 1
0.267259 1
0.150343 1
0.298455 1
0.579905 1
0.812001 1
0.366530 1
0.361522 1
0.181694 1
1.129143 1
0.095086 1
0.161752 6
0.524411 11
0.001950 66
0.868043 1
0.112703 1
0.075012 1
0.190054 1
0.778214 1
0.091911 1
0.055943 1
0.340275 1
0.511821 1
0.160362 7
0.591854 11
0.008349 69
0.000932 66
14.283636 1
0.146681 1
0.076534 1
0.409665 1
0.085997 1
0.336458 1
0.279402 1
0.092073 1
0.455678 5
1.012513 1
0.251725 11
0.046847 2
3.705423 1
0.107765 1
0.254486 1
2.566461 1
1.069744 1
0.099578 1
0.073748 1
0.971044 1
0.661072 1
0.096505 1
0.245630 1
0.205704 1
0.104210 1
0.553820 1
0.798122 1
0.088127 1
0.377743 1
0.030020 1
0.219981 3
0.157909 3
0.142112 3
0.024287 1
0.091875 1
2.060651 1
0.082522 1
1.534814 1
0.146165 1
0.097963 1
0.363783 1
0.157100 1
0.384750 1
0.158104 1
1.426127 2
0.000052 2
1.275807 1
0.082400 1
0.245826 1
0.710002 1
0.051762 1
0.276006 1
1.506109 1
0.058022 1
0.093899 1
0.998303 1
0.043832 1
0.107778 1
0.297983 1
0.812196 1
0.356207 1
0.081677 1
0.076152 1
0.996540 2
0.004961 2
1.174603 1
0.070169 1
0.212225 1
0.307729 1
0.165849 1
0.239723 1
0.558402 1
0.063880 1
0.656178 1
0.203523 1
0.568076 3
0.236045 1
0.151800 1
0.284118 1
0.514531 2
0.004469 2
1.963256 1
0.058039 1
0.049654 1
0.288150 1
0.655887 1
0.099601 1
0.672646 1
0.081738 1
0.092474 1
1.213617 6
0.150134 3
0.773983 1
0.114232 1
1.425600 1
0.178352 1
0.183707 1
0.082027 1
0.348018 1
0.336182 1
0.357789 1
0.328115 3
0.181741 3
0.060233 1
0.094140 1
0.561816 3
0.332172 1
0.127498 1
1.584633 2
0.005719 59
0.000763 2
0.635810 1
0.075545 1
0.150902 1
0.211336 1
0.107464 1
0.382178 1
0.736062 1
1.516736 1
0.059316 1
0.291830 1
0.294600 1
0.323363 3
0.572226 1
0.169937 1
0.131634 1
1.140444 2
0.006161 55
0.001783 2
2.815915 1
0.490226 1
0.051817 1
0.569773 3
0.486065 1
0.096074 1
0.232363 2
0.006934 66
8.468926 1
0.267962 1
0.059990 1
0.323893 1
0.744591 11
0.000220 12
0.018218 28
0.002583 197
1.249325 7
1.526282 9
0.606216 14
0.662584 11
0.000052 40
0.000008 2
