0.041143 15
0.000021 2
0.000472 28
0.002238 43
0.000183 33
0.000102 25
0.000282 96
2.125164 1
0.082086 1
0.081702 1
1.595899 1
0.008408 1
0.313166 6
1.465718 1
0.100670 1
0.215998 7
1.749997 1
0.110459 3
2.142962 1
0.086933 1
0.157425 1
0.435679 1
0.152744 1
0.165897 1
0.514211 1
0.208575 1
0.217278 1
1.780048 1
0.317715 1
0.078426 1
0.423979 1
0.391688 1
0.316134 1
0.238136 1
0.217728 1
0.236063 1
0.498807 1
0.313327 1
0.156220 1
4.410154 11
0.000057 36
0.006071 28
0.002011 43
0.000126 58
0.000150 96
5.025153 43
1.347354 1
0.293899 1
0.296111 1
1.187107 1
3.066914 1
0.499308 1
0.003121 1
0.028526 1
0.031625 1
0.030882 1
0.030024 1
0.031388 1
0.029442 1
0.030102 1
0.031587 1
0.030643 1
0.291508 1
77.243947 29
0.118305 1
0.463397 1
0.320710 43
0.857500 1
0.500379 1
0.000403 1
0.030602 1
0.030402 1
0.029945 1
0.030810 1
0.030270 1
0.030006 1
0.030957 1
0.254256 3
0.164269 3
0.149501 3
0.172339 3
0.442169 3
0.312521 15
0.311318 3
0.148526 13
0.195972 13
0.295576 1
0.452047 3
0.240699 13
0.204867 1
0.403961 1
0.603163 1
0.254992 1
0.231828 1
1.608322 3
0.236550 21
0.263386 3
0.110480 19
0.500066 19
0.003103 19
0.028374 19
0.031484 19
0.030012 17
0.030724 19
0.030750 19
0.482056 11
0.000012 36
0.005297 28
0.002448 43
0.000139 33
0.000034 25
0.000129 96
3.772237 1
0.105017 1
0.586469 1
0.587712 1
0.072487 1
0.237856 1
0.101914 1
0.455785 1
0.238713 7
2.539192 1
0.153942 1
0.060107 1
0.242040 5
1.362043 1
0.151880 1
0.151936 7
1.118225 1
0.140125 3
1.230478 11
0.000078 36
0.008587 124
0.001075 28
0.002454 43
0.000127 58
0.000154 8
0.000008 88
8.935143 1
0.003580 1
0.100508 1
0.193806 1
0.380021 1
0.183836 1
0.378180 4
0.167932 4
0.043782 1
0.100112 1
1.166264 1
0.409746 4
0.170284 1
0.325741 1
0.174051 6
1.529916 1
0.178158 1
0.142171 7
1.019730 1
0.286034 3
1.213818 1
1.922099 1
0.602543 1
0.113411 1
1.330679 1
0.269581 1
0.107804 1
0.049851 1
0.342361 1
0.449977 1
0.359807 1
0.081964 1
0.516330 1
0.063887 1
0.191874 1
0.191845 1
0.436066 1
0.756490 1
0.829600 1
0.058056 1
0.489830 1
1.686621 11
0.000076 36
0.005902 69
0.000159 40
0.001293 28
0.002516 43
0.000091 58
0.000177 96
0.946432 1
0.070835 1
0.119797 1
0.412501 1
0.292054 1
0.195699 1
0.144321 1
1.335663 1
0.435930 1
0.088365 1
0.451820 1
0.182065 1
2.110429 4
0.499665 4
0.000288 4
0.031142 4
0.030872 4
0.029877 4
0.030685 4
0.030403 4
0.030384 4
0.030460 4
0.030120 4
0.030438 1
0.030964 1
0.030986 1
0.030488 1
0.030026 1
0.030891 1
0.030600 1
0.030303 1
0.030695 1
0.030851 1
0.030357 1
0.030099 1
0.030245 1
0.860040 47
0.341890 1
0.500988 1
0.000248 1
0.030585 1
0.030589 1
0.030494 1
0.030727 1
0.030851 1
0.204071 136
0.608606 1
0.248783 1
0.160284 72
3.598667 1
0.499648 1
0.002912 1
0.027109 1
0.030815 1
0.030271 1
0.029969 1
0.030152 1
0.029941 1
0.030317 1
0.030893 1
0.175123 1
0.222008 1
0.201980 1
0.228538 31
0.293507 91
0.521926 46
0.303873 1
0.499861 1
0.003952 1
0.027715 1
0.029508 1
0.029884 1
0.030372 1
0.030506 1
0.029674 1
0.030348 1
0.030434 1
0.030376 1
0.031461 1
0.029992 1
0.030924 1
0.030295 1
0.030311 1
0.251044 1
0.171741 1
0.268554 43
0.118000 39
0.307779 43
0.171145 43
0.238998 39
0.360636 2
0.000038 9
0.000046 36
0.006254 108
0.001464 28
0.002486 43
0.000147 58
0.000125 96
5.089820 1
0.050833 1
0.108611 1
3.023331 1
0.158890 7
0.679489 11
0.000078 36
0.006477 43
0.001111 28
0.002822 43
0.000166 58
0.000121 96
1.722421 11
0.627869 50
0.327991 1
0.500201 1
0.000113 1
0.031312 1
0.030680 1
0.030029 1
0.030367 1
0.032075 1
0.029962 1
0.030484 1
0.031436 1
0.030333 1
0.031207 1
0.030299 1
0.031451 1
0.029936 1
0.030996 1
0.030615 1
0.030124 1
0.031102 1
0.033061 1
0.027848 1
0.030458 1
0.030494 1
0.031646 1
0.031104 1
0.723507 1
0.553390 3
6.637634 28
0.000572 32
0.002974 43
0.000145 58
0.000132 96
16.758362 1
0.284085 11
0.502125 50
0.322455 1
0.492054 2
0.183278 8
0.162089 8
0.441781 4
0.160230 8
0.128311 8
0.147701 2
0.322030 4
0.686100 3
0.169960 3
0.168355 5
0.508044 5
8.012294 2
0.000030 9
0.000026 36
0.005530 28
0.002654 43
0.000107 33
0.000037 25
0.000105 96
2.299227 1
0.053892 1
0.152021 1
0.180582 1
0.175370 1
0.207991 1
0.136342 1
1.951777 1
0.450642 1
0.075649 18
2.090193 1
0.119484 1
0.096039 6
1.316029 1
0.196264 8
0.641659 1
0.081919 3
0.872482 11
0.000083 36
0.007859 118
0.000015 83
0.002001 28
0.002537 43
0.000122 58
0.000168 96
5.649178 1
0.039628 1
0.072031 1
0.255102 1
0.412649 1
0.094441 1
0.917846 1
0.057863 1
0.153449 6
0.886703 4
0.145632 1
0.862261 1
0.075982 1
0.137935 1
0.246552 1
0.635543 4
0.733705 1
0.765246 11
0.000100 36
0.005369 28
0.003241 197
1.886470 1
0.075995 1
0.259988 1
0.177614 1
0.166336 1
0.118260 1
0.735818 1
0.027017 1
0.325250 3
0.513985 11
0.000098 36
0.007087 83
0.000960 28
0.002473 43
0.000054 33
0.000013 25
0.000131 96
2.219131 1
0.093792 1
0.246394 1
0.987897 1
0.119673 1
0.100411 1
1.235796 1
0.082777 1
0.477112 3
0.224010 1
0.189920 1
0.163696 1
4.754777 1
0.421877 1
0.127591 4
0.930406 1
0.138057 2
0.306147 1
0.680988 1
0.136286 3
0.656628 11
0.000074 36
0.008183 224
0.001937 28
0.002947 43
0.000123 33
0.000098 25
0.000177 96
13.828286 1
0.107558 1
0.152470 1
0.632103 1
0.745634 1
0.075978 1
0.215064 19
17.183538 11
0.000086 36
0.261830 110
0.000032 65
0.000010 54
0.000009 59
0.000042 118
0.014855 30
0.000939 43
0.000113 33
0.000078 25
0.000139 96
1.276776 25
0.282359 1
0.499720 1
0.003799 1
0.027219 1
0.030775 1
0.031150 1
0.030634 1
0.030274 1
0.031269 1
0.029213 1
0.030702 1
0.030503 1
0.030421 1
0.030518 1
0.030202 1
0.030370 1
0.031099 1
0.031055 1
0.029712 1
0.031115 1
0.030207 1
0.030656 1
0.269469 5
0.304377 2
0.000062 9
0.000043 36
0.014065 72
0.000967 4095
0.000022 1211
35.583389 1
1.362224 1
2.124831 1
3.856443 1
0.507907 1
4.008100 2
1.471618 6
2.448282 2
0.343661 2
0.330235 2
0.253706 2
1.432035 2
1.676334 2
0.253699 2
3.911332 14
0.518844 16
0.573144 13
0.096831 13
0.960213 13
1.794019 21
2.231130 1
5.276986 1
3.043560 30
3.738770 1
0.081063 1
0.988626 21
0.000039 22
0.007463 28
0.000071 8
0.000010 54
0.001471 28
0.002167 43
0.000106 33
0.000170 121
7.654869 1
0.117961 1
0.467394 1
0.426143 1
0.125564 1
0.105798 1
0.715194 4
0.137416 4
0.130121 1
0.619286 1
0.041203 1
0.102061 3
1.059767 1
0.157714 3
1.283839 1
0.098132 1
0.171690 1
0.000036 6
0.846078 1
0.074512 3
0.353737 11
0.000077 36
0.004307 237
0.000532 28
0.002896 43
0.000156 58
0.000405 96
4.746663 1
0.094687 1
0.159829 1
1.010153 1
0.085910 1
0.095691 3
1.266525 1
1.354075 4
0.790647 1
1.625145 1
0.253919 8
0.674227 4
0.184497 4
0.153543 4
0.161909 4
0.138431 4
0.703595 1
0.181851 1
0.410317 1
0.362030 4
0.147722 1
0.212515 1
0.245379 4
0.117668 1
0.149758 1
0.360694 4
2.246093 4
0.197909 4
0.182848 4
0.211031 4
0.285995 4
0.232353 4
0.191717 4
0.160371 4
0.143505 4
0.499559 4
0.003264 4
0.028626 4
0.029702 1
0.030715 1
0.029708 1
0.029700 1
0.030108 1
0.030346 1
0.030119 1
0.029996 1
0.030235 1
0.030213 1
0.003261 1
0.038497 1
0.368037 1
0.830596 1
0.095836 1
0.123177 1
0.518903 1
0.087948 1
0.150705 3
0.303089 11
0.000072 36
0.007654 83
0.003365 28
0.000066 43
0.000109 33
0.000033 25
0.000251 8
0.000029 88
8.167516 10
0.624945 1
0.471962 4
0.206527 2
0.285153 1
0.774124 1
0.137523 3
0.536623 2
0.000041 9
0.000060 36
0.008467 132
0.001198 28
0.003260 197
79.263406 2
0.059528 2
0.194407 1
0.305653 4
0.253960 4
0.190622 4
0.077452 1
0.840403 1
0.071733 1
0.170274 1
0.703423 1
0.082107 1
0.215251 1
0.000040 2
1.086733 1
0.708019 4
0.463958 1
0.457543 1
0.928620 1
0.074153 1
0.310418 7
0.717084 1
0.402239 1
0.145110 3
12.317598 11
0.000022 36
0.004868 4095
0.000021 1286
9.814425 4
0.726329 1
0.541678 1
2.460343 6
0.170120 6
0.158122 6
0.119655 6
0.207912 6
0.133781 2
1.255934 6
0.512109 2
2.220426 7
0.615544 7
0.319998 14
0.404486 96
3.487692 97
1.187893 13
9.573076 13
0.906873 98
1.190091 21
0.501951 165
0.482083 49
0.000212 101
0.523890 39
0.000016 106
1.858178 7
1.740037 1
0.449804 1
1.503904 4
1.317721 7
0.506005 7
0.268290 7
0.375095 7
0.292519 6
1.504765 14
0.371493 13
0.227734 13
0.125754 13
0.542442 13
0.456220 13
0.159593 13
23.875408 464
0.021110 437
2.540144 21
0.117556 51
0.000077 219
0.280235 155
0.180648 268
0.167093 59
0.000049 96
0.160397 268
0.192777 155
0.161064 49
0.000028 219
0.235798 59
0.000055 96
0.251889 49
0.000125 219
0.162268 59
0.000114 96
0.255466 49
0.000173 219
0.561850 59
0.000124 96
0.182514 49
0.000091 219
0.079359 155
0.499571 49
0.000041 219
0.004255 59
0.000017 96
0.029221 49
0.000018 207
0.000090 12
0.029924 155
0.030034 49
0.000051 219
0.030272 59
0.000011 96
0.030547 49
0.000106 219
0.030566 155
0.030512 49
0.000051 219
0.030780 155
0.030865 49
0.000058 219
0.030375 59
0.000048 96
0.031629 49
0.000131 219
0.030458 59
0.000024 96
10.071911 61
0.236291 12
0.167970 12
0.188203 13
1.334179 14
0.795688 15
9.520746 15
0.113966 15
1.059155 15
1.171101 21
1.013842 180
0.653703 167
0.439480 170
0.344305 170
0.339598 170
0.344236 170
0.359800 170
0.375956 170
0.376232 170
0.406006 170
0.520089 170
0.540176 170
3.029836 23
2.426354 1
0.074410 1
1.171530 1
0.000061 38
1.818374 28
0.000076 62
0.000980 28
0.002594 43
0.000060 33
0.000166 121
5.129452 1
0.189637 1
0.521415 1
0.005995 22
0.388560 1
0.363407 3
0.262635 8
0.202550 5
0.411586 5
0.142094 5
0.155892 5
0.153969 1
0.680066 5
0.139945 5
0.012384 5
0.147560 5
0.242152 5
0.428033 5
0.147876 5
0.132016 5
0.214174 2
0.000052 9
0.000042 36
0.003839 241
0.001053 28
0.002281 43
0.000166 58
0.000188 96
61.309738 1
0.146505 1
0.173902 1
4.754582 1
0.079572 1
0.522615 4
0.191281 4
0.775958 1
0.070048 1
2.864774 1
2.514701 1
1.136805 1
0.048083 1
0.349937 1
0.111104 1
0.375181 1
0.344894 1
0.030474 4
0.508211 1
0.121021 1
0.290983 4
0.399865 4
0.241919 1
0.910185 1
0.027822 1
2.152052 1
0.602826 1
0.089923 1
0.143135 1
0.540116 4
1.298092 1
1.470141 1
0.075485 1
0.156231 1
0.206378 2
0.925768 1
0.146409 3
1.912166 1
0.411569 1
0.316173 1
0.606856 1
0.370669 1
0.072461 1
0.125535 1
0.452012 1
1.614836 1
0.058040 1
0.431219 1
0.552328 1
0.446055 1
1.441862 1
0.519772 1
0.184045 1
0.245953 1
0.075838 1
0.218427 1
0.570332 1
0.409534 4
0.141724 1
0.180178 1
0.156055 1
1.120191 11
0.000084 36
0.012579 35
0.000031 63
0.003244 28
0.002872 197
4.281448 1
0.121639 1
0.121808 1
0.762070 1
0.180094 1
0.171961 1
0.214120 2
0.832116 1
0.287373 3
2.150802 1
0.087143 7
1.948891 1
0.089543 1
0.703822 1
0.266295 1
0.467886 1
0.888702 1
0.103615 1
0.354004 1
1.571674 1
0.762129 1
0.083443 1
0.088373 1
2.322233 11
0.000079 36
0.006532 28
0.003650 43
0.000184 33
0.000112 25
0.000157 96
2.536498 31
0.529912 3
0.330577 1
0.236163 1
0.175490 1
0.222043 1
0.241993 1
1.280639 21
0.165827 21
0.168125 21
0.466729 21
0.281186 17
0.160114 17
0.260275 17
0.219867 17
0.255096 1
0.500457 1
0.004022 1
0.027703 1
0.029737 1
0.031883 1
0.029723 1
0.030473 1
0.031077 1
0.030815 1
0.031039 1
0.030144 1
0.031442 1
0.030184 1
0.029966 1
0.031265 1
0.028969 1
0.030254 1
0.030120 1
0.228973 1
0.223975 1
0.924464 9
0.112001 5
0.439998 5
0.102269 9
2.156249 11
0.000061 36
0.006489 28
0.002594 43
0.000141 58
0.000150 96
1.274543 1
0.043933 1
0.063335 1
0.318046 1
0.212064 1
0.288051 1
0.203936 1
0.792463 1
0.095615 1
0.468535 4
0.278105 1
0.074478 4
1.324946 1
0.342599 8
1.545362 1
0.115152 1
0.132696 11
1.610041 1
0.097367 1
0.167170 1
0.000114 2
0.877347 1
0.158226 3
1.904577 1
0.087840 7
0.683819 11
0.000101 36
0.007938 236
0.001266 28
0.002482 43
0.000121 33
0.000040 25
0.004534 96
6.147169 1
0.053865 1
0.122138 1
1.042029 1
0.128129 1
0.173730 1
0.212328 2
0.630424 1
0.109351 16
1.420185 11
0.000086 36
0.002169 28
0.002725 43
0.000109 58
0.000259 96
0.750672 1
0.139886 1
0.083958 1
0.354006 1
0.175807 1
0.350275 6
0.982175 11
0.000111 36
0.002180 28
0.002870 197
0.608928 1
0.207607 1
0.222122 1
0.941750 1
0.087508 12
0.994715 11
0.000075 36
0.002301 28
0.002440 43
0.000170 58
0.000158 96
2.451368 1
0.465372 1
0.280004 1
0.354028 1
0.303920 1
0.142676 18
1.187688 11
0.000116 36
0.002466 28
0.002445 43
0.000345 58
0.000157 96
1.090131 1
0.413916 1
0.074267 1
0.323925 1
0.159880 1
0.090787 11
2.805678 11
0.000069 36
0.002077 28
0.002414 43
0.000174 58
0.000184 96
1.256582 1
0.176966 1
0.104620 1
0.284791 1
0.101608 1
0.154710 1
0.000016 2
0.919644 11
0.000079 36
0.002125 28
0.002558 43
0.000248 58
0.000111 8
0.000013 88
1.044690 1
0.041182 1
0.174755 1
0.234298 1
0.355814 1
0.216333 1
0.141370 1
1.660340 1
0.200433 1
0.145778 6
0.587802 11
0.000074 36
0.007577 376
0.001003 28
0.004773 43
0.000176 33
0.000081 25
0.000134 96
4.722958 1
0.435260 1
0.154039 1
0.591834 1
0.162078 11
0.000057 42
