0.043104 17
0.000584 28
0.002082 43
0.000154 58
0.000297 96
2.657878 1
0.093544 1
0.406252 1
0.568108 1
0.099750 1
0.042495 1
1.481357 1
0.148367 1
0.337617 1
0.222201 1
0.575477 1
0.078506 1
0.211977 1
0.417986 11
0.000035 36
0.004768 5
0.000131 24
0.001037 28
0.001926 43
0.000105 58
0.000164 96
3.943821 1
0.061903 1
0.208142 1
0.735990 1
0.086752 1
0.119161 10
3.172350 1
0.023808 1
0.192467 6
0.747550 11
0.000059 36
0.004894 28
0.003090 43
0.000288 58
0.000146 96
1.937827 1
0.061898 1
0.149460 1
0.416200 1
0.124150 1
0.138106 1
0.846004 1
0.144229 1
0.201364 6
0.282236 11
0.000122 36
0.007953 62
0.001129 28
0.002378 43
0.000068 58
0.000125 96
7.854078 1
0.068132 1
0.134048 1
0.692046 4
0.174126 4
0.436109 1
0.107993 1
1.091689 1
0.102094 1
0.126964 10
1.914926 1
0.224531 1
0.085309 6
2.338478 1
1.039962 1
0.078075 1
4.041862 1
0.172511 1
0.837346 1
0.243887 1
0.254228 1
0.259914 11
0.000082 36
0.002961 28
0.003237 43
0.000134 33
0.000039 25
0.000116 8
0.000013 88
1.265063 31
0.257946 107
0.638448 11
0.000074 36
0.008324 62
0.001748 28
0.002585 43
0.000130 33
0.000063 25
0.000103 96
0.476238 14
0.218075 45
0.372367 107
0.295665 1
0.387741 1
0.499601 1
0.002523 1
0.028957 1
0.030996 1
0.031061 1
0.149230 1
0.198192 1
0.189677 1
0.434204 3
0.200546 19
0.473812 2
0.000012 9
0.000090 36
0.008752 232
0.001112 28
0.002503 43
0.000059 33
0.000031 25
0.000135 8
0.000009 88
14.159556 1
0.503724 4
0.233936 1
2.440288 1
0.099872 1
0.083661 1
0.334834 1
0.129445 1
0.262218 10
1.097781 1
0.120287 1
0.317354 10
0.588392 4
0.179908 4
0.178263 4
0.203882 4
0.805807 1
0.147971 1
0.510494 1
0.671791 11
0.000106 36
0.002790 28
0.003369 43
0.000101 33
0.000076 25
0.000119 96
1.378650 1
0.064516 1
0.112220 1
0.343920 1
0.105969 1
0.199792 11
0.000084 36
0.008269 496
0.001245 28
0.002245 43
0.000110 33
0.000044 25
0.000119 96
7.346171 1
0.002511 1
1.595504 1
0.690062 1
0.090012 1
0.168154 10
1.255969 1
0.079536 1
0.145954 6
0.606662 11
0.000044 36
0.003018 28
0.002196 43
0.000136 33
0.000041 25
0.000135 8
0.000013 88
1.223859 1
0.110004 1
0.342486 1
0.612576 1
0.104951 1
0.150345 1
0.140795 1
0.117196 1
0.161439 6
0.310429 11
0.000079 36
0.007354 132
0.000994 28
0.002119 43
0.000134 58
0.000111 8
0.000011 88
8.181798 1
0.001851 1
0.032228 1
0.185025 1
0.187880 1
0.168309 1
0.115957 1
1.098138 1
0.235859 1
0.079986 1
0.222333 1
0.363798 1
0.937917 1
0.246126 1
0.113999 1
0.754307 11
0.000069 36
0.007920 334
0.001188 28
0.003071 43
0.000258 58
0.000111 96
3.885147 1
0.287883 1
0.109961 1
0.492121 1
0.175882 11
0.000107 42
