0.025624 17
0.000235 28
0.001193 43
0.000068 58
0.000218 8
0.000038 88
1.175692 1
0.077452 1
0.804157 1
0.073915 1
0.242180 1
0.769815 1
0.506095 1
0.417949 1
0.226173 1
0.351795 1
0.794044 1
0.112244 1
0.351620 1
1.514063 11
0.000050 36
0.002939 28
0.001201 197
1.099908 1
0.040518 1
0.287264 1
0.376093 1
0.075982 1
0.392028 11
0.000043 36
0.005515 366
0.000163 28
0.001307 43
0.000035 33
0.000015 25
0.000071 96
11.016899 1
0.055940 1
0.108372 1
0.269435 1
1.556189 1
0.129662 1
0.526329 4
0.155684 1
0.176180 1
0.504267 11
0.000048 36
0.005936 503
0.000018 88
38.732446 1
0.015805 1
0.125831 1
0.325776 1
0.215822 1
0.095943 1
0.166086 1
1.618411 11
0.000032 36
0.005746 617
0.000137 28
0.001407 43
0.000019 33
0.000024 25
0.000102 96
10.422649 1
0.217887 1
0.187677 1
0.192085 1
0.248041 11
0.000047 42
