0.025249 17
0.000019 28
0.001210 43
0.000051 33
0.000007 25
0.000176 8
0.000007 88
3.750446 1
0.055663 1
0.090035 1
0.115485 1
0.618504 4
0.223529 1
0.116474 1
0.125522 1
0.504474 1
0.037932 1
0.928078 1
0.061945 1
0.263623 1
0.203937 1
0.257993 1
0.332462 1
0.437659 1
0.139927 1
0.054419 1
0.929990 11
0.000038 36
0.002854 28
0.001278 197
2.433818 1
0.046645 1
0.151011 1
2.124435 1
0.114240 1
0.208487 10
1.105224 11
0.000053 36
0.002160 72
0.000290 63
0.000253 928
0.000074 104
4.225378 2047
0.000051 2047
0.000019 2366
3.124063 14
3.109731 20
0.437587 20
0.234515 20
0.949952 20
0.557939 20
1.254075 27
0.643576 20
0.327854 20
0.304589 20
0.135890 20
0.311935 20
0.407964 20
0.838382 27
0.963566 20
0.472218 20
0.253976 20
0.161512 20
0.105977 20
0.786547 20
0.289635 20
0.494316 27
1.963968 20
0.219610 20
0.175977 20
0.162017 20
0.680514 20
0.097677 20
0.074500 20
0.459818 27
0.767900 20
0.230077 20
1.020174 20
0.135285 20
0.200161 20
0.102405 20
0.492049 27
0.599467 20
0.262037 20
0.122443 20
0.259860 20
0.030118 20
0.337571 27
0.898439 27
0.397929 27
0.331735 29
1.102198 21
0.257677 21
0.202082 21
0.266473 21
0.261812 21
0.062134 21
0.293564 21
0.168488 21
0.651932 29
0.506513 21
0.251123 21
0.854439 21
0.143431 21
0.139961 21
0.256334 21
0.147741 21
0.226558 21
0.471923 22
0.143503 22
0.372528 29
1.350002 21
0.373651 21
0.226406 21
0.137432 21
0.120497 21
0.766102 29
0.633609 21
0.249800 21
0.164092 21
0.002748 21
0.675613 21
0.412084 29
1.523576 21
0.089901 21
0.374492 21
0.235600 21
0.223874 21
0.332427 21
0.514063 29
1.851979 21
0.181536 21
0.078492 21
0.213561 21
0.100445 21
0.255724 21
0.155811 21
0.184043 21
0.206021 22
0.544370 29
1.356089 21
0.215527 21
0.105884 21
0.108067 21
0.222299 21
0.042210 21
0.123426 21
0.152227 21
1.658782 22
0.131055 22
0.340131 29
1.662231 21
0.243639 21
0.236190 21
0.152259 21
0.125501 13
0.502405 29
0.598120 21
0.185582 21
0.142436 21
0.978061 21
0.439627 21
48.900703 21
9.819868 20
5.562018 1
0.913954 1
3.155844 1
0.732210 1
0.000011 20
0.000007 13
0.002855 28
0.000065 62
0.000871 28
0.001305 43
0.000055 58
0.000126 96
4.298644 1
0.072023 1
0.580010 1
0.073980 1
0.212131 1
0.045895 1
0.232523 10
0.199078 11
0.000036 36
0.002422 233
0.000450 28
0.002651 197
3.652962 1
0.071862 1
0.245973 1
0.066034 1
0.724453 1
0.122438 11
0.357125 11
0.000066 36
0.002440 233
0.001528 28
0.001613 43
0.000103 58
0.000329 96
7.337901 1
0.001524 1
0.224202 1
3.314384 1
0.931942 1
0.242190 1
0.081476 1
0.498246 1
0.044125 1
0.190852 10
0.276838 11
0.000072 36
0.002404 359
0.000527 28
0.002062 197
3.833239 1
0.189598 1
0.720407 1
0.149991 4
0.153702 4
0.194058 4
0.345846 1
0.952398 1
0.107996 1
0.131753 1
0.550267 1
0.069987 1
0.121454 10
0.320467 11
0.000052 36
0.002545 359
0.000474 28
0.001233 43
0.000040 33
0.000029 25
0.000048 8
0.000031 88
20.055777 1
0.001497 1
0.276220 1
0.057291 1
0.780956 1
0.080146 1
0.097549 1
0.762512 1
0.631866 1
0.087052 11
0.504822 11
0.000048 36
0.002300 229
0.000449 28
0.002162 197
14.447460 1
0.441723 1
0.095931 1
0.411931 1
1.550132 1
0.179873 1
0.323512 1
2.305705 3
3.236791 3
1.352096 3
2.663371 3
0.080893 3
0.403088 3
0.364653 1
0.471957 1
0.048049 1
0.228805 10
0.827201 2
0.000006 9
0.000078 36
0.001351 227
0.000901 28
0.001367 43
0.000125 58
0.000140 96
37.838251 1
0.137663 1
0.106307 1
0.515908 1
0.265842 1
1.778214 1
0.028009 1
1.062133 1
0.329596 1
0.195154 11
0.617143 11
0.000036 36
0.002565 86
0.000488 28
0.001942 197
16.509369 1
0.001670 1
0.173627 1
0.164061 1
0.814358 1
1.290028 1
0.121955 1
0.115589 1
1.034358 1
0.097664 11
0.215948 11
0.000050 36
0.002635 91
0.000442 28
0.001731 197
4.617705 1
0.201971 1
0.163538 1
0.328144 1
0.407973 1
0.203958 1
0.076276 1
0.330941 10
0.485202 2
0.000015 9
0.000041 36
0.002700 233
0.000471 28
0.001480 197
1.393221 1
0.215643 1
0.171976 1
1.182430 1
0.255694 1
0.238138 1
0.778086 1
0.072071 1
0.087651 1
0.217991 1
0.080323 1
0.214728 10
0.136845 11
0.000054 36
0.002616 233
0.002325 225
5.161732 1
0.203373 1
0.676483 1
0.103501 1
0.444206 11
0.000058 42
