0.040590 17
0.000559 28
0.001988 27
0.000082 17
0.000054 25
0.000240 8
0.000047 56
2.305847 1
0.101751 1
0.260174 1
0.111432 1
0.416665 4
0.608364 1
0.049376 1
0.365993 1
0.094227 1
0.334345 11
0.000080 36
0.008049 31
1.407527 2
0.555914 38
0.586613 1
0.113659 1
0.209862 1
0.764255 1
0.877748 1
0.128851 3
1.664082 1
0.127782 1
1.035390 1
2.299896 1
0.239937 1
0.079951 1
0.292162 1
0.170103 1
0.315764 1
0.151979 1
0.798264 1
0.116071 11
0.000400 84
0.000061 38
0.626744 18
0.907178 4
0.461476 4
0.499406 4
0.002221 4
0.032034 4
0.027114 4
0.030070 4
0.030478 4
0.029938 4
0.030530 4
0.030123 4
0.030313 4
0.030639 4
0.030118 4
0.030227 4
0.030283 4
0.030045 4
0.030888 4
0.029960 1
0.170877 4
0.295457 1
0.706470 25
0.394207 1
0.499983 1
0.000164 1
0.030354 1
0.029818 1
0.030478 1
0.029825 1
0.030640 1
0.030275 1
0.030088 1
0.030082 1
0.029976 1
0.029984 1
0.030210 1
0.030227 1
0.029980 1
0.030133 1
0.030544 1
0.030908 1
0.030386 1
0.030557 1
0.030558 1
0.031772 1
0.030263 1
0.030435 1
0.029573 1
0.030609 1
0.030166 1
0.030302 1
0.030871 1
30.055107 7
0.774417 7
0.882722 4
0.340645 26
1.095104 4
0.499657 4
0.000181 4
0.030795 4
0.030037 4
0.031693 4
0.031773 4
0.030895 4
0.030606 4
0.030243 4
0.030670 4
0.030232 4
0.030645 4
0.029945 4
0.030506 4
0.029988 4
0.030367 4
0.030349 4
0.029910 4
0.030174 4
0.029905 4
0.030200 4
0.030404 1
0.031110 1
0.031161 1
0.031060 1
0.029680 1
0.030612 1
0.031596 1
0.030327 1
0.031110 1
0.030969 1
0.030400 1
0.031193 1
0.030603 1
0.030585 1
0.030447 1
0.030762 1
0.030103 1
0.029759 1
0.030295 1
0.029946 1
0.030008 1
0.030503 1
0.030143 1
0.029753 1
0.030613 1
0.030617 1
0.030360 1
0.029797 1
0.830872 1
0.118515 1
0.087031 1
0.215983 1
0.126086 1
0.102150 1
0.998020 4
0.146063 4
0.110058 4
0.773874 1
0.269942 1
0.100181 1
1.852503 1
2.269831 1
0.415705 1
0.134939 2
1.372937 1
0.069701 1
0.262504 1
0.159797 1
0.071951 1
0.227907 1
0.330245 1
0.211715 1
0.084250 1
0.590529 1
0.561719 11
0.005452 38
1.379845 21
0.189811 43
0.329914 4
0.336349 26
0.436076 47
0.501138 7
0.002420 21
0.028493 43
0.029937 1
0.030576 1
0.030681 1
0.031594 1
0.031190 1
0.030182 1
0.032511 1
0.030850 1
0.030702 1
0.030198 1
0.031847 1
0.196292 1
0.100020 1
0.157291 1
2.722330 1
0.265929 1
0.336137 1
0.129412 2
0.916585 1
0.407708 4
0.170626 1
0.073616 10
0.756164 11
0.000173 8
0.000046 58
2.757640 1
0.087851 1
0.125851 1
0.157945 1
0.138157 1
0.136720 1
0.395825 1
0.345546 4
0.103438 1
0.124743 1
0.184502 1
0.597882 1
0.285488 1
0.075939 1
0.251826 1
0.298138 1
0.136505 1
0.253929 1
0.083783 1
1.328115 11
0.251009 569
0.014821 66
0.349935 1
0.019841 1
0.108167 1
0.203732 1
0.102505 1
0.318053 1
0.090252 1
1.809076 1
0.370733 1
0.477969 1
0.065926 1
0.360040 1
1.115955 1
0.055804 1
1.234508 1
0.233205 1
1.444610 1
0.113186 1
3.490588 1
1.049159 34
1.114669 1
0.499645 1
0.000453 1
0.030613 1
0.031518 1
0.031054 1
0.030670 1
0.030815 1
0.031150 1
0.030451 1
0.030603 1
0.290878 1
0.170296 1
0.203428 1
0.494082 3
0.140038 5
0.634914 5
0.359698 11
0.005096 66
1.939918 17
0.586213 20
1.236751 1
0.055775 1
0.238307 4
0.143411 4
0.180077 1
0.003881 1
0.076789 1
0.447480 4
0.162226 4
0.141539 4
0.148034 1
0.134688 1
0.119172 1
0.346691 1
0.139143 1
0.150524 1
0.369850 4
0.336288 1
0.022161 1
0.107864 1
1.389818 1
0.610244 1
0.115531 1
0.178070 1
0.013960 1
0.284227 1
0.482041 4
0.127798 4
0.143885 4
0.136189 4
0.708427 1
0.081208 1
0.088459 1
7.732694 1
0.103653 1
0.641716 1
0.188005 1
0.528089 1
0.258524 4
0.187345 4
0.056325 1
0.033186 1
0.230110 9
1.528503 1
0.068225 1
0.895868 1
0.133738 1
0.076194 1
0.275796 1
0.179806 1
0.962430 1
0.053975 1
0.091901 1
0.790356 11
0.011426 66
12.642570 1
0.116269 1
0.252352 1
0.287032 1
0.079937 1
0.141744 1
0.175987 1
0.180127 1
1.312884 1
0.075660 1
0.152204 1
1.851746 1
0.496159 1
0.924157 1
0.515534 1
0.672082 4
0.513667 1
0.153861 1
0.360109 4
0.258399 1
0.083687 1
0.100085 1
0.155753 1
0.156448 1
0.576077 1
1.550051 1
0.099949 1
0.171583 1
1.194489 1
0.081504 11
1.049060 1
0.106868 9
0.414532 11
0.002340 66
2.226703 46
0.347777 1
0.501401 1
0.000284 1
0.030130 1
0.031491 1
0.031385 1
0.029640 1
0.030555 1
0.030916 1
0.030068 1
0.031539 1
0.029888 1
0.030819 1
0.030295 1
0.030389 1
0.030812 1
0.030066 1
0.030665 1
0.031206 1
0.029862 1
0.030639 1
0.030132 1
0.030165 1
0.342513 5
0.286396 5
0.209716 5
0.192470 5
0.263639 5
0.231581 5
0.199983 5
0.188054 5
0.168071 5
0.148436 5
0.140097 5
0.147607 5
0.159862 5
0.150504 5
0.182077 5
0.469984 5
1.158562 11
0.002185 174
0.000163 66
0.873999 1
0.389641 30
0.556277 1
0.499701 1
0.030896 1
0.030199 1
0.030050 1
0.030249 1
0.030756 1
0.029919 1
0.030464 1
0.030655 1
0.030199 1
0.031721 1
0.030266 1
0.031098 1
0.031765 1
0.030471 1
0.030252 1
0.030474 1
9.539594 1
0.500089 1
0.030947 1
0.031247 1
0.030275 1
0.030140 1
0.031063 1
0.030129 1
0.031130 1
0.031867 1
0.030070 1
0.174063 3
0.569652 3
0.556855 1
0.277646 1
0.484981 5
0.269892 5
0.064211 11
0.001932 31
0.000225 30
0.000099 66
0.000352 66
6.777185 1
0.054434 1
0.099244 1
0.880813 1
0.133459 1
0.917989 1
0.407966 1
0.407856 1
0.230141 4
0.110039 1
0.081591 6
0.616441 11
0.097383 70
3.324667 1
0.103858 1
0.135891 1
1.091363 1
0.175395 1
0.151373 3
0.402932 1
0.439019 4
0.200288 1
0.080342 10
0.382021 1
0.359324 4
0.270104 1
0.102889 11
0.701098 1
0.069566 9
0.718667 11
0.004487 72
0.000673 77
0.000234 23
0.000500 1976
0.000058 1372
3.446522 14
0.634374 36
2.163332 29
0.594589 29
0.497537 21
0.399685 96
1.938742 14
2.211189 36
0.100273 36
0.164796 36
0.156725 36
0.070334 36
0.131523 36
0.156286 36
0.095417 36
0.100791 30
0.215481 38
0.210177 38
0.170153 38
0.119535 38
0.092430 38
0.125791 38
0.592451 38
0.093397 38
0.106683 38
0.998014 77
1.198214 20
0.431241 2
0.385745 2
2.062988 55
1.223139 20
0.081185 20
0.155682 20
0.109017 20
0.080474 20
0.111592 20
2.242944 21
0.771925 104
1.322890 6
1.587395 55
1.829585 20
0.153868 20
0.081589 20
0.118388 20
0.062903 20
0.095094 20
0.129537 20
0.084672 20
0.123296 13
0.288359 21
0.192025 21
0.123625 21
0.075922 21
0.182403 21
0.062480 21
0.145670 21
0.093932 21
0.100535 21
3.082360 21
0.844907 20
1.090038 1
0.078193 1
0.258213 60
0.005527 93
0.001207 70
6.355686 1
0.005418 1
0.063389 1
1.893510 1
0.550997 1
0.145624 3
0.808765 1
0.263703 4
0.174105 1
0.285626 3
1.158482 1
0.257539 4
0.162016 4
0.064514 1
0.475943 1
0.097720 1
0.687896 1
0.546405 1
0.095856 1
0.143518 4
0.172313 4
0.035846 1
0.070250 1
0.269665 4
0.308023 1
0.198172 1
0.104178 1
1.363771 1
0.548007 1
0.076011 1
0.294095 1
0.390207 1
0.235565 1
0.826668 1
0.091585 1
1.514620 1
0.435716 1
0.137364 1
0.062430 1
0.099386 1
0.840383 1
0.181699 1
0.624332 4
0.554189 1
0.451713 1
0.121751 1
0.042620 1
1.226882 11
0.001638 85
0.000780 70
1.281375 34
0.325981 1
0.499708 1
0.002634 1
0.029731 1
0.031591 1
0.031136 1
0.031038 1
0.030662 1
0.029676 1
0.030652 1
0.030979 1
0.030018 1
0.032245 1
0.030794 1
0.031071 1
0.030775 1
0.031394 1
1.421095 35
1.206654 11
0.002344 86
0.000455 70
1.714295 1
0.078865 1
0.129039 1
0.718300 1
0.405859 1
0.152681 1
0.635507 1
0.411734 4
0.645991 4
0.170242 4
0.978176 1
0.081406 1
0.186180 1
0.805991 4
0.252561 4
0.197256 4
0.818516 1
0.861006 1
0.095184 1
0.140200 2
0.924545 1
0.070916 10
0.240322 11
0.000228 98
0.364675 19
0.145763 54
2.343486 11
0.001628 66
0.000598 98
80.429729 1
0.228056 1
0.091814 1
0.178054 1
0.366324 11
0.000236 12
0.012224 66
2.682020 1
0.013197 1
0.067747 1
0.672271 1
0.119182 1
0.640453 4
0.486432 1
0.487786 1
0.147595 3
1.044305 1
0.091936 3
0.268084 1
0.822130 1
0.936093 1
0.111946 1
0.313807 10
0.657679 1
0.499859 1
0.000476 1
0.030042 1
0.030160 1
0.030295 1
0.030150 1
0.030319 1
0.030547 1
0.029770 1
0.030601 1
0.031048 1
0.265066 25
0.136568 1
0.420781 3
0.500431 3
0.030904 3
0.030702 3
0.031825 3
0.029959 3
0.030110 3
0.030991 3
0.030392 3
0.031421 3
0.030162 3
0.029925 3
0.030360 1
0.029918 1
0.030263 1
0.030279 1
0.030151 1
0.030128 1
0.030518 1
0.030158 1
0.030255 1
0.030258 1
0.030107 1
0.030223 1
0.029745 1
0.635432 1
0.932006 9
0.719387 1
0.499553 1
0.002441 1
0.029525 1
0.029369 1
0.307622 5
0.092446 5
0.601727 11
0.010428 66
2.369640 1
0.077635 1
0.170244 1
0.537836 1
0.069874 1
0.222000 3
2.906479 1
0.119597 11
1.098550 1
0.164338 4
0.961375 1
0.205417 5
1.508769 1
0.135651 1
0.454176 1
0.215821 1
0.340084 1
0.208652 5
0.823397 4
0.500282 4
0.003507 4
0.028309 4
0.030769 4
0.030481 4
0.030200 4
0.832783 1
0.115823 1
0.148852 1
0.775043 1
0.050946 1
0.496844 1
0.237543 3
2.110771 1
0.147948 1
0.808320 1
0.037746 1
0.263980 1
0.241685 1
0.418133 1
0.511922 4
0.162129 1
0.264195 1
0.219940 1
0.091031 1
0.160763 1
0.495954 4
0.414562 1
0.117744 1
0.321903 1
1.057993 1
0.067273 11
0.997094 1
0.111981 4
0.583365 1
0.131329 5
0.312986 11
0.002280 174
0.000472 66
1.174752 75
0.311504 1
0.500616 1
0.003082 1
0.028847 1
0.031381 1
0.030375 1
0.030412 1
0.030644 1
0.029617 1
0.030550 1
0.031598 1
0.031394 1
0.030324 1
0.031173 1
0.030350 1
0.030113 1
0.031350 1
0.030336 1
0.030995 1
0.031044 1
0.031674 1
0.030403 1
0.029996 1
0.031013 1
0.030547 1
0.031922 1
0.031199 1
0.031293 1
0.031107 1
0.030354 1
0.029795 1
0.030287 1
0.031092 1
0.030616 1
0.031659 1
0.030118 1
0.030870 1
0.030419 1
0.030680 1
0.031793 1
0.030968 1
0.030889 1
0.031727 1
0.030841 1
0.030873 1
0.030999 1
0.031123 1
0.031358 1
0.030859 1
0.030468 1
0.029963 1
0.030506 1
9.659555 30
0.000132 66
12.464006 11
0.000093 19
0.000091 66
9.551899 1
0.394342 75
0.379199 85
0.559411 75
2.712491 1
0.500821 1
0.000549 1
0.031019 1
0.030770 1
0.029784 1
0.032044 1
0.029007 1
0.035456 1
0.026169 1
0.028713 1
0.030229 1
0.036662 1
0.026566 1
0.030297 1
0.036062 1
0.023708 1
0.030446 1
0.030633 1
0.030499 1
0.030332 1
0.030990 1
0.029724 1
0.034948 1
0.029319 1
0.030937 1
0.030007 1
0.030940 1
0.029748 1
0.030718 1
0.029994 1
0.031005 1
0.621296 5
0.030767 5
0.284141 5
0.093883 5
0.474298 11
0.004133 66
10.619336 75
0.916520 4
0.499881 4
0.030059 4
0.030556 4
0.031282 4
0.029778 4
0.030905 4
0.029882 4
0.031355 4
0.031267 4
0.031581 4
0.030473 4
0.030690 4
0.030965 4
0.030680 4
0.031091 4
0.030124 4
0.030880 4
0.030534 4
0.030479 4
0.031000 4
0.030323 4
0.031211 4
0.030766 4
0.030758 4
0.031133 4
0.032263 4
0.030359 4
0.031183 4
0.030465 4
0.030331 4
0.030505 4
0.031574 4
0.031629 4
0.030195 4
0.030379 4
0.030456 4
0.031433 4
0.030658 4
0.030339 4
0.030101 4
0.030759 4
0.029877 4
0.030359 4
0.030375 4
0.030552 4
0.030974 4
0.029923 4
0.031442 4
0.029727 4
0.031246 4
0.031151 4
0.925995 2
0.260697 1
0.324706 5
0.256681 11
0.001716 31
0.000204 96
0.000395 66
2.497838 1
0.086161 1
0.101562 1
0.627228 1
0.860695 1
0.295984 1
0.175899 1
0.115960 1
0.227544 6
1.310502 1
0.110095 1
0.231902 1
0.161803 1
0.448218 1
0.176246 1
1.110003 1
0.115565 11
0.897242 1
0.099118 4
0.401632 1
0.261949 4
0.094432 1
0.138031 5
1.251882 1
0.548044 4
0.103615 1
0.125096 11
1.007044 1
0.092613 4
0.789794 1
0.149339 1
0.448202 1
0.338173 1
0.134128 1
1.447928 11
0.002698 66
0.771329 1
0.136762 1
0.215027 1
0.864092 1
0.254321 1
0.206715 3
1.177144 1
0.081240 11
0.722681 1
0.096264 4
0.325554 1
0.607244 5
0.303352 11
0.001678 31
0.000123 15
0.000119 81
0.000488 66
2.146347 30
0.392313 1
0.499416 1
0.003551 1
0.029289 1
0.030196 1
0.030817 1
0.029861 1
0.318409 3
0.193986 3
0.202823 5
0.063922 5
0.250279 11
0.001741 31
0.000139 15
0.000068 81
0.000352 66
0.267603 30
0.269319 1
0.499338 1
0.000441 1
0.035904 1
0.226453 1
0.208725 5
0.099883 5
0.161768 11
0.001744 31
0.000103 96
0.000855 66
0.406894 30
0.204185 1
0.485973 1
0.030621 1
0.030270 1
0.286905 1
0.208628 5
0.080139 5
0.167907 11
0.001712 31
0.000190 15
0.000360 81
0.000058 66
4.349740 1
0.157968 1
0.260949 1
0.255095 1
0.092417 1
0.163461 1
0.129825 1
1.794126 1
0.206419 1
0.175216 11
1.432292 4
1.354482 11
0.001915 174
0.000402 66
0.928379 19
0.392425 1
0.500084 1
0.002579 1
0.028568 1
0.031008 1
0.029940 1
0.030720 1
0.030432 1
0.030220 1
0.030676 1
0.030393 1
0.031220 1
0.029895 1
0.030306 1
0.031450 1
0.030657 1
0.031002 1
0.030855 1
0.031874 1
0.028610 1
0.029832 1
0.030889 1
0.029711 1
0.037113 1
0.030779 1
0.030239 1
0.030243 1
0.031132 1
0.030403 1
0.032043 1
0.030550 1
0.030108 1
0.030864 1
0.030239 1
0.030469 1
0.030205 1
0.030852 1
0.030269 1
0.030525 1
0.030736 1
0.031123 1
0.030920 1
0.030298 1
0.031372 1
0.030341 1
0.029995 1
0.030851 1
0.029959 1
0.030538 1
0.030633 1
0.031378 1
0.030573 1
0.030152 1
0.029623 1
0.031193 1
0.030503 1
0.030041 1
0.030473 1
0.030362 1
0.030692 1
0.030354 1
0.344727 3
0.447973 19
2.492702 4
0.195977 4
0.165829 4
0.172134 4
0.500161 4
0.002472 4
0.029113 4
0.029821 4
0.031276 4
0.030106 4
0.029809 4
0.030267 4
0.309006 1
1.397608 1
0.160929 1
0.075561 1
2.520216 1
0.241870 1
0.802970 1
0.119583 1
0.155183 1
0.328349 1
0.301985 1
0.429960 1
1.010126 1
0.070190 1
0.835875 1
0.702469 1
0.144681 1
0.228393 1
1.608940 1
0.509163 1
0.185641 11
0.588928 11
0.002155 66
2.528946 38
0.289420 46
0.597055 1
0.506027 4
0.325206 1
0.499900 1
0.000479 1
0.030139 1
0.030429 1
0.030825 1
0.030294 1
0.030585 1
0.029817 1
0.031253 1
0.030720 1
0.029574 1
0.030780 1
0.031017 1
0.030572 1
0.030184 1
0.281262 1
0.172071 1
0.218854 5
0.450436 5
0.027581 11
0.001633 21
0.000115 15
0.000039 15
0.000050 52
0.000084 16
0.000326 66
4.318122 1
0.131997 1
0.145921 1
0.553549 4
0.185914 4
0.502696 1
0.050015 1
0.654033 1
0.166953 1
0.687053 1
0.166475 1
0.889451 1
0.331566 1
0.093562 1
0.172513 1
0.262114 1
0.081970 1
1.653721 11
0.096934 70
1.177329 1
0.068266 1
0.109500 1
0.488099 1
0.130388 3
3.150393 1
0.245046 1
0.165809 1
0.180024 1
0.158204 1
0.264130 1
0.083864 1
0.776675 1
0.717532 11
0.040453 70
2.547911 1
0.059517 1
0.291976 1
0.191858 1
0.910302 1
0.305884 1
0.368263 1
0.089663 1
0.480102 1
0.606997 1
0.135129 1
0.213101 9
1.370675 1
0.183508 1
0.738573 1
0.272672 1
0.142075 1
0.225664 1
0.094161 1
0.745434 1
0.364185 1
0.371921 1
0.193757 1
1.034024 4
0.169932 4
0.153981 4
0.161819 4
0.446281 1
0.064175 1
0.117610 1
0.114522 1
0.438014 11
0.004373 73
0.000761 70
1.144322 30
0.286004 1
0.500294 1
0.000397 1
0.030876 1
0.029903 1
0.030509 1
0.030065 1
0.031523 1
0.030833 1
0.030658 1
0.030035 1
0.031446 1
0.030544 1
0.030753 1
0.030638 1
0.029833 1
0.030611 1
0.030565 1
0.030795 1
0.030710 1
0.030326 1
0.031166 1
0.030347 1
0.030083 1
0.030623 1
0.030304 1
0.030649 1
0.030666 1
0.031761 1
0.031105 1
0.030898 1
0.030438 1
0.030744 1
0.031113 1
0.030403 1
0.029810 1
0.030842 1
0.031036 1
0.030089 1
0.030008 1
0.030677 1
0.032149 1
0.030446 1
0.031106 1
0.030693 1
0.030702 1
0.029569 1
0.030684 1
0.029716 1
0.030036 1
0.031577 1
0.030159 1
0.030241 1
0.030787 1
0.030457 1
0.031140 1
0.029599 1
0.030007 1
0.031131 1
0.030962 1
0.031237 1
0.029751 1
0.030738 1
0.031476 1
0.030408 1
0.030342 1
0.030762 1
0.030788 1
0.030491 1
0.030452 1
0.473451 3
0.500942 3
0.000117 3
0.031047 3
0.666599 1
0.270593 87
0.201749 84
0.164141 81
0.167651 1
7.246825 80
0.089315 83
0.126391 86
0.368126 89
0.301691 92
0.164387 97
0.428446 11
0.004375 69
0.000764 70
23.312187 1
0.194865 1
0.274787 1
1.008166 1
0.160168 1
0.377665 4
0.499734 4
0.000291 4
0.030452 4
0.031557 1
0.031045 1
0.029781 1
0.030837 1
0.030109 1
0.030650 1
0.029802 1
0.030774 1
0.030578 1
0.030364 1
0.030022 1
0.030395 1
0.030629 1
0.801896 1
0.247383 1
0.075824 1
0.192050 1
0.693938 4
0.172135 4
0.129797 1
0.286422 1
0.089770 1
0.263749 4
0.188102 4
0.147830 4
0.128226 4
0.124487 1
0.119674 1
0.295829 4
0.221896 1
0.122021 1
0.218446 17
0.000911 70
1.282026 15
0.872688 22
0.662381 11
0.000224 12
0.012247 66
14.244321 45
0.764935 134
0.003471 66
3.557209 1
0.148778 1
0.526330 35
0.281589 1
0.500230 1
0.002444 1
0.029149 1
0.031393 1
0.032412 1
0.027558 1
0.031187 1
0.030345 1
0.029821 1
0.030336 1
0.030920 1
0.031940 1
0.030268 1
0.031132 1
0.030935 1
0.031212 1
0.029922 1
0.030741 1
0.030569 1
0.030512 1
0.030431 1
0.030268 1
0.031502 1
0.030903 1
0.031452 1
0.030684 1
0.030439 1
0.159912 5
0.499666 5
0.002185 5
0.029502 5
0.031299 5
0.030695 1
0.029945 1
0.030636 1
0.030216 1
0.030515 1
0.029807 1
0.031179 1
0.056789 5
0.091510 5
0.266252 11
0.002454 72
0.000199 66
0.000038 17
0.000150 4094
0.000031 2048
0.000046 285
1.643913 44
1.304993 13
1.411134 13
0.266755 1
0.874404 13
0.285933 13
0.319588 13
0.181966 13
0.089429 13
0.135971 13
1.617114 21
1.675811 30
1.100716 1
0.119720 1
0.381351 33
0.000134 87
0.000523 66
1.048543 30
0.216348 175
0.188696 99
0.571015 11
0.062695 8
0.000043 62
0.585240 4
0.196652 19
0.649437 22
0.332193 19
0.201608 22
0.164017 7
0.204033 1
2.127267 11
0.000183 89
2.201422 2
0.000188 46
0.162608 47
0.009688 72
1.687764 4
0.474427 42
1.041543 98
0.002802 10
0.000581 70
0.694524 30
3.009890 1
0.532501 1
0.080081 1
1.492010 1
0.287394 1
0.059629 3
1.075253 1
0.068468 10
0.978951 1
0.054996 11
1.603085 1
0.065933 1
0.000040 3
1.021982 1
0.036331 1
0.675807 1
0.383817 1
0.071518 1
0.080037 1
0.606334 11
0.005872 70
1.932990 1
0.183422 1
0.397462 1
0.070426 1
5.766179 1
0.534047 4
0.129450 1
1.620179 1
0.629799 4
0.321124 1
0.466868 1
0.074134 3
0.980662 1
0.066793 10
0.418949 1
0.057434 11
1.180769 1
0.107224 4
0.887203 1
0.060635 5
0.872578 11
0.003616 161
0.000199 74
0.000986 180
0.000570 70
1.784842 1
0.302397 1
0.313013 1
0.398612 1
1.247774 11
0.000174 12
0.011618 66
0.365450 12
16.299328 4
0.451312 4
0.499987 4
0.003165 4
0.028356 4
0.031591 4
0.030355 4
0.030283 4
0.030284 4
0.030576 4
0.030094 4
0.030424 4
0.029776 1
0.030762 1
0.030081 1
0.030482 1
0.031333 1
0.029879 1
0.030949 1
0.029773 1
0.031654 1
0.030747 1
0.031125 1
0.030320 1
0.029531 1
0.031860 1
0.031545 1
0.029842 1
0.030537 1
0.031067 1
0.031003 1
0.029127 1
0.031614 1
0.030264 1
0.031735 1
0.030368 1
0.031534 1
0.029638 1
0.043203 1
0.030461 1
0.030385 1
0.029750 1
0.030682 1
0.031765 1
0.029654 1
0.036600 1
0.030745 1
0.030024 1
0.031117 1
0.030472 1
0.030839 1
0.030256 1
0.030512 1
0.030536 1
0.030676 1
0.029722 1
0.030187 1
0.030415 1
0.031218 1
0.029492 1
0.030351 1
0.030779 1
0.030853 1
0.030492 1
0.029803 1
0.031044 1
0.030005 1
0.030738 1
0.031422 1
0.031577 1
0.030293 1
0.534243 1
0.096698 1
0.174552 1
0.411193 1
0.505108 1
0.241235 3
1.375392 1
0.059279 11
1.022912 1
0.108898 4
0.439063 1
0.262760 5
0.402781 11
0.001177 31
0.000041 15
0.000054 81
0.000183 66
0.363768 30
0.234010 1
0.499648 1
0.005367 1
0.026180 1
0.030946 1
0.363412 5
0.395247 5
0.084039 11
0.001160 31
0.000081 15
0.000044 81
0.000243 66
0.209706 30
0.260970 1
0.500060 1
0.005543 1
0.025732 1
0.029871 1
0.031500 1
0.418682 3
0.114289 5
0.114190 5
0.475547 11
0.001139 31
0.000108 96
0.000261 66
0.207654 30
0.351704 1
0.499865 1
0.005050 1
0.025388 1
0.030160 1
0.031830 1
1.140578 3
0.591044 5
0.090966 5
0.662814 11
0.001348 31
0.000125 18
0.000067 55
0.000452 66
2.017767 1
0.078336 1
0.141878 1
0.189896 1
0.356483 11
0.000093 38
1.561756 1
0.054046 1
0.141765 1
2.632194 1
0.800339 1
0.108185 1
0.187116 1
0.234022 1
1.112771 1
0.074015 3
0.889218 1
0.044889 10
1.879045 11
0.001524 38
1.941148 1
0.113981 1
0.647746 1
0.115409 1
0.270305 1
0.101495 1
0.234708 1
0.223897 4
0.187877 4
0.069991 1
0.103958 1
2.608613 1
0.322865 1
0.145852 1
0.119605 2
0.461296 11
0.006855 1897
0.000112 38
4.615490 1
0.275839 1
0.300282 1
0.333805 4
0.177275 1
0.071108 1
0.397134 11
0.000124 12
0.011689 28
0.006216 133
0.627042 7
0.462149 15
0.282109 14
0.315857 18
0.304865 11
0.000046 42
