0.024177 17
0.001336 55
0.000032 42
0.000146 64
1.751407 1
0.089623 1
0.263575 1
0.498438 1
0.157191 1
0.340590 4
0.165793 1
0.061211 10
0.225098 1
0.359993 4
0.594033 1
0.094935 3
0.611124 1
0.123928 11
0.000038 36
0.000074 28
0.001324 43
0.000054 58
0.000061 96
4.350508 1
0.086005 1
0.508223 1
0.057730 1
0.241627 1
0.526153 4
0.181811 4
0.302404 1
0.171604 1
0.202086 4
0.222019 4
0.700348 1
0.112022 1
0.055940 1
0.814018 4
0.163588 4
0.040436 1
0.065523 1
5.874487 1
0.718011 1
0.089953 1
0.117675 1
0.168811 1
1.315596 1
0.020212 1
0.801745 4
0.169577 4
0.094486 1
0.079716 1
0.476207 1
0.239636 1
0.714394 1
1.211377 1
0.120601 1
0.559953 1
0.185746 1
0.272165 1
0.072080 1
0.401844 1
0.134197 2
0.000008 9
0.000036 36
0.002903 28
0.001071 43
0.000057 33
0.000015 25
0.000057 96
1.643899 1
0.086091 1
0.187587 1
0.684373 1
0.379606 1
0.154592 3
0.855778 1
0.086792 10
0.210920 11
0.000044 36
0.000079 28
0.001381 32
0.000055 56
0.000061 92
4.200619 1
0.036078 1
0.191580 1
2.164385 1
0.307546 1
1.326436 1
3.913896 1
0.644133 1
1.036003 1
0.073998 1
0.229637 1
0.166101 1
1.048331 1
0.049953 1
0.787891 4
0.187657 1
0.605873 1
0.284575 1
0.139975 1
0.221586 11
0.000052 36
0.002917 28
0.001236 32
0.000057 56
0.000061 92
3.544161 1
0.087972 1
0.263514 1
0.141988 1
0.150005 1
1.260401 1
0.246004 1
0.124013 1
0.351732 1
0.173907 1
0.664513 1
0.813919 1
0.561667 1
0.408278 1
0.191561 1
0.798469 1
0.129997 1
0.239538 8
0.586495 11
0.000046 36
0.004852 31
1.662817 2
0.011033 28
0.002784 32
0.000057 31
0.000016 25
0.000062 8
0.000021 84
2.152591 1
0.483718 1
0.145916 1
0.446081 4
0.135644 4
0.139906 4
0.147998 1
0.125962 1
0.138455 1
0.083839 1
0.458119 1
0.121224 3
1.266894 1
0.043536 9
0.436418 2
0.000013 9
0.000034 36
0.001813 34
0.001328 28
0.000238 32
0.000080 56
0.000057 8
0.000012 84
5.868877 1
0.005282 1
0.370113 1
0.094134 1
0.413889 1
0.369756 1
0.531917 4
0.532275 1
0.519974 1
0.288238 1
0.427735 1
0.140248 1
0.301562 1
0.207959 1
0.396079 1
0.156034 1
0.048331 1
1.489946 1
0.046085 1
0.206840 8
0.499197 11
0.000063 36
0.000213 59
0.000037 28
0.001230 32
0.000064 56
0.000073 92
2.224254 1
0.086040 1
0.056023 1
0.596018 1
0.125972 1
0.232373 8
1.785681 1
0.087971 1
0.216567 8
0.650645 1
0.499941 1
0.003513 1
0.027809 1
0.031393 1
0.030398 1
0.950750 1
0.598056 3
0.454811 5
1.464065 5
0.397906 5
0.064194 5
0.227565 11
0.000053 36
0.001329 4
0.000034 74
0.000043 44
0.000294 28
0.001624 32
0.000069 31
0.000014 25
0.000046 92
4.053079 1
0.069812 1
0.143480 1
0.402195 1
0.070313 1
0.252861 8
0.783116 11
0.000050 36
0.001049 51
0.000065 44
0.000225 28
0.001699 180
3.129892 13
0.240126 55
0.562082 66
0.359864 68
0.379953 1
0.317819 67
0.231968 1
0.499680 1
0.003717 1
0.027368 1
0.030473 1
0.029984 1
0.030032 1
0.030940 1
0.030025 1
0.030026 1
0.030920 1
0.275505 1
0.168539 5
0.539926 5
0.414102 2
0.000015 9
0.000037 36
0.011752 28
0.002853 32
0.000051 56
0.000068 8
0.000003 84
1.064631 25
1.093803 65
0.822650 65
0.309237 65
0.283857 55
0.460418 66
0.347493 68
0.489003 11
0.000025 36
0.000948 34
0.000244 28
0.001981 180
3.508025 17
1.276067 68
0.382244 65
0.796545 11
0.000036 36
0.001192 28
0.001930 180
7.588850 1
0.287727 1
0.121880 1
0.160059 1
0.460238 11
0.000038 42
