0.029618 17
0.000363 28
0.001063 43
0.000044 33
0.000009 25
0.000422 96
1.989124 1
0.189472 1
0.250419 1
0.138116 1
0.531960 1
0.411985 1
3.163983 1
0.927976 1
1.013884 1
0.115787 1
0.601454 1
0.704967 3
1.572000 3
0.531956 3
1.166034 3
0.137972 3
0.133509 3
1.912567 3
0.161888 3
0.822161 3
4.451994 3
0.111918 3
0.883946 7
0.147642 7
0.189847 3
0.092493 3
2.368088 3
0.477888 3
0.225548 3
6.261623 1
0.123880 1
0.156072 1
0.236305 1
0.149932 1
0.557507 61
1.939227 94
0.000008 9
0.000050 36
0.000012 54
0.000066 28
0.001345 43
0.000051 58
0.000063 96
2.576630 1
0.059977 1
0.201273 1
0.132369 1
0.109589 1
0.430177 1
0.076281 1
0.143542 1
0.814113 1
0.466466 1
0.307387 4
0.144074 4
0.178603 11
0.000047 38
0.000059 28
0.001292 43
0.000065 33
0.000021 25
0.000086 96
0.165839 11
0.000133 28
0.001302 43
0.000080 58
0.000075 8
0.000018 88
2.352213 8
0.579494 1
0.410952 5
0.322233 3
0.137898 3
0.357258 1
6.446465 5
0.159811 5
0.198600 5
0.553973 5
0.159583 5
0.096365 5
0.167567 5
0.398249 5
0.249736 5
2.044487 5
0.050104 5
2.349812 5
0.814059 5
0.122000 5
1.309833 5
0.065947 5
0.203722 5
0.294146 5
0.972352 5
0.127815 5
0.116139 5
2.750417 5
0.767659 5
0.620051 5
0.073875 5
1.756103 5
1.393996 5
0.079939 5
3.039989 5
0.955898 5
0.066622 5
1.727486 5
0.339987 5
0.309820 5
0.106266 5
0.181453 5
1.864595 5
0.253553 5
0.102294 5
0.301714 5
0.217928 5
1.544349 5
0.318033 5
1.246035 5
0.959984 5
0.076021 5
2.303834 5
0.614254 5
0.088583 5
2.273345 5
0.999990 5
0.081936 5
1.161948 5
0.135544 5
0.226303 5
0.102281 5
0.253452 5
1.784625 5
0.083320 5
1.298638 5
0.563940 5
0.128007 5
0.625933 5
0.627744 5
0.221841 5
0.266157 5
0.210164 5
0.223666 5
0.128022 5
1.342464 2
0.000019 9
0.000078 97
0.000059 28
0.001345 43
0.000044 58
0.001247 96
4.343065 1
0.100075 1
0.075515 1
0.109956 1
1.262540 1
0.517866 1
0.046031 1
0.682146 1
0.356005 1
0.133533 1
0.233263 1
1.323229 3
0.094091 3
1.293943 3
0.411976 3
0.157511 3
0.322162 3
1.760464 3
1.075853 3
0.145950 3
0.217919 3
1.413675 1
0.249957 1
0.157920 1
0.309539 1
0.124822 15
0.317677 3
0.197529 3
0.145719 3
0.153965 3
1.709270 3
0.230118 3
0.183976 3
0.655602 3
0.357941 3
0.606388 3
2.145886 3
0.251675 3
0.266237 3
0.148123 3
0.239893 3
0.518159 3
0.765942 3
0.478180 3
0.615912 3
0.687415 3
0.074937 3
1.131599 3
0.105484 3
1.172633 3
0.343982 3
0.251805 3
0.224016 3
0.246784 3
1.715347 3
0.095972 3
0.302142 3
2.565832 3
0.183538 3
0.922475 3
1.701905 3
0.574422 3
0.115585 3
1.980147 3
0.586015 3
0.081912 3
1.641876 3
0.235982 3
0.328045 3
0.110699 3
0.647424 3
0.886174 7
0.153336 7
0.136074 7
1.056530 7
0.373927 7
0.183919 7
0.649979 3
0.397710 3
0.155810 3
0.740417 3
0.102103 3
0.307972 3
5.266124 3
0.366547 3
0.063445 3
0.163777 3
1.242167 3
3.060005 3
0.164708 3
2.221268 3
0.392318 3
0.185803 3
0.921767 3
0.426143 3
0.509673 3
0.726267 3
2.710040 3
0.653971 3
0.074116 3
1.403812 3
0.214065 3
0.197936 3
0.151493 3
0.272299 3
1.872340 3
0.067880 3
13.603549 347
19.646352 1
23.574256 347
0.205962 4
0.424157 5
0.133716 5
5.662012 5
0.225676 5
0.157763 5
0.128397 5
0.153903 5
0.138167 5
4.318029 1
0.210921 1
0.150333 1
0.178267 1
0.158151 1
0.185287 1
0.163833 1
0.180115 1
0.290710 342
0.169151 1
0.721315 357
0.523610 510
1.201693 202
0.285829 1
0.472021 1
0.538182 1
0.211855 3
2.194779 7
1.500433 3
0.093548 3
1.210059 3
0.406000 3
0.121943 3
1.915988 11
0.000055 120
0.000064 28
0.001235 43
0.000038 33
0.000021 25
0.000053 96
2.996552 1
0.100120 1
0.173292 1
0.128635 1
0.141413 1
1.178692 1
0.099296 1
0.090515 1
0.605997 1
0.119992 1
0.241311 1
1.610715 3
0.187642 3
0.148409 3
0.113996 3
0.199986 3
0.937962 3
0.609551 3
0.112403 3
2.050139 7
0.139872 7
0.576041 3
0.544023 3
0.143581 3
0.288391 3
0.277654 3
0.151891 3
5.468970 89
0.001282 43
0.000033 33
0.000019 25
0.000062 96
6.420120 1
0.049947 1
0.093568 1
0.218462 1
0.281986 1
0.874117 1
0.125824 1
0.495190 1
1.482840 3
0.696044 7
0.521948 3
0.427816 3
0.492249 7
0.223497 3
0.118464 3
0.143464 3
1.776967 3
0.135619 3
1.196000 3
0.475974 3
0.049872 3
0.084023 3
0.079541 3
0.298553 3
1.324041 3
0.102506 3
0.201435 3
0.274015 3
0.064005 3
1.623885 3
0.820156 3
0.038100 3
0.277882 7
0.198079 7
0.554059 3
0.055901 3
0.231981 3
0.354000 7
0.125632 3
0.151879 3
1.170340 11
0.000052 60
0.000061 28
0.001269 43
0.000041 33
0.000005 25
0.000076 96
5.342718 1
0.105895 1
0.263566 1
0.134493 1
0.677876 1
0.474483 1
0.099483 1
0.846119 1
0.287458 1
0.124526 1
0.441187 1
0.576807 3
1.025945 3
0.126022 3
0.066131 3
0.121546 3
0.776292 3
0.052092 3
1.487948 3
0.171485 3
0.102054 3
0.458525 3
0.095949 3
0.129945 3
0.906082 3
1.035982 3
3.960493 3
0.143419 3
0.088052 3
0.367911 3
0.062123 3
1.385963 2
0.000007 9
0.000044 36
0.000012 24
0.000067 28
0.001342 43
0.000027 33
0.000025 25
0.000048 8
0.000012 88
1.157864 30
0.387607 1
0.680518 1
0.251586 1
0.558170 1
0.517039 1
0.031021 1
0.035212 1
0.032891 1
0.033534 1
0.032800 1
0.031590 1
0.030949 1
0.037020 1
0.030984 1
0.035477 1
0.033444 1
0.033026 1
0.033412 1
0.037010 1
0.031561 1
0.028016 1
0.035279 1
0.030873 1
0.030122 1
0.082963 1
0.371523 3
0.098457 5
0.522363 5
0.272065 5
0.174067 5
0.313873 2
0.000022 9
0.000035 36
0.000008 20
0.000055 28
0.001261 43
0.000062 58
0.000062 96
3.162650 1
0.109993 1
0.109903 1
0.256123 1
0.375897 4
0.183993 1
0.660047 4
0.483715 1
0.097925 1
0.706401 1
0.277923 1
0.082018 1
0.117955 1
0.717794 1
0.126222 1
0.128666 1
0.000009 1
0.517481 1
0.179887 7
0.371595 3
0.129888 4
0.454267 1
0.197542 1
0.672699 3
0.183692 3
0.062316 3
0.164061 3
0.329641 3
0.098294 3
0.161491 3
0.288140 7
0.109838 3
1.026542 3
0.132029 3
0.125543 3
2.086828 3
0.086294 3
1.781198 3
0.108081 3
0.071545 3
0.113933 3
0.560483 11
0.000045 51
0.000065 28
0.001231 43
0.000050 58
0.000068 96
14.246708 1
0.135852 1
0.120446 1
0.143572 1
3.426078 1
0.483655 1
0.076268 1
0.111882 1
0.686138 1
0.145917 1
0.209833 4
0.138240 4
0.167632 1
0.141876 1
0.349458 1
1.117071 3
0.498019 3
0.507977 11
0.000044 39
0.000056 28
0.001256 43
0.000042 58
0.000078 8
0.000005 88
4.002775 1
0.127171 1
0.268584 1
0.147881 1
0.063640 1
0.152059 1
0.732392 4
0.139941 1
0.145969 1
0.816062 1
0.171911 1
0.294682 1
2.987567 3
0.561911 3
0.385724 3
0.098171 3
0.139483 3
0.950488 3
0.796005 3
1.350222 3
0.087839 3
0.155523 3
0.538463 3
1.334028 3
0.497810 3
4.087532 3
0.255609 1
0.963026 1
0.197734 1
0.164261 1
0.453800 1
0.382811 1
0.216540 1
0.203785 1
0.814990 8
0.333734 8
0.100435 8
0.119808 8
0.138009 8
0.160153 8
0.077894 8
0.113741 8
0.111785 8
0.214097 7
0.630500 11
0.202579 3
0.323205 5
0.275400 3
6.320862 3
0.064956 3
0.904880 11
0.000057 67
0.000060 28
0.001286 43
0.000043 58
0.000064 96
0.713954 48
2.232487 4
0.517032 4
0.033767 4
0.032983 4
0.032831 4
0.033435 4
0.033088 4
0.033015 4
0.033048 4
0.033484 4
0.033407 4
0.033483 4
0.033443 4
0.032952 4
0.033044 4
0.031262 4
0.030293 4
0.037586 4
0.034588 4
0.033406 4
0.033475 4
0.033066 4
0.033389 4
0.033521 4
0.033017 4
0.033112 4
0.030351 4
0.036114 4
0.033372 4
0.033081 4
0.033399 4
0.033019 4
0.033456 4
0.035473 4
0.031031 4
0.033055 4
0.033435 4
0.033480 4
0.033443 4
0.033039 1
0.030133 1
0.031187 1
0.038411 1
0.033312 1
0.033341 1
0.030411 1
0.035222 1
0.230767 1
0.027324 1
0.030088 1
0.030860 1
0.845515 2
0.097958 2
0.422125 4
0.137570 4
0.119901 1
0.450510 1
0.041808 1
0.338173 1
0.520069 1
2.893958 1
0.096029 1
0.191547 1
0.072400 1
0.404025 1
0.569912 1
0.094331 1
0.161299 1
0.233997 1
0.450350 4
0.282020 1
0.211521 4
0.135923 1
0.108537 1
1.097890 1
0.072295 1
0.606145 1
0.069692 1
0.744040 1
0.345579 1
0.220377 1
0.116907 1
0.105035 1
0.542380 1
0.393645 1
0.261697 1
0.092430 1
0.601930 1
0.507873 1
0.135706 1
0.297181 1
2.215103 3
1.324143 3
0.870542 3
0.109454 3
0.955539 3
1.106483 1
0.244574 1
0.415466 1
0.307636 1
0.113810 1
0.176257 1
0.153809 1
0.744368 1
0.100053 1
0.715954 1
0.076295 1
0.339433 1
0.139792 1
0.104546 1
0.115397 1
0.602539 2
0.000047 9
0.000037 36
0.000037 2
1.004835 2
1.003500 2
1.113117 28
0.001243 43
0.000040 33
0.000004 25
0.000062 8
0.000042 88
5.255045 1
0.013892 1
0.153982 1
0.134150 1
0.614342 1
1.951661 1
1.272015 1
0.425967 1
0.175614 1
0.109858 1
0.112049 1
0.482086 1
0.990399 11
0.000048 43
0.000060 28
0.001302 43
0.000045 58
0.000072 96
1.825721 12
0.762764 1
14.850102 1
0.187560 1
0.651372 1
2.255005 3
0.288105 3
0.095832 3
0.301600 3
0.134660 3
0.673119 3
1.834628 1
1.263982 1
0.060018 1
0.868006 1
0.615912 1
0.276084 1
0.272786 1
0.709154 3
0.516173 3
0.739952 3
0.153599 3
0.556390 3
0.355707 3
0.445949 3
1.280249 7
1.294358 7
0.893831 3
2.461889 3
0.285997 3
0.139902 3
0.768032 3
1.003880 3
0.589881 2
0.000017 9
0.000041 36
0.000007 28
0.000055 28
0.001306 43
0.000055 33
0.000006 25
0.000064 96
22.560172 37
0.283367 1
0.499228 1
0.035235 1
0.027673 1
0.032209 1
0.030033 1
0.030733 1
0.029243 1
0.030302 1
0.030539 1
0.035867 1
0.031000 1
0.035335 1
0.030023 1
0.033810 1
0.035555 1
0.033416 1
0.033403 1
0.033458 1
0.030986 1
0.030469 1
0.031747 1
0.138266 1
0.151798 1
0.139683 1
0.560704 9
1.650345 5
0.143572 5
0.420104 5
0.131950 5
0.624481 5
0.129732 5
0.050271 9
0.626062 5
0.232003 5
0.167827 5
0.088109 5
0.647233 3
0.510985 3
0.037994 3
0.033744 3
0.033694 3
0.032790 3
0.033577 3
0.032648 3
1.255021 9
0.246370 5
0.123459 5
0.075962 9
1.084413 5
0.312095 5
0.101950 5
0.079875 5
0.146229 9
0.628070 2
0.000017 9
0.000043 43
0.000017 14
0.000055 28
0.001299 43
0.000060 58
0.000088 96
8.930237 1
0.014742 1
0.645271 1
0.087989 1
0.113563 1
0.622493 1
1.671583 1
0.402470 1
0.603252 1
0.412782 3
0.287846 3
0.070009 3
1.152053 2
0.000026 9
0.000033 36
0.239153 42
0.009379 30
0.001468 43
0.000030 58
0.000074 96
1.295225 11
0.395754 1
0.516389 1
0.033068 1
0.033678 1
0.027542 1
0.037831 1
0.244087 17
0.249868 2
0.000007 9
0.000040 36
0.000056 28
0.001260 43
0.000044 33
0.000007 25
0.000059 96
4.050553 1
0.126611 1
0.119799 1
0.187616 1
1.380334 1
1.125940 1
0.700072 1
0.108052 1
0.007358 1
0.118148 1
1.306416 11
0.000048 41
0.000058 28
0.001265 43
0.000041 33
0.000015 25
0.000052 8
0.000005 88
0.740574 1
0.107945 1
0.026094 1
0.189576 1
0.322070 4
0.145846 4
0.207984 1
0.128499 1
1.274062 1
0.345906 1
0.169614 1
0.176982 1
0.293409 3
0.163915 3
0.311766 3
0.119684 11
0.000046 36
0.000054 28
0.001285 43
0.000049 58
0.000067 96
0.346686 10
0.183847 20
1.128590 11
0.000040 36
0.000007 5
0.000065 28
0.001358 43
0.000042 33
0.000012 25
0.000059 96
0.659666 10
1.414287 20
0.557488 1
1.047058 7
0.151823 7
0.135645 7
2.564320 3
0.423461 3
0.094666 3
0.101935 3
0.108046 3
1.561972 3
0.304070 3
0.580033 3
0.067967 3
0.129904 3
0.948111 3
0.119359 3
0.076782 3
1.931771 2
0.000015 9
0.000037 36
0.000058 28
0.001301 43
0.000048 58
0.000061 8
0.000005 88
0.915954 20
0.191371 35
0.475132 11
0.000020 36
0.000006 13
0.000069 28
0.002210 43
0.000908 154
2.024843 1
0.100811 1
0.160836 1
0.213930 1
0.226000 1
0.155550 1
1.149473 1
0.137836 1
0.004256 1
0.110748 1
0.017044 1
0.335202 4
0.133906 4
0.063786 4
0.166196 4
0.103944 1
0.184604 1
0.329822 4
0.129951 4
0.172119 1
0.069995 1
0.102054 1
0.309851 11
0.000042 36
0.000058 28
0.001271 43
0.000039 33
0.000004 25
0.000058 96
0.297692 10
0.189912 20
0.234961 11
0.000042 38
0.000082 28
0.001280 43
0.000055 58
0.000056 8
0.000034 88
2.972360 1
0.078046 1
0.173591 1
0.194055 1
2.510440 1
1.141891 1
0.050114 1
0.273423 1
1.612627 3
0.081822 3
0.085555 3
1.836541 3
0.098455 3
1.503542 3
1.130017 3
0.069647 3
0.292361 3
0.758420 3
2.013580 3
0.149945 3
0.567998 3
0.156777 3
0.033471 3
1.137758 3
0.684522 3
1.579510 2
0.000053 9
0.000027 36
0.000077 28
0.001266 43
0.000050 58
0.000064 96
0.983619 24
1.744741 4
0.516175 4
0.004011 4
0.029826 4
0.035141 4
0.031395 4
0.033474 4
0.030394 4
0.035548 4
0.033504 4
0.033451 4
0.033451 4
0.033488 4
0.033068 4
0.033457 4
0.033509 4
0.033438 4
0.033560 4
0.032924 4
0.033443 4
0.033419 4
0.033556 4
0.031406 4
0.037068 4
0.033433 1
0.030168 1
0.035144 1
0.033416 1
0.030362 1
0.290153 1
0.036658 1
0.231651 1
0.092425 1
0.133497 1
2.328737 1
0.549827 4
0.701844 1
1.957993 1
0.054102 1
0.939165 1
0.892863 3
0.054297 3
0.185056 3
0.204528 3
0.558006 3
0.054014 3
0.279297 3
0.526011 1
0.000008 1
0.205504 1
0.000008 1
0.411224 4
0.185735 4
0.885200 1
0.000007 1
0.356800 4
0.317520 7
0.457842 3
0.203917 3
0.168123 3
0.171990 3
0.132037 3
0.148273 3
0.111512 3
4.028634 1
4.427618 3
0.408843 1
3.195956 21
0.751322 144
0.620678 1
0.589926 21
0.647237 174
0.298202 1
0.516828 1
0.035301 1
0.031124 1
0.033104 1
0.033017 1
0.030168 1
0.035758 1
0.033581 1
0.033053 1
0.033418 1
0.035685 1
0.030871 1
0.033334 1
0.033023 1
0.030427 1
0.036165 1
0.031390 1
0.034851 1
0.033489 1
0.032972 1
0.030979 1
0.958109 5
0.263885 3
0.510284 3
0.006788 3
0.031978 3
0.034123 3
0.032606 3
0.032956 3
0.033092 3
0.033583 3
0.032893 3
0.263102 3
0.229443 1
0.269387 5
0.321134 3
0.516816 3
0.033135 3
0.033490 3
0.033643 3
0.032985 3
0.033018 3
0.033511 3
0.033370 3
0.033043 3
0.405638 5
3.324034 5
0.000060 9
0.000025 36
0.000021 7
0.000068 28
0.001281 43
0.000041 58
0.000068 96
2.032484 1
0.056013 1
0.167606 1
0.189919 1
0.177929 1
0.294231 4
0.232213 1
0.986122 4
1.413906 1
0.115951 1
0.132060 1
0.486008 1
0.273596 1
0.116403 1
0.311661 4
0.146265 4
0.181637 4
0.158326 1
0.110070 1
0.668055 2
0.000009 9
0.000050 36
0.000065 28
0.001333 43
0.000040 33
0.000012 25
0.000058 96
0.050438 11
0.000084 28
0.001380 43
0.000037 58
0.000069 8
0.000018 88
2.341570 9
0.233619 46
0.767117 11
0.000059 43
0.000068 28
0.001253 43
0.000034 58
0.000062 8
0.000005 88
2.335412 1
0.071107 1
0.119524 1
0.138565 1
0.277981 1
0.548040 1
0.181605 1
0.130367 1
0.305648 1
3.194226 1
0.075141 1
0.034839 1
0.431321 1
0.266015 1
1.916825 3
0.678083 3
0.345940 7
0.184076 3
0.127895 3
0.126089 3
0.205649 3
2.526274 3
0.535656 3
0.127735 5
0.634622 4
0.263908 3
1.823593 3
1.288426 1
0.062030 1
0.425805 1
0.082876 1
0.219217 1
0.798203 1
0.122304 1
0.331596 1
0.067935 1
0.786105 1
2.601815 1
0.562164 1
0.086002 1
0.212834 1
0.537214 3
0.083936 3
0.163602 3
0.205897 3
1.226646 3
2.123696 3
0.638202 3
3.114009 3
0.343542 3
1.314407 1
0.143949 1
0.230059 1
0.097986 1
0.099811 1
0.116026 1
0.678199 11
0.000047 36
0.000036 9
0.000074 28
0.001256 43
0.000046 33
0.000018 25
0.000046 8
0.000017 88
2.604615 1
0.113848 1
0.223484 1
0.202534 1
0.241957 1
0.137486 1
0.278499 1
0.050043 1
0.179349 1
0.188106 1
0.954537 11
0.000043 36
0.000079 28
0.001337 43
0.000049 33
0.000005 25
0.000063 96
1.078523 1
0.086868 1
0.276712 1
0.700342 1
0.429992 1
0.467905 1
0.515936 1
0.092082 1
0.406008 1
1.142002 1
0.138515 1
0.357408 1
0.746113 3
0.081457 3
0.898488 3
0.972009 3
0.156162 3
0.047890 3
0.621994 3
0.507676 3
0.120264 3
0.244037 3
0.864077 3
0.363883 3
0.144050 3
0.682009 3
0.177939 3
0.307635 3
0.179955 3
0.448462 3
0.073992 3
1.222014 3
0.458027 3
0.231874 3
0.112086 3
0.040065 3
0.727934 7
0.465740 3
0.235870 7
0.056362 3
1.256030 3
0.577964 3
0.111443 3
0.094607 3
0.385887 11
0.000057 36
0.000053 28
0.001276 43
0.000054 58
0.000073 96
1.542631 1
0.094033 1
0.243517 1
0.104369 1
0.147505 1
0.276059 1
0.191935 1
0.598369 1
0.108081 11
0.000044 77
0.000064 28
0.001325 43
0.000038 33
0.000016 25
0.000051 8
0.000006 88
8.759804 8
0.353844 31
0.826221 1
0.478650 7
0.517186 7
0.032908 7
0.033399 7
0.033474 7
0.030339 7
0.036125 7
0.033509 7
0.032990 7
0.033046 7
0.033452 7
0.033066 7
0.035641 7
0.031287 7
0.032988 7
0.033575 7
0.030358 7
0.036081 7
0.030369 7
0.036099 7
0.033481 7
0.033519 7
0.428970 2
0.000021 9
0.000056 36
0.000055 28
0.001287 43
0.000042 58
0.000068 96
0.404001 17
0.191383 12
0.713322 11
0.000019 36
0.000038 19
0.000048 28
0.001268 43
0.000047 58
0.000065 96
44.859770 8
0.263722 9
0.180493 12
0.335748 31
0.526646 11
0.000019 36
0.000070 28
0.001331 43
0.000071 58
0.000083 8
0.000017 88
0.944491 2
0.107669 2
0.191678 11
0.000047 36
0.312084 42
0.007563 30
0.001423 43
0.000041 33
0.000065 25
0.000097 96
0.559280 1
0.159395 1
0.402494 4
0.162090 4
0.091520 1
0.133889 1
0.178423 11
0.000044 36
0.012642 262
0.000690 28
0.001880 43
0.000038 58
0.000064 8
0.000017 88
4.552955 1
0.083845 1
0.445712 1
0.116492 1
0.291625 4
0.173776 1
0.114021 1
0.512306 4
1.128005 1
0.369964 1
1.071999 1
0.177675 1
0.120342 1
0.175517 1
0.476455 1
0.968123 4
0.103953 1
0.259987 1
0.421979 1
0.143530 1
0.143179 1
0.647371 4
0.099445 4
0.190076 4
0.092658 4
0.177302 4
0.192514 4
0.175570 4
0.096091 3
0.245944 4
0.131844 4
0.126536 4
0.512100 4
0.137352 4
0.205706 3
0.820927 1
1.233764 1
0.149726 1
0.203054 1
2.505252 3
2.640036 3
1.752183 4
0.041930 4
0.312067 7
0.137410 7
0.050394 4
0.053602 4
0.236168 4
0.231865 7
0.136104 7
0.111904 7
0.470540 3
0.053955 3
0.325551 3
0.136579 3
6.569840 3
1.346679 7
0.516491 7
0.960855 4
0.533816 7
0.641846 3
0.612264 3
2.848170 3
0.453841 3
1.811903 3
1.049869 3
0.598013 3
0.195953 3
0.173802 3
0.572301 3
0.980140 5
0.623763 11
0.000062 10
3.796540 11
0.000058 10
1.729526 1
0.908089 11
0.000052 17
0.000024 2
0.000058 30
0.001227 43
0.000065 58
0.000058 96
0.367625 61
0.686895 231
0.578084 4
0.805858 11
0.000057 36
0.028030 28
0.001298 43
0.000062 58
0.000069 96
8.110762 1
0.083155 1
0.388352 4
0.145928 4
0.142319 1
0.510401 1
0.349623 1
0.175918 1
0.183862 1
0.120259 1
0.197436 1
0.468490 4
1.403648 4
0.147933 4
0.154050 4
0.123921 4
0.204393 4
0.175631 1
0.296317 1
0.159731 1
0.290351 1
0.141657 1
0.122409 1
0.153790 1
0.327849 4
0.236095 1
0.098202 1
0.517886 1
0.540095 1
0.078068 1
0.213516 1
0.094425 1
1.316125 1
1.028176 1
1.997657 1
0.305626 1
0.072407 1
0.223647 1
0.086280 1
1.214120 1
0.483618 1
0.846358 1
1.839996 4
1.267890 1
0.382065 1
1.774047 1
0.761923 1
0.740218 1
1.105861 1
0.536052 1
0.741938 1
1.777910 1
0.301587 2
0.000010 9
0.000064 36
0.003571 28
0.001210 43
0.001689 154
1.433949 1
0.179977 1
0.309599 1
0.120402 1
0.059704 1
2.868182 1
0.548135 1
0.103984 1
0.175526 2
1.736618 1
0.185299 9
0.520493 2
0.000008 9
0.000047 36
0.000005 12
0.000071 28
0.001430 43
0.000052 33
0.000005 25
0.000085 96
13.036675 1
0.082108 1
0.229966 1
0.743576 1
0.074417 1
0.095481 1
0.263976 1
1.040166 1
0.885930 1
1.326066 1
0.070010 1
0.141590 1
0.648276 11
0.000068 36
0.000038 28
0.001355 43
0.000056 58
0.000065 96
1.258599 1
0.088002 1
0.264092 1
0.383747 4
0.848176 1
0.201521 1
0.855886 1
1.524636 3
0.339863 3
0.990140 3
2.024281 3
0.710479 3
0.071379 3
0.487668 3
1.438109 3
0.467978 3
0.789950 3
0.970163 3
1.063878 3
2.233963 3
1.124068 3
1.039956 3
2.135984 3
0.394025 3
1.850013 3
0.337684 3
0.870318 3
0.541984 3
1.810043 3
0.577947 3
0.341912 3
1.316160 3
0.544005 3
2.131907 3
0.453907 3
1.070182 3
0.585971 3
0.554002 3
1.008193 3
0.061781 3
0.450002 3
1.076000 3
0.430045 3
0.833886 3
1.619924 3
1.312126 3
0.580094 3
0.779958 3
1.181912 3
0.880150 3
0.821972 3
0.902007 3
0.575854 3
0.506191 3
2.427246 1
0.514218 1
0.516151 1
0.001833 1
0.031972 1
0.033504 1
0.033459 1
0.033381 1
0.033409 1
0.033443 1
0.033415 1
0.033472 1
0.033406 1
0.033485 1
0.032887 1
0.033475 1
0.033081 1
0.033396 1
0.033460 1
0.033452 1
0.033477 1
0.033404 1
0.033466 1
0.033367 1
0.033459 1
0.033513 1
0.033377 1
0.033471 1
0.033521 1
0.033417 1
0.033459 1
0.033481 1
0.033367 1
0.033478 1
0.033292 1
0.033494 1
0.033038 1
0.033357 1
0.033455 1
0.033479 1
0.033478 1
0.033081 1
0.033419 1
0.032953 1
0.033403 1
0.033512 1
0.032975 1
0.032973 1
0.033341 1
0.357369 1
0.511800 3
0.566513 3
4.796599 145
0.595371 1
0.615804 3
3.528159 3
0.248266 144
0.375945 141
2.862453 140
2.789970 145
4.293476 146
1.071752 1
0.209803 1
0.199898 1
0.185890 1
1.289210 143
0.054003 146
0.269896 149
0.868131 152
1.913942 2
0.000018 9
0.000040 36
0.000070 28
0.001491 43
0.000054 33
0.000018 25
0.000105 96
4.452180 1
0.164456 1
0.269442 1
0.104026 1
0.097518 1
0.838401 1
0.642113 1
0.563828 1
0.326202 1
0.373676 11
0.000049 36
0.000017 51
0.000054 28
0.001399 43
0.000040 33
0.000005 25
0.000059 8
0.000005 88
1.012021 9
1.995655 1
0.307643 1
0.144753 1
0.131949 1
0.964712 9
0.062434 9
0.077804 9
0.189605 11
0.000040 36
0.000005 48
0.000064 28
0.001446 43
0.000035 58
0.000071 96
1.707713 12
0.386230 15
0.229436 64
3.978637 1
0.516318 1
0.033161 1
0.033432 1
0.033472 1
0.032861 1
0.033111 1
0.033424 1
0.032987 1
0.033434 1
0.033073 1
0.030949 1
0.035454 1
0.033469 1
0.033498 1
0.033407 1
0.033442 1
0.033426 1
0.033527 1
0.033526 1
0.032922 1
0.033502 1
0.033506 1
0.030176 1
0.036398 1
0.032927 1
0.033437 1
0.033476 1
0.032936 1
0.033385 1
0.032990 1
0.033459 1
0.033464 1
0.033382 1
0.033087 1
0.033370 1
0.033449 1
0.033054 1
0.434956 1
0.248093 1
0.209107 1
0.821001 1
0.237352 1
0.183891 1
0.284714 1
0.283813 1
2.172633 163
0.559953 2
0.000024 9
0.000043 36
0.000057 28
0.001395 43
0.000072 58
0.000069 96
0.405569 54
0.179414 103
0.419223 11
0.000054 36
0.000021 46
0.000054 28
0.001372 43
0.000057 58
0.000127 96
0.743840 12
0.518088 66
2.002052 1
0.811707 1
10.467502 79
1.517292 303
0.701920 9
0.517035 9
0.032999 9
0.033338 9
0.033420 9
0.033486 9
0.033404 9
0.033459 9
0.033463 9
0.144958 9
0.499362 7
0.018157 9
0.032853 9
0.033347 8
0.033543 691
0.033449 347
0.033486 349
0.033530 9
0.032913 9
0.033714 9
0.032805 7
0.564694 3
0.226504 7
0.499545 7
0.018022 7
0.032973 7
0.033424 7
0.033466 7
0.032999 7
0.033449 7
0.033534 7
0.033441 7
0.033443 7
0.033471 7
0.033388 7
0.033607 7
0.033320 7
0.033481 7
0.033339 7
0.032962 7
0.033492 7
0.033068 7
0.033482 7
0.032958 7
0.033426 7
0.033488 7
0.033378 7
0.033444 7
0.033443 7
0.032970 7
0.033474 7
0.033391 7
0.033505 7
0.033418 7
0.033395 7
0.033454 7
0.033376 7
0.033480 7
0.033450 7
0.033536 7
0.033407 7
0.033440 7
0.033469 7
0.033073 7
0.033367 7
0.033597 7
0.033368 7
0.033071 7
0.033008 7
0.033032 7
0.030211 7
0.035926 7
0.033069 7
0.032999 7
0.033009 7
0.033418 7
0.030825 7
0.036001 7
0.033457 7
0.033342 7
0.033437 7
0.033566 7
0.033302 7
0.033555 7
0.033463 7
0.033342 7
0.033411 7
0.033409 7
0.033415 7
0.033433 7
0.033441 7
0.033441 7
0.033461 7
0.033418 7
0.147476 7
0.157575 7
0.638712 59
0.525594 155
0.000089 9
0.000027 36
0.000096 28
0.001377 43
0.000047 58
0.000068 8
0.000007 88
0.608635 54
0.185618 103
0.640126 11
0.000034 36
0.000017 46
0.000054 28
0.001532 43
0.000074 58
0.000120 96
29.831721 12
0.347928 66
0.409897 1
0.315400 103
0.286345 66
0.776231 103
0.582259 15
0.359344 64
0.436540 109
0.573907 31
0.372029 35
1.166549 4
0.161909 4
0.141583 4
0.496441 1
0.092260 1
0.433420 1
106.015166 2
0.000008 9
0.000043 36
0.000061 28
0.001435 43
0.000120 154
0.532769 12
0.151813 24
0.370021 66
0.726454 1
0.267283 1
0.268669 3
0.370004 2
0.516870 10
0.030536 2
0.031915 7
0.030411 2
0.032243 4
0.040337 3
0.033002 3
0.033450 6
0.033395 2
0.033429 8
0.310339 3
0.173970 3
0.136160 148
0.180008 145
0.454292 144
0.088057 147
0.460101 2
0.000009 9
0.000077 36
0.000028 28
0.001459 43
0.000041 33
0.000004 25
0.000055 54
0.355500 54
1.136343 88
0.207142 1
8.433288 1
0.085935 1
0.768001 1
1.046388 1
0.447277 4
0.191883 4
0.179952 4
0.110037 4
0.165249 54
0.338365 1
0.517329 1
0.033040 1
0.033520 1
0.033398 1
0.033376 1
0.033094 1
0.033413 1
0.033503 1
0.033479 1
0.033477 1
0.033477 1
0.032996 1
0.033392 1
0.033447 1
0.033424 1
0.033567 1
0.033334 1
0.033073 1
0.033413 1
0.033438 1
0.033456 1
0.033440 1
0.033350 1
0.033532 1
0.033018 1
0.033418 1
0.033394 1
0.033403 1
0.033457 1
0.033490 1
0.033425 1
0.031420 1
0.035128 1
0.033411 1
0.033381 1
0.033427 1
0.032977 1
0.033485 1
0.033381 1
0.033432 1
0.033870 1
0.033184 1
0.032878 1
0.033547 1
0.030000 1
0.036326 1
0.032985 1
0.033402 1
0.033051 1
0.033401 1
0.031360 1
0.035095 1
0.033384 1
0.032999 1
0.033247 1
0.628694 3
0.499355 3
0.002849 3
0.030236 3
0.031962 3
0.032783 3
0.032481 3
0.030517 3
5.200511 11
0.249099 1
0.661665 83
0.868814 160
0.664180 1
0.482250 2
0.000007 9
0.000041 36
0.000063 28
0.001440 43
0.000046 58
0.000060 64
2.946830 48
1.181730 138
0.000037 36
0.000076 28
0.001451 43
0.000066 58
0.000063 49
8.166590 143
0.891588 167
0.000042 36
0.000042 36
0.000058 28
0.001394 43
0.000068 58
0.000071 62
6.398389 1
0.095440 1
1.026626 1
0.413594 1
0.946407 1
0.115431 1
0.697784 1
0.348412 3
0.092310 3
0.234750 1
1.469205 5
0.503830 5
0.697586 3
0.416313 3
0.932231 3
1.112042 11
0.000055 36
0.000067 28
0.001460 43
0.000060 58
0.000191 19
2.108227 11
0.000095 28
0.001423 43
0.000044 33
0.000014 25
0.000099 8
0.000005 11
0.275902 11
0.000085 28
0.001396 43
0.000049 33
0.000016 25
0.000091 19
0.194303 11
0.000100 28
0.001328 43
0.000062 33
0.000005 25
0.000102 19
4.854315 12
1.167816 63
0.323853 59
0.260416 1
0.312120 7
0.185814 7
0.138029 7
0.164434 7
0.174022 7
1.115962 7
0.223905 3
0.698136 3
1.341822 3
1.366088 3
0.428081 2
0.000023 9
0.000025 36
0.000067 28
0.001386 43
0.000058 33
0.000014 25
0.000043 13
3.323955 10
0.791958 1
0.496330 7
0.186135 7
0.155521 7
0.164407 7
2.160167 3
11.936309 3
0.009634 3
1.253948 3
0.074561 3
0.531428 3
1.032006 3
1.251959 3
0.328070 2
0.000036 9
0.000025 36
0.000069 28
0.001365 43
0.000059 33
0.000023 25
0.000090 37
0.000007 1
6.682290 11
0.000007 17
0.000217 32
0.001264 43
0.000051 33
0.000019 25
0.000092 38
0.741175 155
0.659129 137
0.000009 9
0.000048 36
0.000102 28
0.001345 43
0.000047 33
0.000017 25
0.007014 77
24.631866 121
0.515729 178
0.000065 36
0.000113 28
0.001347 43
0.000059 33
0.000034 25
0.000046 85
6.038842 205
0.565409 208
0.000063 36
0.004603 100
0.001050 43
0.000101 33
0.000013 25
0.000080 36
1.636073 11
0.000118 28
0.001368 43
0.000054 33
0.000012 25
0.000050 36
4.361036 212
2.585282 257
0.000059 36
0.000081 28
0.001364 43
0.000049 33
0.000013 25
0.003368 121
1.139384 11
0.000149 28
0.001430 43
0.000061 33
0.000016 25
0.003224 121
0.228628 11
0.000180 28
0.001288 43
0.000045 58
0.002987 121
0.193264 11
0.000143 28
0.001339 43
0.000068 58
0.002904 121
4.079960 1
0.084580 1
0.673326 1
0.552005 4
0.375711 1
0.364474 4
0.207428 1
1.174422 1
0.933898 1
1.716198 1
0.117878 1
0.683969 1
0.762132 1
0.168073 4
0.754015 11
0.000055 36
0.000093 28
0.001363 43
0.000062 58
0.000087 96
4.972105 1
0.096164 1
0.354185 1
1.623824 1
0.646024 1
0.135879 1
0.208817 1
0.557275 3
0.297627 3
0.980252 1
0.394066 1
0.085943 1
0.201785 1
0.122716 1
0.263101 1
0.222072 1
0.156056 1
0.124421 1
1.113881 1
0.490016 4
0.095964 1
0.141881 1
0.204283 1
0.223358 1
0.118536 1
0.399662 4
0.164419 4
0.124640 4
0.106839 4
0.812537 1
0.247522 1
0.110373 1
0.069734 1
1.044258 1
0.115984 1
0.467912 1
0.285696 1
0.404434 1
0.079942 1
0.289953 1
2.952008 1
0.539862 1
0.245727 1
0.234480 1
0.115894 1
0.211834 1
1.584433 1
0.177319 1
25.776369 1
0.185703 1
0.098279 1
0.196144 1
0.385849 4
0.556100 1
0.828031 1
0.159540 1
0.211240 1
1.261285 3
0.238053 3
0.145923 3
0.147563 3
0.139982 3
0.558482 3
0.500218 3
0.205757 3
0.124191 3
0.169288 3
0.586482 3
0.092065 3
0.732074 7
0.165557 7
0.135819 3
0.070750 3
0.707689 3
1.138158 3
0.079979 3
0.103413 3
0.110070 3
0.060541 3
0.109441 3
0.734493 11
0.000051 36
0.000124 28
0.001298 43
0.000050 33
0.000005 25
0.000060 8
0.000017 88
5.429458 1
0.260512 1
0.414412 1
0.413982 1
1.735968 1
0.140008 1
0.914065 4
0.137712 4
0.175900 1
0.340091 1
0.335747 4
0.200318 1
0.153795 1
0.203373 1
1.319983 3
0.444706 3
0.292015 3
0.139957 3
0.088454 3
0.221468 3
0.212317 7
0.157722 7
1.166395 3
0.066043 3
0.117498 3
0.754195 7
0.174272 7
0.128128 7
0.861863 3
0.097501 3
7.429601 3
0.260403 1
0.654559 3
1.543874 3
0.400050 3
0.683898 17
0.704050 15
0.868084 3
0.387856 17
0.702131 15
0.483930 11
0.000067 62
0.000059 28
0.001357 43
0.000051 33
0.000018 25
0.000055 8
0.000031 88
1.647628 31
1.586043 1
0.499690 1
0.004642 1
0.042687 1
0.033816 1
0.031264 1
0.033037 1
0.038070 1
0.030022 1
0.036131 1
0.033082 1
0.033445 1
0.033438 1
0.033431 1
0.030123 1
0.031056 1
0.030375 1
0.034450 1
0.030335 1
0.029831 1
0.030076 1
0.030414 1
0.030446 1
0.030318 1
0.379920 3
0.307416 1
0.485218 5
0.477993 5
0.200842 3
0.500852 3
0.031160 3
0.031223 3
0.031327 3
0.030724 3
0.030794 3
0.030994 3
0.041489 3
0.222309 35
0.165817 31
0.123172 3
0.517443 3
0.031036 3
0.030522 3
0.039077 3
0.031412 3
0.031962 3
0.032616 3
0.341059 19
0.178048 15
0.262138 2
0.000009 9
0.000039 36
0.000007 16
0.000067 28
0.001327 43
0.000045 33
0.000019 25
0.000079 96
23.629469 31
0.256086 50
0.257768 149
0.972587 1
0.516860 1
0.033142 1
0.032969 1
0.033484 1
0.033431 1
0.033460 1
0.033482 1
0.033094 1
0.032975 1
0.030493 1
0.036013 1
0.033452 1
0.033478 1
0.033116 1
0.033412 1
0.033048 1
0.033437 1
0.033025 1
0.033446 1
0.033002 1
0.033468 1
0.033515 1
0.033479 1
0.033435 1
0.033461 1
0.033047 1
0.030894 1
0.035065 1
0.033051 1
0.033464 1
0.032992 1
0.033446 1
0.033515 1
0.318254 3
0.170125 5
0.126023 5
0.352192 5
0.528242 5
0.094092 5
0.227491 11
0.000063 36
0.000111 28
0.001439 43
0.000042 33
0.000007 25
0.000087 96
0.331689 62
0.208166 124
0.496671 11
0.000011 36
0.000023 22
0.000069 28
0.001468 43
0.000055 33
0.000005 25
0.000065 8
0.000016 88
4.056478 1
0.083982 1
0.127621 1
0.118431 1
0.109391 1
2.640462 1
0.598042 1
0.058075 1
0.395899 1
0.268108 1
1.171927 11
0.000040 49
0.000092 28
0.001278 43
0.000074 58
0.000097 96
0.838487 1
0.129890 1
0.782076 4
0.135945 1
0.270070 1
0.104592 1
0.317266 1
0.166131 1
1.429405 1
13.436279 1
0.102308 1
0.077447 1
0.738523 1
1.027912 1
3.232152 1
0.090200 1
1.413398 1
0.730421 1
0.174319 1
1.193586 1
0.637465 1
0.058736 1
0.235488 1
0.622382 1
0.821944 1
0.281652 2
0.000008 9
0.000041 36
0.000759 28
0.001327 43
0.000078 58
0.000096 96
2.258075 1
0.232730 1
0.132873 1
0.096409 1
0.081438 1
0.188044 1
0.156494 1
0.831873 1
0.125592 1
0.638500 1
0.110062 1
0.096572 1
0.276845 1
0.182521 1
1.319964 1
0.107624 1
0.183973 1
0.189994 1
0.266428 11
0.000048 36
0.001916 74
0.000353 77
0.000031 72
0.000052 63
0.000296 28
0.001313 197
15.786034 1
0.113919 1
0.671710 1
1.102324 1
0.820050 1
6.560433 12
0.616808 5
0.974776 1
0.901933 1
0.329898 2
0.000008 9
0.000046 36
0.000066 28
0.001369 43
0.000050 33
0.000055 25
0.000050 96
2.772577 1
0.091954 1
0.063519 1
0.172320 1
0.674884 4
0.132875 4
0.139966 4
0.109930 4
0.109945 1
0.128527 1
0.682209 1
0.181764 1
0.083517 1
3.364255 1
1.588354 2
0.109750 2
0.209948 2
0.412162 2
0.350040 2
0.255999 2
0.681014 2
0.330946 2
0.179536 2
0.164108 2
0.454381 4
0.329654 2
0.159808 2
0.060522 2
0.089610 2
0.562571 2
0.000035 9
0.000051 8
0.000008 4
1.479691 11
0.000048 12
0.373970 11
0.000066 12
0.203844 11
0.000075 12
1.496011 2
0.435511 4
2.474160 1
0.403957 11
0.000030 36
0.000020 36
0.000065 28
0.001421 43
0.000045 58
0.000069 8
0.000006 88
10.738011 1
0.048726 1
0.347547 1
1.716527 1
2.231559 1
0.119883 1
0.137572 1
1.843641 3
0.063264 3
0.447171 1
0.363796 3
0.608983 3
0.156824 1
0.214232 1
2.056898 7
2.281911 7
0.250006 7
0.104193 7
0.245650 7
0.504343 7
0.281978 2
0.000009 9
0.000048 36
0.000062 28
0.002810 43
0.000035 33
0.000019 25
0.000062 8
0.000012 88
3.391016 1
0.092396 1
1.185613 1
0.561967 4
0.197627 4
0.199953 4
0.157998 1
0.526202 11
0.000089 28
0.001355 43
0.000044 33
0.000016 25
0.000098 96
4.998509 1
0.794034 4
0.829640 15
0.181277 57
1.233276 4
0.299447 6
0.225919 6
0.422417 6
0.145735 150
0.982260 2
0.000009 9
0.000057 11
0.568065 11
0.000043 11
0.299841 11
0.000042 11
0.161949 11
0.000045 11
0.795700 11
0.000008 17
0.000019 2
0.000071 30
0.001322 43
0.000068 58
0.000131 96
6.238088 1
0.333997 39
0.313164 274
0.456778 1
0.211655 1
0.175970 1
0.276348 1
0.752645 9
0.541820 11
0.000041 36
0.000062 28
0.001375 43
0.000090 33
0.000067 25
0.000066 96
0.636053 16
0.532050 55
0.472402 14
0.000067 11
0.633848 11
0.000047 11
5.442026 11
0.000035 17
0.000038 2
0.000057 30
0.001350 43
0.000046 33
0.000006 25
0.000080 96
4.024337 1
0.250011 1
1.088013 1
0.823972 1
0.590060 1
0.131583 1
0.139481 1
0.572908 3
0.132059 3
0.123502 3
0.141972 3
0.282168 11
0.000050 36
0.000057 28
0.001443 43
0.000079 33
0.000026 25
0.000069 96
0.988176 10
0.207180 51
0.611200 6
0.585495 6
0.158134 6
0.191884 150
0.296106 2
0.000020 9
0.000051 12
0.942403 11
0.000035 17
0.000009 2
0.000079 30
0.001326 43
0.000061 33
0.000005 25
0.000081 96
4.374282 1
0.079512 1
0.098470 1
0.746006 1
0.301641 1
0.622411 1
0.246014 1
0.115393 2
0.000008 9
0.000061 12
1.112420 11
0.000039 12
0.215927 11
0.000041 12
0.682075 11
0.000042 17
0.000008 2
0.000100 30
0.001378 43
0.000069 58
0.000068 96
5.399555 9
0.261913 41
0.195223 33
0.791078 1
0.334595 7
0.177484 7
0.144061 7
0.161959 7
1.078460 2
0.000010 9
0.000032 36
0.000065 28
0.001348 43
0.000054 58
0.000069 8
0.000016 88
19.136399 1
0.081988 1
0.129935 1
0.770127 1
0.073967 1
0.850124 1
0.583876 1
0.065987 1
0.173671 1
0.193938 1
0.272460 1
0.083941 1
1.029994 1
0.870063 1
0.067923 1
0.391578 1
0.180195 3
0.418396 3
0.133458 3
0.078437 3
0.137521 3
0.082473 3
0.482414 7
0.546915 3
0.186133 1
0.490444 1
0.094071 1
0.633907 1
0.181865 1
0.159711 1
0.220124 1
0.217873 1
1.608270 1
1.068275 1
0.109987 1
0.208675 1
0.899289 3
0.096058 3
0.227502 3
0.076409 3
0.315911 3
0.082150 3
0.351767 7
2.601466 1
0.279903 1
0.404855 11
0.000046 36
0.003289 28
0.001099 43
0.000079 58
0.000069 8
0.000006 88
1.335703 1
0.083217 1
0.121986 11
0.000044 36
0.003411 97
0.000515 28
0.003485 197
3.077120 1
0.081938 1
0.238087 1
0.217388 1
0.137975 1
0.110491 1
0.305733 1
0.058377 1
0.240224 1
0.175274 1
0.322281 1
0.086147 1
0.219559 11
0.000055 36
0.002864 28
0.001163 43
0.000049 58
0.000113 96
2.536169 1
0.082693 1
0.088770 1
0.744529 1
0.086123 1
0.135373 1
0.188169 1
0.264415 1
0.123870 1
1.202027 1
0.730011 1
0.078107 1
0.214850 1
0.705163 3
0.113994 3
0.245608 3
0.094402 3
0.185483 3
0.952069 3
0.206402 1
0.664057 1
0.091986 1
0.377666 1
0.162268 1
0.065991 1
0.099983 1
0.387845 1
0.650158 4
0.227642 1
2.634427 2
0.000006 9
0.000046 36
0.003172 28
0.002396 197
42.944668 1
0.065636 1
0.169531 1
0.436410 1
0.050008 1
0.573970 1
0.120064 1
0.261822 1
0.208231 1
0.239857 1
0.951970 1
0.514159 1
0.075954 1
0.231011 1
0.370855 3
0.088109 3
0.175508 3
0.082519 3
0.187555 3
8.368165 3
0.379418 1
0.636958 11
0.000060 36
0.002332 28
0.001182 43
0.000052 58
0.000062 96
2.044214 1
0.071323 1
0.156193 11
0.000043 36
0.003338 57
0.000519 28
0.001163 43
0.000060 58
0.000071 8
0.000018 88
2.069339 1
0.115964 1
0.142026 1
0.255598 1
0.092397 1
0.188521 5
0.283165 11
0.000050 36
0.003183 30
0.000502 28
0.002979 197
10.817992 1
0.053537 1
0.259619 1
0.112483 1
1.699907 4
0.502304 4
0.014326 4
0.032914 4
0.033447 1
0.032879 1
0.033053 1
0.033370 1
0.033389 1
0.031992 1
5.952696 1
0.071674 1
0.095783 1
5.526264 1
0.773886 4
0.245591 1
0.438187 1
0.091755 1
0.172129 1
0.878307 1
1.930089 1
0.084257 1
0.105227 1
0.256328 1
0.070149 1
0.213688 1
1.726278 1
0.071991 1
0.187044 1
0.751038 3
0.077997 3
0.111969 3
0.247969 3
0.291752 3
0.080204 3
0.223705 3
0.805244 3
1.536988 1
0.436945 1
1.239239 1
1.939988 1
0.309572 1
0.882484 1
0.435638 4
0.270370 1
0.277543 4
0.181928 1
0.596497 1
0.048236 1
0.339611 1
0.291647 4
0.124441 1
0.271560 1
0.556384 1
0.357963 4
0.084090 1
0.179438 1
0.222048 1
0.179974 1
0.420404 2
0.000014 9
0.000049 36
0.051145 8192
0.000024 4212
0.000125 6814
0.000035 8192
0.027013 5819
0.000032 4095
0.000035 8192
0.000036 8192
0.000023 4507
0.000015 2513
0.000008 1307
0.000017 2014
0.000047 2079
0.003960 4095
0.000011 205
0.000784 28
0.002344 43
0.000008 58
0.000143 96
5.902650 1
0.015594 1
0.343999 1
0.145898 1
0.206025 1
1.528097 1
0.622291 1
0.117632 1
0.359965 4
0.137613 4
0.048455 1
0.147445 1
0.134079 1
1.846412 1
0.145674 1
0.220351 4
0.115496 1
0.082563 1
0.133731 1
0.770051 1
0.346091 1
0.056057 1
0.292800 1
1.337343 3
0.095408 3
0.150405 3
0.662079 3
0.063980 3
12.570105 2
0.000008 9
0.000041 36
0.003253 28
0.002643 197
0.811902 1
0.065503 1
0.075033 11
0.000095 36
0.003868 296
0.000511 28
0.001236 43
0.000065 58
0.000073 8
0.000006 88
4.783737 1
0.165568 1
0.159991 1
0.930410 1
0.086249 1
0.889772 1
5.238103 1
0.099950 1
0.087910 1
1.149965 4
0.389823 1
0.288244 1
0.077920 1
0.259751 1
1.206260 1
1.406069 1
0.070076 1
0.329412 20
0.536451 1
0.078104 1
0.335834 1
1.128035 1
1.114027 1
0.325980 1
0.217995 1
0.289908 1
1.151091 1
0.126964 1
0.076046 1
0.230029 1
0.108262 1
0.225623 4
0.117551 1
1.043909 1
0.499863 1
0.001306 1
0.029480 1
0.049579 1
0.035955 1
0.033011 1
0.033457 1
0.033429 1
0.032995 1
0.033488 1
0.191309 1
0.173983 1
0.148334 27
0.782136 27
1.026365 31
0.823642 22
0.545686 1
0.555875 1
1.834742 3
0.084084 3
1.283936 3
0.687018 3
1.353157 3
0.149368 3
0.152021 3
0.149951 3
0.140062 3
1.414396 3
0.086384 3
0.219701 3
0.157864 3
0.222982 3
0.563115 1
0.687990 1
0.159547 1
0.097068 1
0.194887 1
0.254051 11
0.000043 36
0.003038 28
0.003161 197
0.400074 1
0.112090 1
0.121450 11
0.000052 36
0.003403 353
0.000534 28
0.002060 197
5.460687 1
0.153379 1
0.132479 1
0.163964 1
0.411767 1
1.505937 1
0.625898 1
0.076241 1
0.282994 1
1.243295 3
0.541886 3
0.564001 7
0.099569 7
0.286118 3
0.083914 3
0.144432 3
0.059978 3
1.773973 3
0.082229 3
0.511779 3
0.996028 3
0.179971 3
0.121990 3
0.339690 3
0.282348 3
0.133435 3
0.910541 1
0.212328 5
0.045618 9
0.610077 9
0.107443 5
0.547635 3
0.189726 3
1.363193 1
0.401648 1
0.162608 1
0.390458 1
1.475281 3
0.189996 3
0.104071 3
0.337581 3
1.936447 3
0.145641 3
0.387986 3
1.290271 3
0.346048 7
0.169637 7
0.121864 7
0.130137 3
0.124315 3
0.171438 3
2.102554 3
0.175986 3
0.568068 2
0.000017 9
0.000046 36
0.003092 28
0.003325 43
0.000078 33
0.000016 25
0.000069 96
0.453242 1
0.147979 1
0.085609 2
0.000025 9
0.000073 36
0.003434 460
0.000509 28
0.001295 43
0.000175 154
3.080954 1
0.118069 1
0.207606 1
0.156012 1
0.162092 1
0.292107 1
0.107660 1
0.428425 1
0.499869 1
0.060103 1
0.426294 1
0.065752 1
1.062062 1
0.825589 1
0.133915 1
0.183457 1
0.759055 3
0.077966 3
0.193453 3
0.106549 3
0.608013 3
0.862026 3
2.393821 3
0.331943 3
2.268194 3
0.311992 7
0.205622 3
1.270207 3
0.465769 3
1.996301 3
0.897986 3
0.496296 3
0.317713 2
0.000008 9
0.000042 36
0.000062 28
0.001451 43
0.000052 33
0.000005 25
0.000063 96
3.724396 1
0.069554 1
0.194447 1
0.422248 3
1.355716 1
0.270048 4
0.197544 1
0.155913 1
0.197992 1
1.650463 1
1.749965 1
1.439989 1
0.136300 1
0.227075 1
0.844625 1
0.158052 1
0.293271 1
0.149680 1
0.230274 1
0.161880 1
0.173921 1
0.280061 1
0.176591 11
0.143847 3
0.177224 3
0.150615 3
0.166065 3
0.109703 3
0.348819 1
0.388187 4
0.323302 1
0.316068 1
0.190278 4
0.174164 4
0.160023 4
0.151912 4
0.143820 4
0.802307 1
0.122012 1
0.211858 1
0.143782 1
0.350768 1
0.687561 4
0.153708 4
0.157977 4
0.124020 4
0.129881 4
1.400401 1
0.480046 1
0.089947 1
0.351829 1
0.121824 1
0.074377 1
0.348093 1
0.141509 1
0.810435 1
0.783965 1
0.096040 1
0.090060 1
0.247886 1
2.420062 1
1.072052 1
0.147548 1
0.081883 1
0.216032 2
0.000010 9
0.000043 36
0.002999 28
0.001363 43
0.000073 33
0.000005 25
0.002088 96
2.407497 27
0.167240 56
4.889168 11
0.000037 36
0.000083 28
0.001513 43
0.000077 58
0.000070 96
2.675843 29
0.433511 1
0.516992 1
0.033169 1
0.033402 1
0.033024 1
0.034828 1
0.031615 1
0.031410 1
0.035512 1
0.033465 1
0.032992 1
0.033379 1
0.033449 1
0.735102 1
0.191404 1
0.184545 5
3.876415 5
0.201209 1
0.000047 5
0.469578 1
0.000010 5
0.439122 5
0.173847 5
0.520591 5
0.358923 3
0.499489 3
0.007154 3
0.028564 3
0.036176 3
0.030889 3
0.040092 3
0.038573 3
0.034641 3
0.033437 3
0.033451 3
0.032951 3
0.033452 3
0.369544 3
0.271612 3
0.460754 4
0.567955 1
0.268013 2
0.000027 9
0.000047 36
0.003970 28
0.001500 197
0.300065 30
0.153704 37
0.836734 11
0.000038 36
0.000074 28
0.001631 43
0.000065 33
0.000005 25
0.000074 96
0.280095 1
0.091515 1
0.076534 2
0.000008 9
0.000043 36
0.003488 498
0.000518 28
0.003371 197
2.049985 2
0.209861 31
0.527942 1
0.500238 1
0.049812 1
0.033031 1
0.033503 1
0.033417 1
0.033482 1
0.029905 1
0.033885 1
0.035554 1
0.033493 1
0.033173 1
0.033181 1
0.633530 1
0.207707 1
3.179014 5
0.213381 5
0.591802 3
0.509101 3
0.001864 3
0.030787 3
0.038082 3
0.034015 3
0.032894 3
0.032976 3
0.030926 3
0.035565 3
0.032899 3
0.032448 3
0.032352 3
0.225832 3
0.174375 3
0.172090 4
0.131899 1
0.376415 2
0.000010 9
0.000041 36
0.003745 28
0.001291 43
0.000061 33
0.000017 25
0.000095 96
0.368421 29
0.199664 34
0.248333 11
0.000035 36
0.003339 498
0.000514 28
0.003260 197
42.928610 2
0.367864 31
0.468907 34
0.382985 31
0.302268 34
0.173557 31
0.304507 33
0.337829 1
4.162234 1
1.528479 11
0.000044 36
0.003735 28
0.001250 43
0.002479 154
0.381636 30
0.207646 35
0.380301 31
0.459850 34
0.278653 31
0.427696 33
0.412100 37
0.295693 60
0.622950 11
0.000042 36
0.003250 28
0.001225 43
0.000091 33
0.000016 25
0.000082 8
0.000006 88
0.340591 27
0.243728 57
0.230240 35
0.334206 31
0.429977 34
0.268429 11
0.000038 36
0.003222 528
0.000483 28
0.001473 197
20.012886 2
0.004355 2
0.121075 2
0.281355 2
0.361179 4
0.159922 4
0.097731 4
0.142392 4
0.606079 1
0.071932 1
0.139690 1
0.222213 1
0.165616 1
0.084232 1
0.300003 1
0.160133 1
1.144354 11
0.471721 2
0.000008 9
0.000043 36
0.000065 28
0.001383 43
0.000051 33
0.000005 25
0.000068 96
0.331607 19
0.195825 24
0.294191 29
0.201578 57
0.679178 11
0.000063 36
0.003727 28
0.001172 43
0.000059 58
0.000074 8
0.000006 88
0.343973 30
0.239867 54
0.350664 24
0.537825 29
0.468590 11
0.000040 36
0.003631 28
0.000634 43
0.000060 33
0.000006 25
0.000088 8
0.000015 88
0.330437 27
0.057738 57
0.372685 54
0.351908 24
0.418528 11
0.000039 36
0.003322 528
0.000469 28
0.001245 43
0.000059 33
0.000016 25
0.000059 96
43.188702 2
0.119129 29
0.606686 32
0.918522 4
0.117602 4
0.143855 1
0.073916 1
0.418350 1
0.055778 1
0.194179 1
0.532296 1
0.197596 1
0.185949 1
0.181190 2
3.741512 1
0.231734 1
0.138897 13
0.691098 2
0.000035 9
0.000025 36
0.001317 28
0.001913 197
0.529900 22
0.186306 27
0.298218 11
0.000044 36
0.003668 498
0.000194 28
0.001337 43
0.000058 58
0.000062 96
0.314174 2
0.190175 24
0.612129 27
0.249191 29
0.180173 57
0.164198 54
0.610625 11
0.000043 36
0.000072 28
0.001512 43
0.000027 33
0.000024 25
0.000072 8
0.000007 88
0.485851 19
13.616218 1
0.322320 1
0.424135 4
0.163546 4
0.172029 4
0.134331 4
0.499404 4
0.002233 4
0.031681 4
0.030602 4
0.035112 4
0.032932 4
0.032943 4
0.047505 4
0.036959 4
0.033455 4
0.032975 4
0.033454 4
0.033349 4
0.033069 4
0.033371 4
0.033555 4
0.030787 4
0.035604 1
0.031615 1
0.030265 1
0.030355 1
0.030192 1
0.311374 1
0.000021 1
0.137253 1
0.163669 1
0.186383 1
0.393845 1
0.081581 1
0.342461 4
0.133680 4
0.222197 1
0.072007 1
0.562259 1
0.459972 1
0.076217 1
0.265487 1
0.070210 1
1.820050 1
0.385882 1
0.864095 1
0.060264 1
0.227805 1
0.083939 1
0.421673 1
0.416042 4
0.143963 4
0.089720 1
0.134524 1
1.952045 1
0.718130 1
0.645929 1
0.455964 1
1.003863 1
0.487863 1
0.812306 1
1.325832 1
0.420111 1
0.359598 1
0.444220 2
0.000031 9
0.000035 36
0.003968 28
0.001297 43
0.000056 33
0.000016 25
0.000065 96
0.469623 29
0.158350 53
0.133632 24
0.136193 24
0.860449 27
0.285775 29
0.542639 11
0.000043 36
0.002839 28
0.001391 43
0.000066 33
0.000004 25
0.000072 96
0.312802 27
0.181976 56
0.175914 53
0.536171 24
0.380692 11
0.000037 36
0.003832 528
0.000115 28
0.001208 43
0.000077 58
0.000069 96
6.631922 1
0.222726 4
0.083565 1
0.110540 1
0.680047 1
0.075926 1
0.313600 1
2.850436 4
0.505834 4
0.002164 4
0.029606 4
0.031338 4
0.030873 1
0.031328 1
0.040327 1
0.036460 1
0.030211 1
0.032815 1
0.230681 1
0.030889 1
0.030094 1
0.036294 1
0.935143 1
0.134073 1
0.000007 1
1.375911 1
0.139940 1
0.496026 1
0.752049 1
0.087888 1
0.129486 1
0.572531 1
0.437886 1
0.022489 1
0.155319 1
0.094269 1
0.105588 1
0.314316 1
0.409594 1
0.134566 1
0.291879 4
0.157600 4
0.130155 4
0.127823 4
0.130015 4
0.156016 4
0.101980 4
0.202321 4
0.119833 1
0.526198 4
1.782177 1
0.121482 1
0.258067 1
0.090440 1
1.971974 1
0.344084 1
0.007800 1
0.484953 1
0.505236 3
0.083308 3
0.130547 3
0.379910 3
0.068959 3
0.409255 3
1.245210 3
0.734815 1
0.081429 1
0.354464 4
0.261596 1
0.127863 1
0.066546 1
1.070106 1
0.495875 1
0.077491 1
0.254592 1
0.921954 1
1.069866 1
1.544034 1
0.134351 1
0.375618 1
0.102224 1
0.109949 1
1.735650 1
0.288720 1
1.055578 1
1.267963 4
0.355662 1
0.146252 1
1.872130 1
0.065893 1
0.518200 1
0.040203 1
0.147380 1
0.128090 1
0.922236 1
0.650094 1
0.663868 1
0.114433 1
0.123581 1
0.108010 1
0.217888 1
0.620152 1
0.493698 1
0.264124 1
0.315920 1
2.452308 2
0.000017 9
0.000054 36
0.000207 6
0.000044 28
0.001515 43
0.000065 33
0.000013 25
0.000056 8
0.000006 88
3.627960 1
0.043053 1
0.302583 1
0.412335 1
0.309519 11
0.000047 36
0.000084 28
0.001378 27
0.000048 17
0.000006 25
0.000056 8
0.000021 56
2.178997 1
0.076281 1
0.175195 1
3.540319 1
1.618042 1
0.063968 1
0.183443 1
0.364604 1
0.651980 11
0.000071 36
0.000181 28
0.001828 27
0.000104 42
0.000093 64
2.503651 1
0.074148 1
0.210006 1
1.293947 1
0.323649 1
0.124278 1
0.287313 1
2.242563 3
1.577078 3
0.351149 7
0.589935 3
1.793951 3
0.253711 3
0.199976 3
0.342358 3
0.539882 3
0.082266 3
0.265427 3
0.358446 7
0.201898 3
0.081580 3
1.294552 3
0.481803 11
0.000125 36
0.000065 28
0.001371 27
0.000051 42
0.000060 8
0.000005 56
2.580959 1
0.061434 1
0.118069 1
1.895875 1
0.597827 1
0.167840 1
0.758462 1
0.307605 11
0.000053 36
0.000174 79
0.000045 28
0.001397 27
0.000059 17
0.000016 25
0.000049 64
1.439775 7
1.573952 24
0.531835 1
0.269120 7
0.169430 7
0.152119 7
0.137891 7
0.139993 7
0.174467 7
0.157690 7
0.212358 7
0.163503 7
0.610436 4
0.169536 4
0.258153 4
0.100298 4
0.197596 4
0.125915 4
0.112647 4
0.199547 4
0.127846 4
0.202335 2
0.000043 9
0.000035 36
0.000064 28
0.001428 27
0.000054 42
0.000064 64
0.283580 26
0.163844 52
0.377052 11
0.000048 36
0.000035 88
0.000054 28
0.001332 27
0.000054 17
0.000017 25
0.000042 8
0.000005 56
2.258611 1
0.119778 1
0.143448 2
0.000007 9
0.000045 36
0.003562 647
0.000197 28
0.001238 27
0.000045 17
0.000013 25
0.000053 8
0.000006 56
3.646845 2
2.467822 9
0.807952 33
1.769915 1
0.242157 1
0.515265 1
0.031054 1
0.315538 1
0.235759 1
0.167874 1
0.169912 1
0.175968 1
0.160050 1
0.499221 34
0.201550 34
0.390331 2
0.000018 9
0.000034 36
0.000063 28
0.001369 27
0.000052 17
0.000014 25
0.000049 64
0.319723 24
0.189941 45
0.410626 11
0.000056 36
0.003550 647
0.000207 28
0.001292 27
0.000067 17
0.000013 25
0.000059 64
0.430086 2
0.173858 26
0.158054 45
0.446251 9
0.400804 11
0.000042 36
0.000092 28
0.001395 82
0.000056 36
0.000007 25
0.000094 102
4.700306 1
0.216049 1
0.296005 1
0.055670 1
8.780689 2
0.006312 2
0.533232 1
4.460165 2
0.271543 2
0.135198 1
0.449210 4
0.143512 4
0.102368 4
0.129955 4
0.119686 4
0.107981 1
0.452412 1
0.111432 1
0.170397 1
0.101680 1
0.260330 1
0.116118 1
0.418143 1
0.515825 1
0.115723 1
1.590443 1
0.153551 1
0.684394 4
0.499971 4
0.002181 4
0.028471 4
0.030672 4
0.029971 4
0.030469 4
0.030959 1
0.030384 1
0.029809 1
0.030462 1
0.030510 1
0.030282 1
0.089497 1
0.086341 1
0.143389 1
0.322662 1
0.135805 1
0.083809 11
0.000053 36
0.000073 28
0.001584 27
0.000101 17
0.000005 25
0.000080 64
0.172147 1
0.132343 1
0.056025 1
0.457812 1
0.179671 1
0.161160 9
0.009428 1
0.171525 1
0.388335 4
0.846307 11
0.000054 36
0.000095 28
0.001479 38
0.000056 53
0.000064 86
0.161648 1
0.066345 1
0.113517 1
0.490297 1
0.115337 3
0.336817 1
0.315962 11
0.000049 36
0.000083 28
0.001487 43
0.000061 33
0.000005 25
0.000083 96
0.342076 1
0.086136 1
0.416113 4
0.143793 4
0.129752 1
0.123941 1
0.111943 1
0.092284 2
0.000009 9
0.000047 36
0.003353 528
0.000507 28
0.001718 197
16.115925 2
0.167947 9
0.204097 13
0.360511 16
0.311183 6
0.526928 11
0.000041 36
0.000057 86
0.000080 28
0.001473 43
0.000070 33
0.000016 25
0.000092 96
1.846204 1
0.088902 1
0.258539 1
0.955966 1
0.344499 2
0.000009 9
0.000043 36
0.000087 28
0.001436 27
0.000084 42
0.000054 64
0.613274 4
0.185978 5
0.438977 11
0.000038 36
0.000093 28
0.001509 82
0.000068 61
0.000071 8
0.000006 94
0.742232 1
0.114933 1
0.069126 11
0.000043 36
0.003803 28
0.003529 245
1.013876 2
0.231489 9
0.238108 8
0.417018 4
0.392122 4
0.145979 4
0.145606 4
0.145984 1
0.131978 1
4.388821 1
0.127118 1
0.158208 1
1.280311 1
0.078045 1
0.028252 1
0.095972 1
2.033638 1
0.521819 1
0.904124 1
0.076582 1
0.230763 1
0.372878 3
0.307689 3
0.199892 3
0.806399 3
1.133999 3
0.135967 3
0.141477 3
0.298534 2
0.000021 9
0.000062 36
0.001224 116
0.000258 28
0.001738 82
0.000081 36
0.000021 25
0.000092 102
1.899581 18
0.175592 23
0.146255 9
0.165978 8
0.167758 5
0.426588 12
0.693787 9
0.778909 4
0.169613 4
0.132157 4
0.142324 4
0.247444 1
0.229914 2
0.000022 9
0.000041 36
0.000093 28
0.001489 27
0.000061 17
0.000004 25
0.000057 64
1.362846 1
0.088652 1
0.094283 1
0.330756 1
0.488320 1
0.361816 4
0.341875 1
0.072278 1
0.102290 8
0.471626 11
0.000052 36
0.000098 28
0.001466 38
0.000049 28
0.000007 25
0.000075 86
4.186309 1
0.054922 1
0.137072 1
0.157451 1
0.129140 3
0.447446 1
0.085944 2
0.000019 9
0.000052 36
0.000084 28
0.001520 43
0.000052 33
0.000019 25
0.000056 96
1.990200 1
0.114055 1
1.048360 1
0.069594 1
0.171616 1
0.552289 1
0.932079 1
0.120061 1
0.714050 1
0.179452 1
0.290406 1
0.105747 1
0.834387 1
0.108249 1
0.407750 1
0.251446 1
1.808504 1
0.860110 1
0.141665 1
0.174142 1
0.945689 1
0.056313 1
0.569170 1
13.868042 1
1.336858 3
1.479909 7
0.223700 7
0.150123 7
0.154035 7
0.137836 7
1.502453 3
0.293989 3
0.685969 7
0.350092 3
0.235551 3
0.222005 3
0.318131 3
1.224301 3
0.243877 3
0.356116 3
0.531901 7
0.175612 7
0.680425 3
0.089235 3
0.298256 3
0.407453 3
1.431033 1
0.911996 4
0.309626 1
1.728139 1
0.048208 1
0.561356 1
0.480550 3
0.212003 3
0.342001 3
0.854134 3
0.091980 3
0.165948 3
0.842023 7
0.171985 7
0.103553 3
0.168054 3
2.358414 11
0.000051 36
0.003727 28
0.002457 197
0.793710 1
0.119373 1
0.134609 11
0.000045 36
0.003430 560
0.000547 28
0.003547 197
4.369798 2
0.189330 1
0.654520 37
0.325760 1
0.517024 1
0.033169 1
0.033499 1
0.033448 1
0.033515 1
0.032888 1
0.033428 1
0.030208 1
0.035970 1
0.033431 1
0.033462 1
0.033448 1
0.033496 1
0.032975 1
0.033385 1
0.033409 1
0.599529 1
0.239675 1
0.248698 43
0.720520 39
0.543975 11
0.000047 36
0.003287 28
0.001369 43
0.000045 33
0.000017 25
0.000062 96
0.390354 36
0.173554 93
0.468826 11
0.000060 36
0.003631 587
0.000137 28
0.001327 43
0.000067 33
0.000024 25
0.001992 96
1.477166 1
0.665905 1
0.119969 1
0.270166 1
0.233450 1
0.357418 6
0.496898 11
0.000060 36
0.003249 39
0.000521 28
0.001441 43
0.000067 33
0.000006 25
0.000059 8
0.000018 88
1.425226 1
0.173189 1
1.880325 4
0.512501 4
0.002190 1
0.030988 1
0.035188 1
0.034404 1
0.030426 1
0.030343 1
0.030361 1
0.030804 1
0.033561 1
0.044005 1
0.031558 1
0.030670 1
0.220837 1
0.204167 1
0.251882 4
0.367894 4
0.171844 1
0.363438 10
0.675492 1
0.337321 4
0.193775 1
0.960343 1
0.172791 4
0.322924 2
0.000035 9
0.000036 36
0.003315 37
0.000501 28
0.001408 43
0.000030 33
0.000029 25
0.000058 96
1.087913 16
0.594883 4
0.155726 4
0.129997 4
0.142375 4
0.203857 1
0.149673 4
0.152210 4
0.095717 1
0.603950 3
0.342159 2
0.000020 9
0.000047 36
0.003242 37
0.000545 28
0.001398 43
0.000067 58
0.000178 96
2.543817 1
0.072664 1
0.647834 1
0.104608 1
0.875858 1
0.398084 1
0.127586 1
0.509731 1
0.686402 3
0.852302 3
0.618215 3
0.045753 3
0.171278 1
0.878819 5
0.101907 5
0.179599 5
0.600343 9
0.177640 9
0.564334 5
0.274055 5
0.111700 5
0.148175 5
0.977548 3
0.238238 3
1.618335 3
0.934090 3
0.088397 3
0.061554 3
0.075476 3
0.568451 11
0.000045 53
0.000112 28
0.001408 43
0.000085 58
0.000084 8
0.000004 88
1.879675 22
66.818582 41
0.647611 37
0.394161 4
0.233861 2
0.255318 1
0.433112 8
0.282770 3
0.130695 4
0.884466 1
0.218227 1
0.422989 1
0.501239 1
0.002210 1
0.046687 1
0.033137 1
0.033400 1
0.033382 1
0.032919 1
0.033515 1
0.033456 1
0.033450 1
0.033400 1
0.033521 1
0.033468 1
0.032954 1
0.345390 1
0.122173 5
0.300531 5
0.421493 2
0.000022 9
0.000037 58
0.000079 28
0.001426 43
0.000074 58
0.000070 96
1.181707 22
0.620272 1
0.331422 3
0.126939 4
0.130906 1
0.470041 3
0.192295 4
0.159917 2
0.268474 2
0.297486 9
0.450144 3
0.171822 3
0.138639 3
0.141246 3
0.362137 3
0.172014 3
0.167115 5
0.212270 2
0.000039 9
0.000025 36
0.000118 325
0.000020 28
0.001444 43
0.000055 33
0.000003 25
0.000075 96
12.146392 1
0.033851 1
0.237541 1
0.134357 1
0.160069 1
0.163984 1
1.722047 1
0.241938 1
0.215491 1
0.820589 1
0.105899 1
0.159518 1
0.410247 1
0.462353 1
0.100097 1
1.351783 1
1.118088 1
2.033822 1
0.110106 1
0.520877 1
0.591128 3
0.066104 3
0.273422 3
0.076474 3
0.309623 3
3.816273 3
0.701900 3
0.852311 3
1.017916 3
1.693874 3
0.589947 3
0.692310 3
1.243792 3
0.770144 3
0.263223 3
1.062627 1
1.719935 1
0.143698 1
0.247942 1
1.226432 1
0.052427 1
0.233693 1
0.969761 1
0.505962 1
0.540201 1
0.121473 1
0.078445 1
0.796122 1
0.446248 1
0.095725 1
0.201524 1
0.460490 1
1.022032 1
0.293903 1
7.185749 1
2.140436 1
0.637806 1
0.095990 1
0.407305 1
0.352445 3
0.132357 3
0.453931 7
0.163578 7
0.009516 3
0.080413 3
0.366259 3
0.187931 3
1.130376 3
0.481601 3
1.540397 3
1.459998 3
1.017970 3
0.763916 3
0.545910 3
0.534224 3
1.281854 3
1.680030 3
0.395092 3
1.400927 1
1.020081 11
0.000147 109
0.000060 28
0.001501 43
0.000075 58
0.000069 96
1.583172 71
18.790002 1
0.516935 1
0.033129 1
0.033016 1
0.033506 1
0.033460 1
0.033448 1
0.033468 1
0.033490 1
0.033380 1
0.033434 1
0.033013 1
0.033450 1
0.033506 1
0.033020 1
0.231690 1
0.172109 1
0.398821 5
0.719977 5
0.500096 2
0.000011 9
0.000049 36
0.016786 52
0.000279 28
0.001290 43
0.000069 33
0.000015 25
0.000101 8
0.000023 88
5.215383 1
0.156300 1
0.113914 1
0.119921 1
0.363408 1
2.226418 4
0.395863 1
1.334105 1
1.409976 1
0.706053 1
0.287436 2
0.000007 9
0.000083 36
0.000161 555
0.000065 28
0.001400 43
0.000078 58
0.000065 96
6.692607 1
0.087961 1
0.159608 2
0.000008 9
0.000061 36
0.003585 647
0.000324 28
0.001287 43
0.000069 58
0.000080 8
0.000018 88
8.772267 2
0.516865 10
0.033010 79
0.033564 70
0.032584 111
0.033412 32
0.033458 34
0.033478 41
0.033353 9
0.033000 9
0.033429 11
0.033381 38
0.033505 93
0.033406 38
0.033467 98
0.033446 13
0.033393 15
0.033063 22
0.030556 23
0.029776 9
0.033423 8
0.039616 5
0.218582 12
0.165839 9
0.144198 13
0.145785 16
0.124062 6
0.136050 12
0.150050 26
0.181768 20
0.273683 9
0.172496 33
0.159941 29
0.148005 24
0.117762 29
0.136108 7
0.136319 63
0.129624 93
0.148242 29
0.246283 32
0.149597 61
0.496666 1
0.516657 1
0.033028 1
0.033448 1
0.033424 1
0.033386 1
0.031539 1
0.030423 1
0.037517 1
0.033352 1
0.033716 1
0.033185 1
0.033382 1
0.033441 1
0.033460 1
0.033468 1
0.033443 1
0.033450 1
0.032954 1
0.033458 1
0.033409 1
0.033398 1
0.032949 1
0.033484 1
0.030085 1
0.037354 1
0.033368 1
0.033496 1
0.033392 1
0.033379 1
0.033449 1
0.033430 1
0.033400 1
0.033469 1
0.033441 1
0.033459 1
0.033409 1
0.032115 1
0.034338 1
0.033358 1
0.322611 3
0.185886 3
0.288740 5
0.234825 3
0.145197 5
0.141916 5
0.548301 5
0.065498 3
0.905041 3
0.001203 3
0.091275 3
0.501986 3
0.030116 3
0.030231 3
0.031493 3
0.030305 3
0.030514 3
0.030997 3
0.030417 3
0.031993 3
0.033346 3
0.032909 3
0.141919 3
0.171901 3
0.131982 3
0.798971 5
1.446026 5
1.624146 2
0.000022 9
0.000052 36
0.000031 4
0.000058 28
0.001540 43
0.000075 58
0.000073 96
7.750056 1
0.018476 1
0.127433 1
0.180132 1
0.367612 1
0.140165 1
0.110016 1
0.107671 1
1.002382 1
0.828013 1
0.093971 1
0.471241 1
1.204737 3
0.139576 3
0.092554 3
0.435968 3
0.092275 3
0.177287 3
0.724449 3
0.477755 3
0.159794 3
0.306544 3
0.109923 3
0.247622 3
0.454393 3
0.162025 3
0.225891 3
0.894030 3
0.327643 3
0.098357 3
0.062249 3
0.301742 2
0.000008 9
0.000045 36
0.000071 28
0.001497 43
0.000054 33
0.000014 25
0.000072 96
1.622695 1
0.114187 1
0.195375 1
0.121999 1
0.219450 1
0.960350 1
1.031946 4
1.280119 1
1.330079 1
0.092017 1
0.236818 1
0.635074 3
0.088198 3
0.087500 3
0.317714 8
2.478730 4
1.501918 3
1.834228 3
0.151742 3
0.104145 3
0.193613 3
0.237938 3
0.233951 3
0.350017 3
0.240001 2
0.000007 9
0.000051 36
0.000022 14
0.000066 28
0.001556 43
0.000085 58
0.000079 96
5.962540 1
0.004960 1
0.113243 1
0.078031 1
0.727812 1
0.716036 1
0.645915 4
0.323992 1
0.419795 1
0.066276 1
0.360088 1
0.635911 4
0.954009 1
0.357567 1
1.732319 1
0.962072 1
0.228006 1
0.181986 1
0.287714 4
0.159872 4
0.518476 1
0.036119 1
0.294769 1
1.197087 3
0.226032 3
0.720007 3
0.151501 3
1.286508 3
0.133732 3
0.110329 3
0.562818 3
0.376995 1
1.393989 1
0.311682 1
1.868326 1
0.058011 1
0.336036 1
0.207904 4
0.151606 4
0.488481 4
0.171561 1
1.420434 1
0.046018 1
0.336003 1
0.125589 1
0.478441 1
0.189493 1
0.190076 1
0.174494 1
0.749851 4
0.158077 4
0.171525 1
0.196023 1
1.340468 11
0.000061 36
0.000132 23
0.000049 28
0.001437 43
0.000074 58
0.000053 8
0.000006 88
15.216152 1
0.002539 1
0.030544 1
0.110871 1
0.223953 1
0.581732 1
0.130322 1
0.129577 1
0.000008 1
1.298494 2
0.121655 1
0.562313 4
0.271822 4
0.152095 4
0.202009 4
0.606298 2
0.225479 1
0.207939 2
0.150272 2
0.241694 2
0.161821 2
0.260319 2
0.330236 4
0.142120 4
0.421877 2
0.137670 2
0.252338 2
0.299903 2
0.098070 2
0.177608 1
0.288070 2
0.166253 2
0.180043 2
0.161522 2
0.200148 2
0.151851 2
0.380569 2
0.135494 2
0.078467 2
0.173417 1
1.500579 1
1.626153 1
1.818101 1
0.069731 1
0.267686 1
0.532322 1
0.313574 1
0.720414 1
0.122173 1
0.447837 1
0.329902 1
0.153538 1
1.241377 1
0.137205 1
0.506008 1
0.737927 1
0.129953 1
0.325729 1
1.512373 1
0.220284 1
0.167688 1
0.227498 1
0.132009 1
0.130470 1
0.243949 4
0.425861 4
0.137817 4
0.123953 4
0.107966 4
0.438480 2
0.102154 2
0.155411 2
0.072608 2
0.065379 2
0.120021 2
0.914314 1
0.295704 2
0.000019 9
0.000112 36
0.005833 57
0.004469 225
1.723321 77
0.228873 1
0.499236 1
0.029544 1
0.030738 1
0.029999 1
0.038246 1
0.033774 1
0.030357 1
0.032053 1
0.030406 1
0.030860 1
0.030931 1
0.030387 1
0.032540 1
0.031938 1
0.035482 1
0.033452 1
0.033452 1
0.033432 1
0.033487 1
0.033532 1
0.032984 1
0.033361 1
0.033486 1
0.033403 1
0.033471 1
0.033458 1
0.033459 1
0.033440 1
0.033456 1
0.032944 1
0.033444 1
0.033396 1
0.033096 1
0.033107 1
0.033523 1
1.439955 5
0.591866 6
0.109288 6
0.044735 6
0.376094 5
0.141464 5
0.149995 5
0.116070 5
0.646421 5
0.321938 5
0.191706 5
0.135866 5
0.110521 5
0.469581 2
0.000009 9
0.000056 36
0.004240 62
0.000094 28
0.001368 43
0.000074 58
0.000077 96
2.352469 1
0.159963 1
0.143689 1
0.220134 4
0.139865 4
0.150308 1
0.313702 4
0.137965 1
0.161885 1
0.128051 1
0.194331 2
0.000007 9
0.000040 36
0.000020 6
