0.020573 28
0.000814 43
0.000030 58
0.000139 8
0.000021 88
6.578059 1
0.319709 1
0.089789 1
0.270150 1
0.192687 1
1.819627 1
0.195613 1
0.186520 1
0.265470 1
0.350292 1
0.353703 1
0.155430 1
0.292761 1
0.259745 1
0.116484 1
0.277621 1
0.724244 1
0.044862 1
0.346134 1
0.482945 1
0.716063 1
0.928104 4
0.397710 1
1.432348 1
0.092595 1
0.313033 1
0.692285 4
0.200338 1
0.577481 1
0.126474 1
0.707682 1
0.512045 1
1.885942 1
0.754055 1
1.508053 1
0.639899 1
1.336023 1
0.071947 1
0.058120 1
0.115543 1
0.388279 4
0.116089 1
0.285204 1
0.154357 1
2.930465 11
0.000072 36
0.005554 31
1.663889 2
0.041003 28
0.001332 43
0.000044 33
0.000004 25
0.000061 8
0.000028 88
8.114308 1
0.011570 1
0.297467 1
2.590775 1
0.141586 1
1.074205 1
0.262003 1
0.209667 1
0.606402 1
0.370363 4
0.621387 1
0.175792 1
0.136561 1
0.199202 1
0.108638 1
1.282066 1
0.114348 1
0.199767 1
0.039854 1
0.530117 1
0.065847 1
0.968130 4
0.267528 1
0.280020 4
0.148261 4
0.119648 1
0.106241 1
0.197804 1
0.516179 11
0.000042 36
0.111610 25
1.866276 2
0.000847 169
4.797540 89
2.645932 171
2.040109 89
2.728907 2
0.006585 55
2.366277 2
0.019134 54
0.006122 235
7.586676 1
0.201800 1
0.188520 1
0.209898 1
0.462172 1
0.186640 1
0.382388 1
0.404718 3
0.193715 1
0.706369 2
0.000019 31
1.729923 2
0.000034 35
0.752029 2
0.000034 37
0.616338 2
0.000019 18
0.657527 2
0.007930 110
1.761830 1
0.414036 2
0.021923 28
0.001396 43
0.000046 58
0.000062 8
0.000023 88
11.988145 1
0.000621 1
0.119603 1
0.324349 1
0.353959 1
0.668114 1
0.089968 1
0.195778 1
0.170241 1
1.272042 1
0.094456 1
0.547426 1
1.590032 1
0.072067 1
0.119581 1
0.282053 1
0.119896 1
0.106501 1
3.143962 11
0.000039 36
0.012952 25
6.052553 2
0.000081 188
27.292039 2
0.019338 54
0.001298 28
0.000996 43
0.000036 58
0.000056 96
16.323973 1
0.000833 1
0.143334 1
0.298359 1
0.930002 1
0.662018 1
0.285972 1
0.107592 1
0.173969 1
0.344266 1
0.116314 1
0.689768 11
0.000047 36
0.034933 14
6.532892 2
0.198905 155
0.024523 2
17.500479 1
0.060445 1
0.537792 1
0.239678 1
0.366241 1
0.838148 1
0.220995 2
0.030230 40
0.000026 29
8.726656 2
0.031677 25
11.423870 2
0.000107 158
9.328518 2
0.000021 158
24.299339 2
0.000696 55
3.043589 2
0.058502 54
0.000468 2
5.873265 1
0.099963 1
0.457668 1
0.076299 1
0.553908 2
0.001956 28
0.001115 43
0.000038 58
0.000059 96
5.671054 1
0.379762 1
0.698149 1
0.731354 4
0.138323 1
0.264218 1
0.726364 1
0.904503 1
0.075424 1
0.167854 1
0.771155 1
0.122868 1
0.411816 4
0.080169 1
0.133710 1
1.204221 1
0.419817 1
1.636218 1
1.016047 1
0.749967 1
0.075866 1
0.655270 1
0.052960 1
1.144941 1
0.227818 1
0.185435 1
0.162775 1
0.136677 9
0.520321 11
0.000053 36
0.009630 664
0.000378 1053
0.000897 28
0.001013 43
0.000038 58
0.000058 96
0.913057 20
0.297181 1
0.500202 1
0.002613 1
0.028436 1
0.048316 1
8.466471 40
2.014577 45
1.168723 23
0.637180 20
2.033123 4
0.213636 4
0.151950 4
0.517633 4
0.033418 4
0.033382 4
0.033404 4
0.032976 4
0.033477 4
0.890114 1
0.499729 1
1.186328 1
1.293907 1
0.034133 1
0.275521 1
0.896408 1
0.110084 1
0.971882 1
0.417713 1
0.335922 1
0.411350 1
0.420679 1
0.105882 1
0.280216 1
0.199844 1
0.186391 1
0.207629 1
0.093907 1
0.123620 1
0.410932 2
0.000009 9
0.000054 36
0.016709 28
0.001450 43
0.000062 33
0.000020 25
0.000087 8
0.000031 88
1.074475 1
0.239812 1
28.349713 31
0.160544 46
0.578987 11
0.000034 36
0.009878 664
0.000046 1053
0.000785 28
0.000945 43
0.000054 58
0.000057 8
0.000028 88
3.542682 20
0.541896 46
0.953958 46
29.025068 113
0.013245 113
0.011607 113
0.013049 113
0.026653 113
0.028464 113
0.029671 113
0.034625 113
0.029973 113
0.032085 113
102.088706 1
0.082471 1
0.095484 1
0.125950 1
0.431584 4
0.516010 4
0.033406 4
0.033038 4
0.033426 4
0.032979 4
0.033468 4
0.033451 4
0.033410 4
0.033453 4
0.033009 4
0.033380 4
0.033492 4
0.033408 4
0.033003 4
0.033395 4
0.033422 4
0.033489 4
0.033390 4
0.033374 4
0.030086 4
0.030000 4
0.030113 4
0.029993 4
0.030303 1
0.034957 1
0.036245 1
0.031233 1
0.041351 1
0.037264 1
1.145381 1
0.121959 1
0.425820 4
0.173949 4
0.302082 1
0.442085 1
0.059995 1
0.169684 1
0.226073 1
3.096571 1
0.063659 1
6.790047 1
0.403718 4
0.596865 1
0.471578 83
0.000027 158
0.000042 156
0.000023 74
0.000017 95
0.015986 4
1.073740 1
0.423961 4
2.370411 1
0.323559 1
0.149602 2
3.690356 1
0.160094 1
0.195567 1
0.170084 1
0.190648 1
0.795726 1
0.471796 4
0.093713 1
0.506377 2
0.000039 9
0.000027 36
0.012173 234
2.153843 1
0.199970 1
0.129598 1
0.215761 1
0.128277 1
0.150397 1
0.115696 1
0.148099 1
0.572111 1
0.521922 2
0.000012 31
3.956377 1
0.205892 1
0.097959 1
0.807918 2
0.000037 35
1.336121 1
0.277527 1
0.269983 1
0.268373 1
0.282038 1
0.283852 1
0.271729 1
0.268061 1
0.268279 1
0.237653 1
0.502341 2
0.000023 37
0.405713 1
0.306284 1
0.295736 1
0.301934 1
0.303977 1
0.292297 1
0.293942 1
0.288074 1
0.261729 1
0.264006 1
1.482324 2
0.000021 18
3.473932 1
0.349754 1
0.143844 1
0.196016 1
0.234014 1
0.768450 2
0.009981 28
0.001349 43
0.000046 58
0.000069 96
6.554570 1
0.046004 1
0.037470 1
0.193972 1
0.132463 1
14.278417 1
0.085778 1
0.145937 1
0.173945 1
0.063860 1
0.367859 4
1.448218 1
0.064344 1
0.119283 1
0.644386 1
1.184008 1
0.355626 1
0.137859 1
1.630394 1
0.086317 1
0.421501 1
0.098350 1
0.295701 1
0.157894 1
1.581729 1
0.089782 1
0.114364 1
0.208273 1
0.167699 1
0.096678 1
0.287767 2
0.000007 9
0.000040 36
0.010677 455
0.000140 2551
0.000010 662
0.000936 28
0.001240 43
0.000042 33
0.000006 25
0.000060 96
69.822098 28
0.452873 1
0.159503 1
0.140990 1
0.517365 1
0.033406 1
0.033442 1
0.033398 1
0.033436 1
0.033459 1
0.033352 1
0.033468 1
0.319106 1
0.199681 1
0.272226 1
0.286052 3
0.166614 5
0.904457 5
0.743979 11
0.000038 36
0.009534 1150
0.000043 1415
0.000006 643
0.000024 202
0.000023 258
0.000947 28
0.001282 43
0.000053 33
0.000003 25
0.000059 96
11.349539 28
0.440378 1
0.503664 1
0.044544 1
0.033431 1
0.033361 1
0.033620 1
0.030702 1
0.035004 1
0.033391 1
0.033430 1
0.030733 1
0.029789 1
0.040051 1
0.302365 5
0.563941 5
0.543849 2
0.000008 9
0.000028 36
0.033956 28
0.001116 43
0.000056 58
0.000060 96
3.818985 1
0.103847 1
0.107577 1
0.136459 1
0.243741 1
1.699615 1
0.074256 1
0.208168 1
0.171827 1
0.354391 1
0.137952 1
0.131638 1
0.161984 1
1.176493 1
0.081686 1
3.562563 1
0.631715 1
0.303775 1
0.123809 1
0.072431 1
0.117912 1
0.587944 4
0.154657 4
0.157013 4
0.082020 4
0.150002 4
0.178043 4
0.502239 1
1.120210 1
2.021944 1
0.081846 1
0.048084 1
0.129698 1
0.299062 4
0.132764 1
0.290276 1
1.386249 1
0.139577 1
0.136036 1
0.318039 1
0.217971 1
0.058448 1
1.865987 1
0.123463 1
0.544235 1
0.214182 1
0.174043 1
0.425796 11
0.000042 36
0.027670 28
0.001308 43
0.000051 33
0.000006 25
0.000145 96
6.617036 1
0.117952 1
0.100047 1
0.245607 1
0.153760 1
1.378521 1
0.125072 1
0.236558 1
0.272144 1
0.430151 1
1.630089 1
0.495530 1
0.162080 1
0.109928 1
0.742530 1
0.135869 1
0.245716 1
0.134322 1
0.303675 1
0.564161 1
0.341929 11
0.000051 36
0.020447 28
0.001501 43
0.000061 33
0.000024 25
0.000047 8
0.000017 88
2.328364 1
0.105824 1
0.237528 1
0.245598 1
1.460956 1
0.455600 1
0.099852 1
0.104466 1
0.213623 1
0.192072 1
0.154253 1
0.265609 1
0.712408 1
0.794082 1
0.434890 1
0.324613 1
0.782257 1
0.583995 1
0.119761 1
0.272017 1
0.239990 1
0.249946 1
0.256051 1
0.578215 1
0.551819 1
0.368298 1
0.271656 1
0.235984 1
0.306094 1
1.372357 11
0.000045 36
0.022639 28
0.001655 43
0.000055 33
0.000024 25
0.000050 8
0.000016 88
2.887567 1
0.087940 1
0.319585 1
0.248452 1
0.079914 1
1.276091 1
0.257954 1
0.090147 1
0.255047 1
0.160717 1
0.339984 1
0.606108 1
0.241882 1
1.172090 1
0.213633 1
0.408472 1
0.866030 1
0.173504 1
0.214114 1
0.345950 4
0.153000 1
0.087546 1
0.258345 1
0.185476 1
1.523444 1
0.140505 1
0.312037 1
0.119912 1
0.308948 1
0.108987 1
1.284170 11
0.000040 36
0.021309 28
0.001552 43
0.000068 33
0.000005 25
0.000061 8
0.000023 88
2.947958 28
0.408271 47
0.451845 1
0.516700 1
0.033568 1
0.229441 1
1.484154 3
0.503845 3
0.013096 3
0.033068 3
0.033296 1
0.033243 1
0.033344 1
0.033279 1
0.033343 1
7.418510 4
0.075906 4
0.181711 4
0.145983 4
0.133959 4
0.607789 1
0.388449 1
0.181775 1
0.240460 1
0.095858 1
0.251702 1
0.144374 1
0.327727 2
0.000017 9
0.000038 36
0.010390 73
0.001033 28
0.001205 43
0.000049 58
0.000059 8
0.000034 88
28.055318 1
0.013935 1
0.121669 1
0.150395 1
0.457844 1
0.193876 1
1.296414 1
0.158849 1
0.291230 1
0.139854 1
0.123753 1
0.469971 1
0.452183 4
0.065598 1
0.208007 1
1.179931 1
0.290253 1
0.096309 1
0.255742 1
0.164213 1
0.144887 1
0.176651 1
0.332272 11
0.000044 36
0.087460 25
3.050405 2
0.000714 55
2.115733 2
0.018000 54
0.004600 235
1.622635 2
0.000021 31
0.246717 2
0.000009 35
0.137531 39
0.161960 2
0.000008 18
0.439451 2
0.006933 110
0.711954 2
0.021261 28
0.001571 43
0.000051 33
0.000016 25
0.000051 96
3.668315 20
0.165464 62
0.807610 11
0.000033 36
0.023165 28
0.001597 43
0.000056 33
0.000035 25
0.000045 8
0.000004 88
2.167671 31
0.474187 1
0.397889 61
0.439633 62
0.398388 53
0.411808 1
0.371975 46
0.602884 43
2.021516 1
0.516549 1
0.001168 1
0.032568 1
0.033383 1
0.033389 1
0.033524 1
0.380048 19
0.173747 19
0.149991 19
0.942383 15
0.096077 15
0.071569 15
0.180197 15
1.227028 19
0.208234 3
1.327080 13
0.038254 13
0.213611 13
2.492055 13
0.159595 13
0.050337 13
0.247690 13
0.132558 13
0.123394 13
0.294074 13
1.553526 1
0.264696 15
1.590119 2
0.000017 9
0.000034 36
0.023382 28
0.001534 43
0.000053 33
0.000004 25
0.000067 8
0.000024 88
11.892863 1
0.659982 1
0.138047 1
0.483974 4
0.355557 4
0.262153 1
0.088249 1
0.089608 1
0.326157 1
0.235843 4
0.143963 4
0.160425 1
0.032297 1
3.171762 1
0.135973 1
0.149833 1
0.291697 1
0.282097 1
1.574316 1
0.065940 1
0.223642 1
0.105996 1
0.522483 1
0.078047 1
0.455610 4
0.147231 4
0.148727 1
0.056326 1
0.143475 1
0.162688 4
1.293974 1
0.881941 11
0.000046 36
0.023606 28
0.001247 43
0.000065 33
0.000020 25
0.000076 96
2.772827 1
0.084040 1
0.042024 1
0.151909 1
0.008079 1
0.513328 4
0.154343 4
0.548404 1
0.063874 1
0.885322 1
0.094710 1
0.157573 1
0.204063 1
1.008335 1
0.054235 1
0.141356 1
0.180026 1
1.330482 1
0.060200 1
0.073361 1
0.754293 1
0.109664 1
0.178019 1
0.118408 1
0.419768 1
0.275896 4
0.336021 4
0.335977 4
0.137904 1
0.205964 1
0.272047 1
1.628389 11
0.000039 36
0.027067 183
0.007163 28
0.001135 43
0.000056 58
0.000062 96
65.759437 1
0.105032 1
0.054071 1
0.243573 1
1.208340 1
0.363708 1
0.080377 1
0.237638 1
0.154485 1
1.247837 1
1.033936 1
0.267717 1
0.258189 1
0.633953 1
0.747574 1
0.192260 1
0.114286 1
0.279688 1
0.202037 1
0.102294 1
1.935497 2
0.000009 9
0.000042 36
0.009971 1891
0.001134 28
0.001307 43
0.000061 58
0.000064 96
204.094065 1
0.107771 1
0.171982 1
0.313642 1
0.404131 1
1.680233 1
0.129628 1
0.174512 1
0.263475 1
1.002351 1
0.339860 1
0.161825 1
0.172277 1
1.358150 1
0.099873 1
0.059591 1
1.254502 1
0.055917 1
0.169659 1
0.132161 1
0.462246 1
0.621990 1
0.067940 1
0.147652 1
1.034366 1
1.508034 1
0.321924 1
0.096091 1
0.309600 1
1.159801 1
0.992666 1
0.089908 1
0.251706 1
0.215944 1
0.312054 1
0.101838 1
0.094759 1
2.401672 1
0.843891 1
0.028101 1
0.101995 1
0.813998 1
0.452003 1
0.083403 1
0.078205 1
0.118027 1
0.323972 1
0.912946 1
0.271439 1
0.295674 1
0.110314 1
0.229583 1
0.213989 1
0.564332 1
0.425806 1
0.357955 1
0.320458 1
0.687916 1
0.081501 1
0.222256 1
0.315888 1
0.745514 1
0.791163 1
0.067667 1
0.153552 1
0.143952 1
2.494405 1
0.880099 1
0.090219 1
0.280223 1
0.107520 1
0.599894 1
1.338133 11
0.000041 36
0.013044 58
0.001118 28
0.001374 43
0.000099 33
0.000006 25
0.000061 96
1.643416 72
0.311833 1
0.515956 1
0.035311 1
0.031603 1
0.033873 1
0.031982 1
0.033103 1
0.144347 1
0.187750 1
0.194708 5
0.736304 5
0.529825 2
0.000008 9
0.000040 36
0.038965 28
0.001166 43
0.000053 58
0.000063 96
11.518042 1
0.031792 1
1.124112 4
0.717991 1
0.274569 1
0.084809 1
0.168202 1
1.168327 1
0.072867 1
0.129257 1
0.215605 1
0.186243 1
0.365900 1
0.171844 1
0.190044 1
0.775745 1
0.308559 1
0.078089 1
1.184030 1
0.075931 1
0.301711 1
0.155922 1
0.330034 1
0.309961 11
0.000031 36
0.036594 28
0.001161 43
0.000056 58
0.000064 96
3.914454 1
0.103968 1
0.013942 1
0.167580 1
0.660600 4
0.135470 4
0.632487 1
0.061929 1
0.189570 1
1.670549 1
0.027850 1
0.187696 1
0.456222 1
1.750140 1
0.015975 1
0.496195 1
0.969854 1
2.003414 1
0.186112 1
0.086374 1
0.091539 1
0.440467 1
0.986030 1
0.046213 1
0.441789 1
0.181608 1
0.240356 1
6.716135 11
0.000008 36
0.010075 265
0.001023 28
0.001219 43
0.000054 58
0.000064 96
5.160859 23
2.356650 1
1.418591 1
0.605321 1
0.046072 1
0.297679 1
4.864592 1
0.059726 1
2.680033 1
0.043911 1
0.327741 11
0.000038 36
0.010389 64
0.001158 28
0.001108 43
0.000053 33
0.000015 25
0.000064 96
4.645476 1
0.088087 1
0.117384 1
0.114439 1
0.226035 1
0.385922 4
0.165659 1
0.424187 1
0.137754 1
0.102434 1
0.573922 1
0.880077 1
0.086201 1
0.267449 1
0.992171 1
0.203778 1
0.317441 1
1.854829 3
0.094189 3
0.561706 3
0.960097 3
0.076200 3
1.891305 3
0.252264 1
1.070426 1
0.375741 1
0.127880 1
0.074311 1
0.067588 1
0.561663 1
0.658839 1
0.134025 1
0.341915 1
0.155969 1
0.435780 1
3.306298 11
0.000066 36
1.461934 46
0.006625 30
0.001628 43
0.000064 33
0.000004 25
0.000082 8
0.000005 88
30.144206 1
0.566141 31
0.149887 1
0.499362 1
0.016583 1
0.033452 1
0.033044 1
0.033380 1
0.033062 1
0.029988 1
0.030052 1
0.030237 1
0.030098 1
0.030178 1
0.029835 1
0.029967 1
0.030300 1
0.029738 1
0.030023 1
0.030029 1
0.030332 1
0.030121 1
0.030006 1
0.030033 1
0.030226 1
0.029989 1
0.030405 1
0.030047 1
0.030249 1
0.030028 1
0.275724 3
0.144494 5
0.255488 2
0.000009 9
0.000038 36
0.010404 13
0.001148 28
0.001372 43
0.000035 33
0.000041 25
0.000049 96
6.274026 1
0.117737 1
0.267893 4
0.221846 1
0.107742 1
0.122079 1
0.112042 1
0.872355 1
0.092012 1
0.111798 1
0.211905 1
0.512268 1
0.121611 1
0.153977 1
0.378482 1
0.251601 1
1.404348 1
0.081565 1
0.552285 1
0.088136 1
0.235698 1
0.096312 1
2.230127 1
0.074020 1
1.086035 1
0.081493 1
0.273981 1
0.108337 1
0.259600 1
0.262519 11
0.000047 36
0.033059 28
0.001569 43
0.000069 33
0.000020 25
0.000131 96
3.209004 1
0.105732 1
0.138224 1
0.094088 1
0.147964 1
1.135991 1
0.080350 1
0.112066 1
1.705638 1
0.347890 1
0.099978 1
0.497864 1
0.641941 1
0.396005 1
0.105755 1
0.068477 1
0.111528 1
0.490277 1
0.117796 1
0.690269 4
0.155717 1
0.042501 1
0.213641 4
0.788247 11
0.000041 36
0.011558 28
0.001251 43
0.000082 58
0.000055 96
1.465836 24
0.302089 1
0.502446 1
0.014974 1
0.032973 1
0.033103 1
0.033427 1
0.032918 1
0.033482 1
0.033396 1
0.033429 1
0.878301 3
0.223386 3
0.144200 3
0.174928 19
0.507936 19
0.157847 19
0.140087 19
0.396351 15
0.059985 15
0.303673 15
0.263916 19
0.276343 15
1.358177 17
0.373551 15
0.132306 15
0.070064 15
0.189654 15
0.780262 2
0.000016 9
0.000036 36
0.010793 28
0.001158 43
0.000055 58
0.000072 96
5.197996 1
0.143603 1
0.010257 1
0.411708 1
0.224499 1
1.259560 1
0.090200 1
0.263566 1
0.588515 1
1.095493 1
0.100631 1
0.111799 1
0.632054 1
0.486013 1
1.266118 1
0.199963 1
0.259572 1
0.228169 1
0.906235 1
0.363736 1
0.333888 1
0.127874 1
0.128493 1
1.100020 1
0.303178 1
0.072786 1
0.606902 4
0.190984 4
0.030099 1
0.129804 1
1.104402 1
0.124077 1
0.969554 11
0.000040 36
0.001188 113
0.000248 28
0.001097 43
0.000075 33
0.000031 25
0.000041 8
0.000007 88
5.813366 1
0.118054 1
0.079623 1
0.382219 1
0.118180 1
1.443499 1
0.286129 1
0.730333 1
0.191773 1
0.527995 1
0.096211 1
0.243637 1
0.428129 1
0.958270 1
0.348960 1
0.462783 1
0.350047 1
0.128136 1
0.371704 1
0.114402 1
0.499728 1
0.650276 4
0.095505 1
1.548461 11
0.000036 36
0.038063 28
0.001587 43
0.000060 33
0.000016 25
0.000056 96
1.460184 1
0.071325 1
0.130222 1
0.094431 1
0.203619 1
0.502481 4
0.499275 4
0.017511 4
0.033376 4
0.033509 4
0.033371 1
0.029989 1
0.029753 1
0.030180 1
0.229262 1
0.081709 1
0.092300 1
0.131385 1
0.148138 1
0.720233 1
0.084181 1
0.255576 1
0.175985 1
0.224069 1
0.494019 1
1.625501 1
0.476443 1
0.106149 1
0.239690 1
0.073662 1
0.350467 1
0.546164 11
0.000047 36
0.014162 25
2.579342 2
0.000826 55
4.119306 2
0.017506 54
0.001308 28
0.001281 43
0.000062 58
0.000068 96
3.908169 1
0.117886 1
0.099597 1
0.136475 1
0.144003 1
1.443938 1
0.070296 1
0.376869 1
0.115117 1
0.499689 1
0.517492 1
0.254493 1
0.270592 2
0.391306 1
0.414029 4
0.794064 1
0.155608 1
0.093318 1
0.523699 1
0.363842 4
1.283629 1
0.349785 1
0.134175 1
0.991623 1
0.078467 1
0.135666 1
0.374033 1
0.108256 1
0.373909 1
0.084080 1
0.291738 1
0.180212 1
0.547940 1
0.549939 11
0.000046 36
0.011030 117
0.001275 28
0.001223 43
0.000086 58
0.000063 8
0.000016 88
9.496054 1
0.008010 1
0.064469 1
0.171550 1
0.124548 1
1.227799 1
0.076079 1
0.159400 1
0.736378 4
0.157715 1
0.304073 1
0.098296 1
1.193989 1
0.489895 1
0.185739 1
0.163895 1
0.874476 1
0.076065 1
0.125567 1
0.722424 1
0.707904 1
0.329858 1
0.574037 1
0.096381 1
0.467435 1
0.090649 1
0.416698 1
0.486980 1
0.086016 1
0.223738 1
0.113556 1
1.028695 1
0.103565 11
0.000035 36
0.015527 28
0.001714 43
0.000069 33
0.000017 25
0.000098 8
0.000024 88
1.796994 1
0.090003 1
0.137547 1
0.178022 1
0.124714 1
1.717144 25
0.181486 67
3.469041 11
0.000045 36
0.009193 122
0.001084 28
0.001098 43
0.000062 33
0.000015 25
0.000065 8
0.000015 88
9.891389 33
0.084237 67
1.415463 67
0.424024 57
1.221281 1
0.515971 1
0.033382 1
0.032966 1
0.033344 1
0.033387 1
0.618869 15
0.306458 13
0.191212 13
0.106437 11
0.000034 36
0.015509 38
0.000957 28
0.001241 43
0.000048 33
0.000003 25
0.000064 96
0.375034 20
0.161978 60
0.196293 11
0.000510 36
0.010793 49
0.001379 28
0.001407 43
0.000077 58
0.000066 8
0.000019 88
4.686706 1
0.039475 1
0.074395 1
0.145701 1
0.185290 1
1.027082 1
0.092016 1
0.151641 1
0.215939 1
0.396339 1
0.075992 1
0.085626 1
0.159998 1
0.579679 1
0.294580 1
0.568100 4
0.511930 1
0.098147 1
0.774050 1
0.120179 1
0.298959 1
0.138999 1
0.193719 1
0.126313 11
0.000044 36
0.019949 28
0.001660 43
0.000032 33
0.000026 25
0.000065 8
0.000007 88
1.970476 21
0.201640 61
0.691675 11
0.000041 36
0.010608 50
0.002146 28
0.000206 43
0.000042 33
0.000017 25
0.000086 96
14.479411 1
0.039622 1
0.023981 1
0.241559 4
0.150268 4
0.314218 1
0.153587 1
0.032321 1
0.303771 1
1.094394 1
0.085128 1
0.318387 1
0.274297 1
0.197675 1
0.220042 1
0.354210 1
0.160094 1
0.135589 1
0.670455 1
0.598019 1
0.051981 1
0.639979 4
0.274048 1
0.493866 1
1.512170 1
0.132747 1
0.103075 1
0.452123 1
0.901977 1
0.195559 1
0.610466 1
0.131394 1
0.292546 1
0.257842 1
0.966254 11
0.000035 36
0.023445 28
0.001527 43
0.000058 58
0.000115 8
0.000035 88
2.954829 1
0.079850 1
0.178789 1
0.214909 1
7.696273 1
1.498122 1
0.135944 1
0.115970 1
0.493735 1
0.299998 1
0.345986 1
0.413995 4
0.190014 4
0.217974 1
0.080331 1
0.117658 1
0.247964 1
0.952453 1
0.159497 1
0.444116 1
0.177899 1
0.757254 1
0.053152 1
0.125872 1
0.202774 1
0.148934 1
1.771708 1
0.516694 1
0.033405 1
0.033008 1
0.304669 1
2.011003 5
0.101855 9
1.628195 5
0.275749 5
0.265760 5
0.178204 5
0.171837 5
0.650213 11
0.000053 36
0.024420 28
0.001690 43
0.000060 33
0.000035 25
0.000053 8
0.000016 88
2.331861 1
0.085847 1
0.097721 1
0.162259 1
0.167794 1
0.840351 1
0.197539 1
0.142824 1
0.269393 1
0.315889 1
1.672601 1
0.071719 1
0.201511 1
0.163830 1
1.682723 1
0.207644 1
0.137912 1
0.790289 1
1.182158 1
0.533929 1
0.095995 1
0.033586 4
0.001851 1
0.182189 4
0.209933 4
0.201968 1
0.088617 1
0.209414 4
0.176370 4
0.135996 4
0.089584 1
0.104049 1
0.116474 1
0.345671 1
1.404411 1
0.415559 1
0.814334 1
0.165523 1
0.366464 1
0.160029 1
0.201561 1
0.128421 1
0.657919 11
0.000044 36
0.021759 28
0.001690 43
0.000072 33
0.000016 25
0.000062 8
0.000015 88
3.336427 1
0.485959 1
0.183672 1
0.085735 1
0.170175 1
1.478523 1
0.861867 1
0.074000 1
0.420635 1
0.091389 1
0.245618 1
0.366022 1
0.182074 1
0.377323 1
2.014929 3
0.313739 3
0.370153 3
0.283783 3
0.907628 3
5.972662 3
0.411833 3
0.472269 3
0.701911 3
0.024448 3
2.845582 3
0.730096 3
0.075505 3
0.210476 3
0.293751 3
1.470287 3
0.541869 5
0.832082 4
2.012604 3
1.144759 1
1.214746 1
0.499744 1
0.153420 1
0.131376 1
1.149195 1
1.122141 1
0.835972 1
1.026125 1
0.071834 1
0.186086 3
1.841990 1
0.209995 1
2.364380 11
0.000081 36
0.000152 28
0.001343 43
0.000068 58
0.000070 96
1.377931 1
0.104010 1
0.221922 1
0.141603 1
0.132436 1
0.676060 1
0.063923 1
0.067841 1
1.219922 1
0.386039 1
1.477401 1
0.594591 1
0.064218 1
0.296957 3
1.095122 1
0.053882 1
0.111259 1
0.248649 11
0.000056 36
0.002413 80
0.000512 28
0.001291 43
0.000049 33
0.000014 25
0.000058 96
0.629268 18
0.245267 1
0.228270 1
0.182641 7
0.266067 11
0.000044 36
0.002249 25
0.000474 28
0.001415 197
8.468035 1
0.051865 1
0.152240 1
0.085889 1
0.237685 1
0.438063 1
0.094155 1
0.103628 1
0.051287 1
0.159156 1
1.270204 1
0.307815 1
0.243587 1
0.196036 1
0.404356 1
1.438027 1
0.055934 1
0.317834 1
1.244236 1
0.088755 1
0.601429 1
0.537742 1
0.152908 1
1.079060 1
0.766055 1
0.189578 11
0.000046 36
0.034314 75
0.000590 67
0.000304 138
0.000090 527
0.000008 17
89.281477 6
0.000020 29
0.001887 18
0.019844 19
0.935999 6
0.000007 13
0.155337 6
0.000031 12
0.000031 1
0.710537 6
0.000019 15
0.239638 6
0.000026 13
1.876344 19
0.493791 6
0.000035 13
0.081441 19
0.610768 19
0.194842 19
0.173036 19
4.911543 19
0.050957 6
0.000020 13
0.203034 6
0.000030 13
0.200066 19
0.686382 6
0.000021 13
0.093921 6
0.000029 13
0.277745 6
0.000022 13
2.484113 6
0.000006 29
0.445287 19
0.242582 6
0.000030 13
0.139909 19
0.790447 19
0.943888 19
0.099535 6
0.000021 13
0.074495 19
0.173508 19
0.486279 6
0.000187 13
0.527444 19
0.038170 6
0.000023 13
0.432172 6
0.000021 13
2.626179 19
0.091493 6
0.000025 13
0.576525 19
0.234730 6
0.000038 13
0.168719 6
0.000028 13
0.789811 19
0.443015 19
0.075547 6
0.000023 13
0.373851 6
0.000020 13
0.098155 6
0.000030 13
0.620662 6
0.000012 13
0.877325 19
0.086036 6
0.000026 13
0.289763 6
0.000009 13
0.118171 6
0.000017 15
0.245604 6
0.000058 15
0.161916 19
0.080414 19
1.202829 19
1.242496 19
1.398571 6
0.000025 13
0.135531 6
0.000026 13
0.155232 19
0.198823 6
0.000020 13
1.089897 19
0.652384 6
0.000058 13
0.149691 6
0.000046 13
0.392071 6
0.000006 13
0.167828 19
0.193923 6
0.000007 13
1.036487 6
0.000009 13
0.505763 6
0.000052 13
0.104158 6
0.000007 13
0.285552 6
0.000119 13
0.386295 6
0.000046 13
0.749906 19
0.627970 6
0.000044 13
0.096057 6
0.000032 13
0.139480 6
0.000006 13
0.158303 19
3.308203 19
3.006030 6
0.000037 13
0.257575 6
0.000084 13
0.307849 6
0.000083 13
0.310665 6
0.000219 13
0.181035 6
0.000074 13
0.352075 6
0.000044 13
0.140339 19
0.614722 6
0.000006 13
0.080373 6
0.000268 13
1.212419 6
0.000025 13
0.312016 6
0.000025 15
0.197664 19
0.078315 6
0.000026 13
0.157580 19
0.362237 6
0.000038 13
1.598173 6
0.000041 13
0.089503 6
0.000025 13
0.134316 6
0.000041 13
0.215525 6
0.000054 13
0.208430 19
1.675960 6
0.000048 17
4.177384 25
1.391637 6
0.000064 63
0.511038 6
0.000032 30
0.005557 6
0.000050 13
0.000033 17
0.029807 36
0.032152 6
0.000042 30
0.029235 6
0.000034 30
0.031940 6
0.000026 13
0.000019 17
0.030361 6
0.000024 30
0.031420 6
0.000027 12
0.000021 18
0.030372 19
0.000020 17
0.031980 6
0.000043 30
0.029935 36
0.030440 6
0.000016 12
0.000038 18
0.029962 6
0.000006 13
0.000023 17
0.030701 6
0.000161 30
0.030032 36
0.030649 6
0.000040 30
0.030096 6
0.000034 30
0.030744 6
0.000041 30
0.030022 36
0.030450 6
0.000027 12
0.000025 18
0.045045 6
0.000058 30
0.033430 6
0.000022 30
0.037512 6
0.000050 30
0.030402 6
0.000017 30
0.035494 6
0.000015 12
0.000021 18
0.030364 6
0.000049 30
0.031950 6
0.000007 13
0.000022 17
0.037537 6
0.000025 30
0.032884 6
0.000017 12
0.000020 18
0.033428 6
0.000009 12
0.000019 18
0.033387 6
0.000026 12
0.000027 18
0.033073 36
0.033339 6
0.000007 12
0.000017 18
0.033424 6
0.000067 30
0.030865 6
0.000015 24
0.000016 6
0.031005 6
0.000068 30
0.037535 6
0.000036 30
0.034599 19
0.000009 17
0.032015 18
0.000025 18
0.033245 6
0.000054 30
0.031923 6
0.000043 30
0.033934 6
0.000059 30
0.030615 6
0.000060 30
0.035727 6
0.000034 30
0.030462 19
0.000006 17
0.031959 6
0.000038 30
0.032972 6
0.000007 12
0.000017 18
0.032875 6
0.000007 13
0.000016 17
0.033906 36
0.033077 6
0.000043 30
0.038632 6
0.000040 30
0.028423 6
0.000050 30
0.037270 6
0.000034 30
0.032262 18
0.000080 18
0.033659 6
0.000007 13
0.000032 17
0.033445 6
0.000069 30
0.032959 6
0.000070 30
0.033411 6
0.000026 30
0.032933 6
0.000008 30
0.032891 6
0.000026 30
0.033387 6
0.000020 12
0.000068 18
0.032936 6
0.000042 30
0.033368 6
0.000055 30
0.032916 6
0.000043 30
0.033011 6
0.000035 30
0.033378 6
0.000029 30
0.033423 6
0.000008 12
0.000031 18
0.033034 36
0.033239 6
0.000007 24
0.000014 6
0.033510 6
0.000008 12
0.000014 18
0.032923 6
0.000033 30
0.033060 6
0.000008 30
0.033401 6
0.000009 12
0.000026 18
0.032984 36
0.033808 6
0.000008 24
0.000035 6
0.033380 18
0.000008 1
0.000007 11
0.000025 6
0.033466 6
0.000018 30
0.033411 6
0.000038 30
0.033415 6
0.000008 13
0.000038 17
0.033382 19
0.000007 17
0.033422 6
0.000039 30
0.033039 6
0.000024 30
0.031330 6
0.000045 30
0.034529 6
0.000055 30
0.030401 6
0.000021 12
0.036139 18
0.033405 18
0.033336 18
0.033357 18
0.033331 18
0.033372 18
0.033336 18
0.033677 18
0.033209 18
0.033318 6
0.000039 12
0.033362 18
0.033381 18
0.033467 18
0.033291 18
0.033365 18
0.033549 18
0.033207 18
0.033425 18
0.033357 18
0.033341 18
0.033403 18
0.033396 18
0.033335 18
0.033464 18
0.033345 18
0.033362 18
0.033406 18
0.033408 18
0.033441 18
0.033407 18
2.613552 6
0.001321 27
0.000067 111
0.764985 6
0.000023 16
0.143651 6
0.000008 12
0.163697 6
0.000033 16
0.068043 18
0.372195 6
0.000022 16
5.852734 32
0.001064 36
0.000040 44
0.000111 14
0.000113 253
0.000122 1148
1.742045 32
0.000135 36
0.000049 265
0.000094 14
0.000054 55
0.000107 568
27.850236 6
0.000010 100
0.786096 6
0.000066 17
0.955082 6
0.000063 60
0.515703 6
0.000036 28
0.034822 6
0.000025 28
0.031334 34
0.033613 6
0.000035 28
0.033422 6
0.000059 28
0.033036 6
0.000025 28
0.033385 6
0.000020 28
0.033440 6
0.000047 28
0.033435 6
0.000036 28
0.033382 6
0.000038 12
0.000051 16
0.034285 6
0.000026 28
0.032005 6
0.000007 28
0.033418 6
0.000040 28
0.030354 6
0.000054 28
0.036032 6
0.000053 28
0.033463 6
0.000018 28
0.033420 6
0.000035 28
0.033940 6
0.000008 28
0.032194 6
0.000007 28
0.033246 6
0.000027 28
0.033419 6
0.000071 28
0.032856 6
0.000057 28
0.033089 6
0.000037 28
0.033385 6
0.000007 28
0.033456 6
0.000066 28
0.033397 6
0.000041 28
0.033498 6
0.000066 28
0.033119 6
0.000022 28
0.030910 6
0.000022 28
0.035293 6
0.000034 28
0.034982 6
0.000033 28
0.031871 6
0.000007 28
0.030045 34
0.031889 6
0.000020 28
0.037430 6
0.000009 28
0.033454 6
0.000008 28
0.033444 6
0.000008 28
0.033480 6
0.000054 28
0.030893 6
0.000049 28
0.035462 6
0.000030 28
0.030342 34
0.036515 6
0.000009 28
0.033533 6
0.000052 28
0.030851 6
0.000058 28
0.034986 6
0.000009 28
0.033501 6
0.000046 28
0.033034 6
0.000034 28
0.033440 6
0.000058 28
0.032827 6
0.000058 28
0.032936 34
0.033525 34
0.033404 6
0.000025 28
0.033003 6
0.000028 28
0.033441 6
0.000044 28
0.033444 6
0.000053 28
0.032887 6
0.000059 28
0.032911 6
0.000063 28
0.030856 6
0.000051 28
0.035504 6
0.000025 28
0.033453 6
0.000025 28
0.032899 6
0.000024 28
0.033508 6
0.000033 28
0.033323 6
0.000020 28
0.032874 6
0.000019 28
0.030934 6
0.000014 28
0.035880 6
0.000009 28
0.034348 6
0.000051 28
0.031863 6
0.000026 28
0.033177 6
0.000035 28
0.033215 6
0.000029 12
0.000049 16
0.032786 6
0.000028 28
0.033402 6
0.000009 28
0.033475 6
0.000020 28
0.033410 6
0.000019 28
0.033437 6
0.000025 28
0.033383 6
0.000084 28
0.033420 6
0.000032 28
0.032933 6
0.000018 28
0.033438 6
0.000019 28
0.033412 6
0.000031 28
0.033444 6
0.000007 28
0.033416 6
0.000019 28
0.033508 6
0.000020 28
1.960915 6
0.000062 75
0.000036 101
5.665966 6
0.000034 15
1.285993 6
0.000046 18
0.902956 19
0.479984 23
0.629468 6
0.000038 44
0.681848 18
0.000008 3
0.318533 6
0.000069 44
0.576910 6
0.000061 149
2.663913 6
0.000036 35
0.000030 107
2.673965 6
0.000112 265
1.680166 6
0.000038 417
2.065764 6
0.000110 50
0.003453 87
0.000084 61
0.001280 28
0.001553 43
0.000069 58
0.000102 96
0.880355 25
0.328116 46
0.311724 42
2.410180 4
0.158878 4
0.149740 4
0.146016 4
0.694206 1
0.154028 1
0.137743 1
0.090380 1
0.069626 1
0.255959 2
0.000015 9
0.000033 36
0.011457 8
0.000043 67
0.000245 63
0.000646 59
0.000323 138
0.000078 379
0.000019 148
0.000299 435
0.000004 195
0.000030 326
0.000039 290
0.000017 169
0.000026 150
1.522441 18
0.000022 4
0.311182 21
0.326813 18
0.668766 35
0.000372 43
0.542754 21
6.266921 18
0.000034 1
0.414161 18
0.000006 4
1.125784 6
0.000019 92
0.000044 5
0.543959 18
0.773699 22
0.292877 18
0.000007 3
11.699278 19
0.003768 19
0.292339 19
0.075901 6
0.000024 13
0.876117 19
0.985992 19
0.127900 19
1.318032 19
0.033873 6
0.000054 13
0.077610 19
1.810475 19
0.067898 19
0.241621 6
0.000008 13
0.128002 6
0.000035 13
0.956292 6
0.000006 12
0.000026 1
0.062085 6
0.000026 13
0.431938 6
0.000017 29
1.831677 6
0.000017 13
0.358034 19
0.267901 19
0.162024 6
0.000028 13
0.836152 6
0.000089 13
0.353945 6
0.000010 13
0.189920 6
0.000033 13
0.197931 19
0.137732 6
0.000030 13
0.932353 6
0.000006 13
0.328059 6
0.000028 13
0.205644 6
0.000037 13
0.187916 6
0.000029 13
0.882382 19
0.295648 19
0.708335 19
0.285656 6
0.000006 13
0.161884 19
0.714624 6
0.000035 13
0.339794 6
0.000020 13
0.091958 6
0.000036 13
0.225687 6
0.000025 13
0.102413 6
0.000032 13
0.229390 6
0.000022 13
1.173727 19
0.159840 19
0.272800 19
0.141582 6
0.000032 13
1.366399 18
0.000030 1
0.483654 6
0.000031 13
0.102362 6
0.000060 13
0.215488 6
0.000036 13
0.252360 19
0.459812 19
0.518067 19
0.193928 6
0.000030 13
0.183783 6
0.000047 13
0.141972 6
0.000017 13
0.166398 6
0.000027 13
2.112045 19
0.647974 6
0.000007 13
0.079114 19
2.254848 6
0.000044 13
0.179824 6
0.000022 13
0.217724 6
0.000015 13
1.008363 19
0.141510 6
0.000006 13
0.052506 19
0.173454 6
0.000024 13
0.500182 19
0.880284 6
0.000064 13
1.117689 6
0.000033 15
0.185787 6
0.000008 13
0.214028 6
0.000029 13
1.578348 19
0.267556 6
0.000039 13
0.273998 6
0.000020 13
0.228189 19
0.131798 6
0.000044 13
1.996369 6
0.000019 13
0.156027 6
0.000029 13
0.453987 19
0.137893 6
0.000022 13
0.934046 18
0.000030 1
0.117844 6
0.000029 13
0.239728 19
2.254130 6
0.000030 13
0.744038 6
0.000034 13
0.075468 6
0.000057 13
0.160491 6
0.000038 13
0.286951 6
0.000038 13
0.142581 6
0.000057 13
3.536205 6
0.000055 214
0.000047 52
1.556198 6
0.000085 354
0.000017 64
1.791426 19
1.822266 18
1.337670 18
1.374418 7
0.000021 12
2.839900 7
0.000009 12
1.204890 9
0.000027 13
0.027905 9
0.000023 1
0.000028 12
0.023842 22
0.032254 10
0.000049 12
0.039713 22
0.732195 7
0.000119 15
0.051973 7
0.000024 3
0.000028 12
0.075873 7
0.000014 15
2.087201 6
0.000115 50
0.002405 147
0.000179 28
0.001271 43
0.000057 33
0.000016 25
0.000051 96
11.810032 1
0.001861 1
0.297547 1
0.084327 1
0.099560 1
1.144071 1
0.160267 1
0.282895 1
0.655256 3
0.078019 3
0.123410 3
0.078460 3
0.327690 3
0.116403 3
0.191563 3
0.505603 3
0.282503 1
1.416202 1
0.104003 1
0.381871 1
0.173717 1
0.066464 1
0.177510 1
0.112522 1
0.447850 4
0.131746 4
0.588175 1
0.052161 1
0.451845 1
0.068193 1
0.199536 1
0.840548 1
0.471710 1
0.406076 1
0.167747 1
0.192421 1
0.115751 1
1.550269 1
0.165571 1
0.396401 1
0.129579 1
1.470465 1
0.183939 1
0.373576 1
0.466359 1
0.518482 1
0.129101 1
0.172440 1
0.229616 1
3.896736 1
0.593520 11
0.000060 36
0.011523 10
0.001229 28
0.001401 43
0.000057 58
0.000064 96
10.297913 1
0.001496 1
0.107968 1
0.100426 1
0.173605 1
0.316112 1
0.056284 1
0.617894 1
0.708162 1
0.329678 1
0.208299 1
0.196864 1
0.975090 1
0.424054 1
0.363977 1
0.085898 1
1.026172 1
0.751914 1
0.093957 1
0.155645 1
0.168647 1
0.593648 1
0.078042 1
0.171869 1
0.344020 1
0.587890 1
0.706237 11
0.000051 36
0.008693 28
0.001284 43
0.000056 58
0.000063 96
9.825927 1
0.003096 1
0.074418 1
0.096395 1
0.203611 1
0.596302 1
0.080143 1
0.101515 1
0.154009 1
0.176353 1
0.419460 4
0.130475 4
0.437942 1
0.106235 1
0.874001 1
0.212150 1
0.263498 1
0.228276 1
0.243997 1
0.912093 1
0.169552 1
0.254068 1
0.342138 1
0.100165 1
0.807447 11
0.000066 36
0.009113 8
0.000007 54
0.000046 13
0.000433 63
0.000900 60
0.000225 138
0.000087 527
0.000084 36
2.397827 35
0.000253 16
0.000015 27
0.536892 21
0.769883 22
0.211602 18
0.000009 4
0.396282 21
0.227646 18
0.000028 3
1.011425 6
0.000067 14
0.161467 6
0.000008 12
0.000034 2
0.374292 20
0.318360 6
0.000025 14
0.111659 6
0.000021 14
0.229622 6
0.000005 13
0.212047 6
0.000040 14
0.116222 6
0.000021 29
0.463960 6
0.000057 14
0.168022 6
0.000029 14
0.193538 6
0.000022 14
0.288387 20
0.365893 20
0.080085 6
0.000038 14
0.108165 6
0.000058 14
0.051369 6
0.000042 14
1.706248 19
0.872048 6
0.000010 13
1.684124 6
0.000094 13
0.077916 19
0.229837 6
0.000031 13
0.072037 19
0.579951 6
0.000034 13
0.083933 6
0.000038 13
0.096175 6
0.000064 13
0.909634 6
0.000023 13
0.846024 6
0.000054 266
1.034037 7
0.000045 12
0.918097 6
0.000093 416
0.441702 6
0.000209 50
0.001638 87
0.000091 61
0.002271 28
0.003160 43
0.000081 58
0.000072 96
8.540806 1
0.095617 1
0.032014 1
0.165643 1
1.908411 1
0.653773 1
0.096187 1
0.075957 1
0.159765 1
0.728216 4
0.571971 1
0.932792 1
0.893310 1
0.461597 1
0.092597 1
0.263394 1
0.120133 1
2.604411 1
0.070136 1
0.645801 1
1.857966 1
0.016537 1
0.980823 1
3.834809 1
0.099769 1
0.098081 1
0.169554 1
0.204041 1
0.558300 1
0.329701 1
0.776318 1
0.086011 1
0.259719 1
0.148384 1
0.249589 1
0.139936 1
0.197494 1
0.577588 2
2.607297 11
0.000088 36
0.010304 8
0.000059 67
0.000157 63
0.000062 59
0.000238 138
0.000073 344
0.000018 183
0.000390 467
0.000006 289
0.000033 325
0.000006 290
0.000074 617
5.562736 6
0.000066 509
4.037759 6
0.000021 28
0.099648 6
0.000017 28
0.135903 34
1.092208 6
0.000064 28
0.383935 6
0.003441 28
0.094372 6
0.000008 28
0.170332 6
0.000041 28
0.343608 6
0.000124 28
0.852354 34
0.819968 6
0.000046 28
0.167366 34
0.430376 6
0.000023 30
0.245978 6
0.000033 28
1.238285 6
0.000064 498
0.000302 52
1.505496 31
13.982751 19
0.515052 19
0.033443 19
0.033376 19
0.033468 19
0.033367 19
0.033458 19
0.033415 19
0.033487 19
0.032988 18
0.000019 1
0.033046 18
0.000006 1
0.029989 19
0.030405 19
0.030365 6
0.000045 13
0.030152 18
0.000007 1
0.030989 18
0.000025 1
0.044962 18
0.000017 1
0.034962 18
0.000024 1
0.033369 32
0.033010 18
0.000014 1
0.032507 18
0.000026 1
0.034388 18
0.000006 1
0.033386 18
0.000022 1
0.033527 18
0.000030 1
0.032850 19
0.033490 19
0.033419 19
0.033024 19
0.033428 19
0.033525 19
0.033357 18
0.000008 1
0.033523 19
0.033482 18
0.000006 1
0.033467 19
0.033397 18
0.000034 1
0.033412 19
0.033390 18
0.000007 1
0.033438 18
0.000014 1
0.033434 18
0.000006 1
0.033391 18
0.000013 1
0.033467 19
0.033469 18
0.000030 1
0.032990 18
0.000035 1
0.033181 18
0.000027 1
0.033452 18
0.000026 1
0.033469 18
0.000035 1
0.033350 6
0.000028 12
0.000015 1
0.033007 19
0.034082 18
0.000008 1
0.032619 19
0.033193 18
0.000009 1
0.044525 19
0.516619 19
0.033212 19
0.033414 19
0.033495 24
0.033372 19
0.033484 19
0.033382 18
0.000023 1
0.408689 23
0.517080 23
0.033542 18
0.000035 5
0.033002 23
0.033311 6
0.000019 12
0.000038 17
0.000017 87
0.033011 6
0.000027 12
0.000039 17
0.000052 113
0.033401 6
0.000026 12
0.000043 116
0.033494 6
0.000080 12
0.000057 32
0.000060 100
0.032225 6
0.000020 12
0.000027 83
0.033205 6
0.000024 12
0.000034 32
0.033120 18
0.032977 18
0.033381 18
0.033302 18
0.033596 18
0.033306 18
0.033564 18
0.033196 18
0.033274 18
0.033411 18
0.033329 18
0.033321 18
0.033154 18
0.033342 18
0.033440 18
0.033379 18
0.033335 18
0.033430 18
0.414551 18
0.000155 8
0.792380 6
0.000027 20
0.283598 26
0.178677 18
0.000016 8
0.165835 26
0.171571 18
0.000018 3
0.176343 21
0.183520 26
0.166540 26
0.190060 26
0.394041 26
0.210070 19
0.516653 19
0.003053 19
0.030539 19
0.033468 19
0.032003 18
0.000022 1
0.032944 18
0.000028 1
0.034429 18
0.000029 1
0.033518 19
0.033360 19
0.033398 18
0.000027 1
0.032523 23
0.030888 18
0.000024 1
0.037437 19
0.031546 19
0.030939 18
0.000009 1
0.035507 18
0.000008 1
0.033451 18
0.000027 1
0.031981 18
0.000025 1
0.034414 18
0.000012 1
0.033476 18
0.000026 1
0.032908 18
0.000025 1
0.033340 18
0.000008 1
0.033019 18
0.000022 1
0.033397 19
0.033507 19
0.031871 18
0.000036 1
0.034038 19
0.033854 19
0.032644 19
0.033227 19
0.033411 18
0.000018 1
0.033460 18
0.000049 1
0.033074 19
0.033984 19
0.032572 19
0.033384 18
0.000030 1
0.033410 18
0.000022 1
0.033404 18
0.000016 1
0.032994 19
0.033391 18
0.000015 1
0.032950 19
0.033508 18
0.000026 1
0.033462 18
0.000023 1
0.033400 18
0.000020 1
0.033422 18
0.000026 1
0.033432 18
0.000014 1
0.033460 6
0.000025 13
0.033419 19
0.033420 19
0.033447 18
0.000026 1
0.033421 18
0.000009 1
0.033017 18
0.000006 1
0.033430 18
0.000026 1
0.033460 19
0.033422 18
0.000025 1
0.031737 6
0.000018 12
0.000029 1
0.034186 19
0.032993 19
0.033375 18
0.000024 1
0.033000 18
0.000019 1
0.032739 18
0.000014 1
0.031795 18
0.000007 1
0.035186 18
0.000026 1
0.032945 19
0.033480 18
0.000007 1
0.308639 2
0.000038 17
0.206570 6
0.000039 29
0.000205 21
1.316164 6
0.001593 13
0.074379 19
0.117740 6
0.000041 13
0.100187 19
0.089987 6
0.000029 13
0.281723 6
0.000020 37
0.344060 6
0.000048 166
0.257704 6
0.000028 37
0.109762 6
0.000051 13
0.145602 6
0.000042 13
2.258901 6
0.000056 15
0.235590 18
0.000039 3
0.191937 6
0.000010 12
0.000024 154
0.163970 6
0.000020 15
1.330413 6
0.000284 46
0.429630 27
1.400999 6
0.000448 12
0.000045 1
1.642630 43
0.047880 6
0.000057 13
0.095934 6
0.000019 13
5.608180 6
0.000009 13
0.053311 6
0.000019 13
0.469722 19
0.354181 6
0.000045 191
0.942608 19
0.429643 22
0.173903 6
0.000303 67
19.296428 6
0.000049 13
1.235553 6
0.000041 15
1.423903 6
0.000070 266
0.549770 7
0.000019 12
0.680289 6
0.000124 354
0.000007 74
0.131436 6
0.000148 50
0.002105 29
0.000019 57
0.000107 61
0.001773 28
0.001181 43
0.000057 58
0.000081 96
18.257053 1
0.035927 1
0.077795 1
0.131883 1
0.293803 1
0.609636 1
0.098722 1
0.072023 1
0.189534 1
0.378171 1
0.616070 4
0.139898 4
0.175894 1
0.008394 1
0.042032 1
0.320017 4
0.149705 4
0.249847 1
1.496437 1
0.262623 1
0.189040 1
0.207984 1
0.135885 1
0.878586 1
0.205541 1
0.161961 1
1.204330 1
0.244513 1
0.773558 4
0.764314 1
0.131389 1
0.065088 5
1.364515 1
0.256413 1
0.164046 1
0.203936 1
0.098461 8
1.285809 11
0.000037 36
0.012002 75
0.000215 63
0.000781 60
0.000310 138
0.000061 379
0.000024 148
0.000234 150
0.000006 147
0.000036 697
0.000031 7
0.000030 384
0.000005 92
4.969993 6
0.000050 16
0.111940 23
1.156563 23
0.021094 6
0.000034 17
0.020573 6
0.000017 25
0.014415 6
0.000023 12
0.000024 5
0.048497 6
0.000008 17
0.356121 6
0.000150 12
0.000020 14
0.000022 388
0.000005 11
0.012469 6
0.000074 12
0.000054 89
0.000005 87
0.011131 6
0.000082 12
0.000078 328
0.009737 6
0.000096 12
0.000041 16
0.000005 164
0.000007 91
0.010488 6
0.000145 12
0.000065 80
0.000032 97
0.021550 6
0.000113 12
0.000073 128
0.010579 6
0.000091 12
0.000067 162
0.042211 6
0.000121 12
0.000033 34
0.001366 190
0.034015 6
0.000070 12
0.000106 173
0.068099 6
0.000087 12
0.000031 107
0.000008 63
0.000007 11
0.359203 6
0.000073 12
0.000096 205
0.013853 6
0.000223 12
0.000060 16
0.001951 472
0.014094 6
0.000286 12
0.000041 34
0.000023 335
0.011598 6
0.000186 12
0.000122 168
0.000034 168
0.010502 6
0.000065 12
0.000015 34
0.000023 153
0.017636 6
0.000126 12
0.000157 198
0.027569 6
0.000107 12
0.000051 178
0.024568 6
0.000144 46
0.000021 12
0.000065 304
0.009814 6
0.000060 12
0.000007 16
0.000021 158
0.010297 6
0.000065 12
0.000025 16
0.000028 15
0.019467 6
0.000049 12
0.023083 6
0.000056 12
0.020036 18
0.025147 18
0.020181 18
0.042899 6
0.000021 12
0.045357 18
0.151803 6
0.000024 12
0.010769 18
0.010093 6
0.000024 12
0.009646 18
0.011560 18
0.013806 18
0.013933 18
0.031611 6
0.000064 12
0.031267 6
0.000025 12
0.010072 18
0.010104 18
0.025265 18
0.010112 18
0.028343 18
0.025317 18
0.020143 18
0.035399 18
0.059630 18
0.147398 6
0.000022 12
0.013645 18
0.035176 18
0.035019 18
9.313859 35
0.000159 18
0.000082 1
7.909866 23
0.014284 6
0.000075 17
0.013432 23
0.014074 6
0.000042 17
0.013797 6
0.000061 12
0.000024 4
0.014308 6
0.000022 16
0.013628 6
0.000091 25
0.000041 127
0.014362 6
0.000137 12
0.000079 12
0.000036 204
0.012516 6
0.000139 12
0.000088 124
0.000019 66
0.035973 6
0.000087 12
0.000038 176
0.000031 66
0.029063 6
0.000152 12
0.000045 12
0.000032 178
0.000028 251
0.034857 6
0.000076 118
0.000007 72
0.019701 6
0.000120 12
0.000032 116
0.000004 43
0.001528 11
0.070986 6
0.000079 12
0.000033 157
0.000003 6
0.000031 58
1.599343 6
0.000068 12
0.000033 141
0.000015 16
0.020745 6
0.000106 12
0.000054 235
0.000032 16
0.021384 6
0.000246 12
0.000082 12
0.000029 446
0.000029 89
0.035549 6
0.000089 12
0.000008 29
0.000039 126
0.000053 16
0.027286 6
0.000135 12
0.000030 186
0.000021 207
0.000045 92
0.026498 6
0.000143 12
0.000047 360
0.000025 62
0.034214 6
0.000081 12
0.000034 157
0.000039 65
0.019632 6
0.000095 12
0.000032 178
0.000023 85
0.037232 6
0.000086 12
0.000032 148
0.000023 33
0.071751 6
0.000098 12
0.000050 181
0.000029 167
0.345804 6
0.000115 41
0.000025 155
0.020413 6
0.000048 12
0.020981 6
0.000046 12
0.035375 6
0.000022 12
0.014301 6
0.000021 12
0.024206 18
0.010025 18
0.010060 18
0.025324 18
0.035337 18
0.031355 18
0.045658 6
0.000016 12
0.449196 6
0.000062 16
0.013702 6
0.000006 17
0.014093 6
0.000048 17
0.014655 6
0.000088 17
0.011327 6
0.000151 12
0.000005 32
0.000033 382
0.010980 6
0.000279 12
0.000130 326
0.000036 277
0.000037 85
0.031352 6
0.000193 12
0.000024 36
0.000004 177
0.000004 43
0.000004 58
0.000063 245
0.008120 6
0.000079 12
0.000048 175
0.027002 6
0.000189 12
0.000054 415
0.000031 229
0.000024 143
0.028790 6
0.000069 12
0.000051 63
0.000017 132
0.029618 6
0.000245 12
0.000063 737
0.000006 133
0.000023 122
0.000043 497
0.007981 6
0.000174 12
0.000033 82
0.000021 290
0.000019 114
0.024791 6
0.000147 12
0.000045 153
0.000030 34
0.019756 6
0.000050 12
0.023344 6
0.000037 12
0.009797 6
0.000074 12
0.009994 18
0.025259 6
0.000054 12
0.010224 18
0.025266 6
0.000055 12
0.031217 6
0.000054 12
0.010085 18
0.010103 18
0.025224 6
0.000058 12
0.010103 6
0.000034 12
0.028243 6
0.000041 12
0.009695 18
0.020990 6
0.000047 12
0.013901 6
0.000038 12
0.013833 6
0.000061 12
0.014080 6
0.000052 12
0.013968 6
0.000049 12
0.035193 6
0.000072 12
0.024270 6
0.000067 12
0.009963 18
0.025818 6
0.000079 12
0.009774 18
0.010133 6
0.000022 12
0.018134 6
0.000044 12
0.009998 6
0.000021 12
0.025242 6
0.000090 12
0.010026 6
0.000005 12
0.025293 6
0.000028 12
0.010046 6
0.000017 12
0.010080 6
0.000020 12
0.014146 6
0.000020 12
0.025280 6
0.000108 12
0.010020 18
0.010063 18
0.025244 6
0.000048 12
0.010085 6
0.000025 12
0.025215 6
0.000048 12
0.031263 6
0.000055 12
0.020190 6
0.000017 12
0.025253 6
0.000025 12
0.010065 6
0.000022 12
0.028324 6
0.000028 12
0.025201 6
0.000020 12
0.020245 18
0.066685 6
0.000025 12
3.629128 22
0.105217 6
0.000024 16
1.482260 6
0.000073 29
3.698398 6
0.000008 29
0.376850 6
0.000008 29
1.194906 6
0.000008 15
0.273502 6
0.000686 29
0.949455 35
0.092260 6
0.000037 29
0.146014 6
0.000034 29
1.024037 35
1.125951 6
0.000035 29
0.010009 6
0.000036 29
0.315905 6
0.000037 29
0.171532 35
0.370101 6
0.000044 15
0.157839 6
0.000039 15
0.141978 6
0.000023 15
0.113994 6
0.000030 15
0.536243 6
0.000057 29
0.089381 6
0.000027 29
0.108205 6
0.000069 29
0.240333 6
0.000043 29
1.865969 35
0.030014 6
0.000009 29
0.159498 6
0.000026 29
1.054476 18
0.000114 17
0.491883 6
0.000036 29
0.751942 6
0.000040 29
1.327839 6
0.000048 15
0.157626 6
0.000047 15
0.129941 6
0.000037 29
0.646527 6
0.000049 29
0.313519 6
0.000033 29
0.692343 6
0.000020 15
0.347572 6
0.000032 29
1.150292 6
0.000091 29
1.548048 6
0.000027 29
0.085145 6
0.000699 29
2.281908 6
0.000121 266
1.598005 6
0.000064 139
0.000082 215
0.000029 73
1.629765 6
0.000119 50
0.003405 87
0.000057 61
0.001160 28
0.001343 197
5.317510 1
0.003542 36
0.458848 49
0.452943 49
0.316201 1
1.039517 48
0.415269 4
0.499663 4
0.011494 4
0.032717 4
0.033021 4
0.031360 4
0.030997 4
0.033399 4
0.041048 4
0.031047 4
0.037628 4
0.033375 4
0.030367 4
0.032099 4
0.034936 4
1.376966 4
0.056003 1
0.413814 1
0.198568 1
1.010065 1
0.327382 1
1.732131 2
0.000038 9
0.000024 36
0.011867 62
0.000026 13
0.000179 63
0.000026 60
0.000274 138
0.000063 527
0.000048 103
1.714003 22
1.262726 35
0.000625 18
0.278154 19
0.137966 19
0.093577 19
0.464590 19
0.288898 6
0.000040 13
0.221191 19
0.303494 21
0.139947 21
0.203961 19
0.021916 6
0.000015 13
0.060876 6
0.000045 13
0.163167 19
0.293942 6
0.000051 13
0.150265 6
0.000009 15
0.149596 6
0.000065 15
0.094652 6
0.000039 13
0.059935 6
0.000074 13
7.221795 34
0.007853 6
0.000027 13
0.439693 6
0.000037 13
1.052246 19
0.145509 6
0.000059 13
0.538391 6
0.000028 13
0.076026 6
0.000008 13
0.649931 6
0.000032 13
0.070043 6
0.000019 12
0.000040 1
0.713953 19
0.067435 6
0.000079 13
0.196543 6
0.000023 13
1.223746 6
0.000035 13
0.331654 6
0.000067 13
0.512449 19
0.153898 19
0.159676 19
2.046371 6
0.000021 13
0.159236 6
0.000010 13
0.676766 6
0.000104 13
0.301866 6
0.000043 13
0.005722 19
7.504302 6
0.000071 266
0.711701 7
0.000058 12
0.784193 6
0.000027 188
0.000009 166
0.000006 6
0.000048 57
0.519267 6
0.000143 50
0.001786 87
0.000076 61
0.002499 28
0.000237 43
0.000067 58
0.000100 96
16.931898 1
0.079796 1
0.337920 1
0.088467 1
0.329408 11
0.000039 36
0.022034 17
0.000146 28
0.000921 43
0.000041 58
0.000137 96
6.704786 1
0.005469 1
0.054493 1
4.476031 1
1.993406 1
0.076561 1
0.325816 11
0.000039 36
0.002810 28
0.000976 43
0.000060 33
0.000024 25
0.000044 96
2.562386 1
0.063969 1
0.373509 1
0.234392 1
0.149996 1
0.437948 1
0.120026 1
0.841939 1
0.135987 1
0.161962 1
0.137648 1
0.540367 4
0.093749 1
0.138355 1
1.151986 1
0.122019 1
0.896356 1
0.181268 1
0.058597 1
0.263506 1
0.398303 1
0.485998 1
0.159583 1
0.412091 4
0.157946 4
0.099917 4
0.306154 1
0.111810 1
0.108505 1
0.399628 11
0.000044 36
0.137128 138
0.007154 28
0.001651 43
0.000044 58
0.000070 96
50.477816 2
0.218378 2
0.132019 2
0.111777 2
0.313901 4
0.262255 4
0.149803 4
0.146108 4
0.624098 1
0.243167 1
0.058864 1
0.126052 1
0.105660 1
1.290375 1
0.123636 1
0.157932 1
0.126471 1
0.239740 1
0.118112 1
0.443936 1
0.231703 1
0.110416 1
0.247687 1
0.167861 1
0.236078 1
0.338642 4
0.181430 4
0.290068 1
0.117786 1
1.122431 1
0.155482 1
0.286256 4
0.074296 1
2.118073 1
4.725970 1
0.317663 1
0.330223 1
0.698172 11
0.000046 36
0.015329 50
0.007919 104
0.004091 132
0.022125 134
0.095389 130
0.000022 63
0.000835 63
0.033990 53
0.053809 54
0.010638 54
0.195570 42
0.000797 86
0.096231 128
0.141616 124
0.000010 30
1.321549 1
0.359670 3
0.544284 2
0.178066 2
0.004534 33
0.349671 178
0.002453 75
0.137797 185
0.023339 282
0.131114 141
0.312651 16
0.029059 121
0.044256 40
0.000632 311
0.000058 88
0.031252 44
0.038277 44
0.037267 44
0.038755 44
0.063783 44
0.035612 44
0.034500 44
0.036807 44
0.079068 44
0.046749 180
0.003009 84
0.000027 154
0.006119 168
0.002768 64
0.016183 180
0.020362 83
0.009945 87
0.000010 194
0.002408 67
0.024350 206
0.022428 70
0.010157 80
0.000052 220
0.007199 54
0.021445 232
0.038543 71
0.002687 246
0.003667 258
0.004751 74
0.002359 272
0.131026 284
0.003039 61
0.006272 296
0.005672 55
0.104253 6
0.395234 146
0.357226 70
0.000877 310
0.005038 76
0.814640 85
0.373278 20
0.811936 28
0.001116 43
0.000043 58
0.000061 96
1.043718 23
0.147194 48
0.775158 11
0.000071 36
0.002460 2
0.000406 28
0.001568 43
0.000649 33
0.000062 25
0.000517 8
0.000054 88
7.561998 1
0.000927 1
0.322895 1
0.114394 1
0.177843 1
0.343839 4
0.140290 4
0.119961 4
0.117629 4
0.066419 1
0.257717 1
0.376059 1
0.528241 1
0.567898 1
0.036386 1
0.141242 1
0.856471 1
0.211574 1
0.210076 1
1.366285 1
0.068027 1
0.209543 1
0.112016 1
0.220429 11
0.000042 36
0.003145 30
0.000121 28
0.000988 43
0.000049 58
0.000059 96
1.360846 15
0.397434 1
0.211571 1
0.159535 1
0.175035 1
0.198923 9
1.460786 2
0.000006 9
0.000059 36
0.001576 26
0.000107 28
0.000913 43
0.000058 58
0.000055 96
1.142051 16
1.598293 4
0.517423 4
0.031981 4
0.033249 4
0.033524 4
0.130152 4
0.165624 4
0.196912 1
0.552215 1
0.227255 4
0.334573 2
0.216058 1
0.350041 58
0.000006 97
1.001311 4
0.500156 4
0.030054 4
0.030445 4
0.030128 4
0.030332 4
0.031016 4
0.039102 4
0.025887 4
0.032696 1
0.030735 1
0.032213 1
0.036913 1
0.030427 1
0.030300 1
42.935625 15
0.658128 4
0.149537 4
0.144106 4
0.124023 4
0.123840 4
0.131966 4
0.326284 4
0.658151 1
0.074020 1
0.315926 1
0.365694 1
0.350093 1
0.800202 4
0.415965 1
1.164866 1
0.447159 1
0.908016 1
0.425738 1
0.151963 1
0.182260 4
0.159624 4
0.040429 1
0.191537 1
0.546323 2
0.000007 9
0.000040 36
0.001722 675
0.000008 524
0.000027 224
0.000016 300
0.000022 373
0.000024 150
0.000025 42
0.000499 28
0.000986 43
0.000058 58
0.000059 96
9.241072 1
0.001659 1
0.075867 1
0.455983 1
1.308236 11
0.000049 36
0.002000 225
0.000007 150
0.000005 150
0.000078 375
0.000252 224
0.000147 299
0.000047 75
0.000361 300
0.000036 223
0.000110 299
0.000362 224
0.000151 42
0.000344 28
0.001175 43
0.000075 58
0.000060 96
11.254695 1
0.169851 1
0.433999 1
1.016039 1
0.188058 1
0.129359 1
0.432294 1
1.702197 1
0.531765 1
0.134185 1
1.772120 1
0.581659 1
0.126146 1
0.233890 1
0.173873 1
0.623467 1
0.332723 1
0.218142 1
0.279764 4
0.156103 4
0.169964 1
0.301990 1
0.688444 1
0.078259 1
0.091580 1
0.689660 11
0.000022 36
0.000069 28
0.001294 43
0.000076 58
0.000047 96
32.227964 21
0.449867 1
0.516773 1
0.033439 1
0.033442 1
0.032922 1
0.033427 1
0.033428 1
0.033375 1
0.033440 1
0.216244 1
0.182474 1
0.137595 23
0.270345 2
0.000007 9
0.000039 36
0.029904 8
0.000210 32
0.001071 28
0.001329 43
0.000067 58
0.000061 8
0.000019 88
3.279349 1
0.678034 1
0.112015 1
0.399583 1
1.900370 11
0.000048 42
0.000777 28
0.001282 43
0.000053 58
0.000066 8
0.000019 88
3.241236 4
0.819309 29
0.404128 32
0.308227 7
1.206104 4
0.414803 7
0.492856 1
1.002367 4
0.229709 29
0.268371 32
8.744972 1
0.002633 1
0.124946 1
0.479244 4
0.130445 4
0.516875 4
0.001217 4
0.032794 4
0.033144 4
0.033328 4
0.033360 1
0.030249 1
0.030281 1
0.030275 1
0.030282 1
0.030674 1
0.030386 1
0.030013 1
0.030032 1
0.031259 1
0.036910 1
0.031184 1
0.030228 1
0.031114 1
0.029916 1
0.225601 1
0.375235 1
0.824417 1
0.133519 1
0.087469 1
0.196323 1
0.304169 1
0.068164 11
0.000057 36
0.003011 28
0.001945 197
18.671237 1
0.059769 1
0.081105 1
0.396639 1
0.082140 1
0.501897 1
0.098092 1
0.550034 1
0.056010 1
0.151579 1
0.200089 1
0.274947 1
1.062323 1
0.146332 1
4.930800 1
0.115742 1
0.355908 4
0.203889 4
0.167986 1
0.052385 1
0.109513 1
0.111847 1
0.318295 1
0.521456 1
0.104936 1
0.143565 11
0.000099 36
0.002554 2
0.000445 28
0.002096 197
3.551351 1
0.043164 1
0.120325 1
0.372548 1
0.049814 1
1.452049 1
0.020238 1
0.142600 1
2.405153 1
0.073229 1
0.296857 1
0.361632 1
0.380195 1
0.356585 4
0.231048 1
0.426289 1
0.596059 1
0.111993 1
0.205662 1
0.156172 1
0.107815 11
0.000071 36
0.001640 300
0.000034 674
0.000055 522
0.000005 451
0.000017 299
0.000034 42
0.000345 28
0.001229 43
0.000066 58
0.000071 96
4.124919 1
0.216576 1
0.077302 1
0.141645 1
0.558265 11
0.000049 42
