0.019197 17
0.000388 28
0.001024 43
0.000045 58
0.000181 96
5.562137 1
0.076015 1
0.291957 1
0.058001 1
0.147582 1
0.094469 1
0.882021 1
0.077937 1
0.507977 4
0.254005 4
0.157794 1
0.150460 1
0.327495 4
0.588317 1
0.237859 1
0.156054 1
0.508063 1
0.569888 1
0.137653 1
0.254410 1
1.004028 1
2.207972 1
0.109932 1
0.084117 1
0.277787 1
0.086135 1
0.261910 1
1.104118 11
0.000046 36
0.002484 34
0.000591 28
0.001805 43
0.000095 58
0.000087 8
0.000031 88
1.074854 1
0.195717 1
0.104309 1
0.382052 1
0.127478 1
0.142047 1
3.656439 1
0.060054 1
0.291604 1
0.246249 1
0.206477 1
0.707614 4
2.103888 1
0.802045 1
0.224081 1
0.115977 1
0.062002 1
1.758283 1
2.144850 2
0.572862 4
3.645090 1
0.356021 1
0.458136 1
3.142525 3
1.918257 1
0.055969 1
0.077681 1
0.103840 1
0.588423 1
0.377786 1
0.608222 1
0.095582 1
0.046428 1
1.058026 1
0.605897 18
0.581290 1
0.000009 18
0.912874 1
0.049951 1
0.145921 1
0.024022 1
0.731878 4
0.334197 4
0.109549 1
0.070348 1
0.431999 1
0.366070 1
0.716028 1
0.159986 1
0.024031 1
4.279955 1
1.123837 18
0.422826 1
0.000024 18
1.367316 1
0.144027 1
0.257945 1
0.227750 1
0.074315 1
0.113516 1
0.952464 1
0.442217 1
0.018285 3
0.905496 288
0.000042 36
0.002472 207
0.000627 28
0.001535 43
0.000037 58
0.000064 8
0.000024 88
46.561379 1
0.005604 1
0.062115 11
0.000046 36
0.003123 508
0.000483 28
0.001381 197
1.312052 2
0.350439 66
0.177601 275
0.192346 42
0.556440 38
0.522075 4
0.499885 4
0.001084 4
0.030940 4
0.030483 4
0.141263 4
0.176378 4
1.195921 2
0.000009 9
0.000043 36
0.003130 28
0.001716 43
0.000093 58
0.000104 8
0.000030 88
1.004496 14
0.449437 19
0.223889 66
0.374086 275
0.569016 11
0.000049 36
0.003054 28
0.001847 43
0.000027 58
0.000069 96
0.416144 21
0.205821 10
0.380019 19
0.246264 66
0.390739 288
0.000009 36
0.002585 28
0.001117 43
0.000075 33
0.000004 25
0.000068 96
5.502353 1
0.109327 1
0.158411 1
0.646101 1
0.047994 1
1.081967 1
0.716023 1
0.087957 1
0.319929 1
0.146012 1
0.569797 1
0.323927 1
0.149900 1
0.142393 1
0.028020 1
0.313656 1
0.968378 1
0.127984 1
0.089986 1
0.301601 1
0.516269 1
0.120137 1
0.285759 1
0.120436 1
0.689845 1
1.145950 1
0.166013 1
0.193507 1
0.164024 1
2.678451 1
0.050018 1
0.051500 1
0.670553 1
0.059964 1
1.051963 1
2.868029 1
0.089969 1
0.219608 1
0.300109 1
0.326275 1
1.296082 1
0.511718 1
0.072193 1
0.151639 1
0.082393 1
1.934022 1
1.378012 1
0.727990 1
0.067959 1
0.281736 1
11.422354 2
0.000008 9
0.000045 36
0.003561 28
0.001505 43
0.000040 58
0.000060 96
0.382684 1
0.084096 1
0.119537 1
1.348409 1
0.054024 1
1.321711 1
0.173829 1
0.539983 1
0.520285 3
0.002180 3
0.443999 7
0.555727 3
0.219885 7
0.131862 7
0.354162 3
0.227928 3
0.102385 3
0.151588 3
0.162046 3
0.141993 3
0.048327 3
0.441768 3
0.105884 3
0.159953 3
0.109997 3
0.168068 3
0.260090 3
0.217892 7
0.202063 7
0.103957 3
0.114336 3
0.071088 3
0.450154 1
0.158371 7
0.203357 3
1.093110 1
0.634031 1
0.097924 1
0.419947 1
0.052096 1
0.213641 1
0.130364 1
0.705997 1
0.299538 1
0.672522 1
0.065980 1
0.187710 1
0.269976 4
0.128861 8
0.999529 11
0.000041 36
0.000218 28
0.001297 43
0.000068 58
0.000088 96
1.222177 1
0.083985 1
0.257620 1
0.116075 1
0.211917 1
0.165927 1
0.994494 1
0.106064 1
0.273590 1
0.198058 1
0.076311 1
0.165556 1
1.432343 1
0.465928 1
0.058046 1
0.350021 1
0.264043 11
0.000056 36
0.002634 28
0.001142 43
0.000062 58
0.000046 96
2.550099 1
0.078032 1
0.309976 1
0.069951 1
0.245906 1
0.612193 1
0.363989 6
0.923783 11
0.000037 36
0.001227 19
2.003229 19
2.003193 19
2.003059 19
2.003859 19
2.002739 48
2.003649 19
0.370781 2
0.000076 35
0.000409 28
0.001198 43
0.000073 33
0.000015 25
0.000054 96
2.460444 1
0.048045 1
0.387775 1
0.135838 1
0.752497 10
0.899864 11
0.000057 36
0.001206 38
0.668830 1
0.109878 2
0.000110 10
0.000356 28
0.001205 43
0.000075 58
0.000066 8
0.000006 88
0.437578 14
0.598667 11
0.000026 36
0.001218 38
0.772677 1
0.066035 1
0.173589 2
0.000108 10
0.000381 28
0.001257 43
0.000009 58
0.000052 96
1.130048 14
0.650569 11
0.000054 36
0.001210 38
1.422764 1
0.245827 2
0.000114 6
0.000373 28
0.001177 43
0.000154 33
0.000035 121
2.180039 1
0.066326 1
0.251524 1
0.062458 1
0.249740 1
0.235907 1
0.152421 9
0.359740 11
0.000055 36
0.001850 27
0.742374 1
0.063927 2
0.000090 11
0.000359 28
0.001220 43
0.000163 154
4.841565 15
0.528468 11
0.000008 36
0.001257 27
0.860788 1
0.076068 2
0.000093 12
0.000351 28
0.001284 43
0.000046 33
0.000009 25
0.000124 96
3.090130 1
0.074000 1
0.381966 1
0.073966 1
0.373666 1
0.092391 1
0.141873 1
0.310158 9
0.565820 11
0.000047 36
0.003944 16
0.000275 28
0.001189 76
0.000030 25
0.000080 96
35.539726 16
1.046779 4
0.499386 4
0.001706 4
0.029503 4
0.030351 4
0.030905 4
0.030656 4
0.029980 4
0.030409 4
0.031529 4
0.030476 4
0.030391 4
0.031867 4
0.029077 4
0.030351 4
0.030382 4
0.030399 1
0.030259 1
0.030227 1
0.030431 1
0.030459 1
0.029879 1
1.071374 1
0.067989 1
0.084008 1
0.065945 1
0.140020 1
0.940078 1
0.083993 1
0.123521 1
0.072459 1
0.135978 1
0.118842 9
0.236750 2
0.000023 9
0.000038 36
0.015244 8
0.000020 54
0.000041 13
0.000387 63
0.000085 60
0.000382 116
0.000033 229
0.000004 33
0.000017 182
0.000173 139
0.000013 101
0.787189 6
0.000008 16
0.291599 18
0.000006 4
1.332816 22
0.157300 6
0.000006 12
0.000006 7
0.498929 18
0.000023 1
0.030100 18
0.000020 1
0.031423 6
0.000025 13
0.173437 18
0.000015 1
0.169677 18
0.000007 1
0.334455 18
0.000020 1
0.138424 6
0.000048 28
0.000167 12
0.000005 11
1.026089 6
0.000039 49
1.192333 6
0.000044 137
0.000005 53
0.000019 54
0.365565 6
0.000049 89
0.000013 253
0.000020 61
0.587975 6
0.001801 50
0.001380 36
0.000006 50
0.000802 89
0.001069 43
0.000057 33
0.000035 25
0.000078 96
0.439992 19
0.211994 67
0.384778 11
0.000042 36
0.006007 40
0.000445 43
0.000150 33
0.000017 25
0.000061 96
9.315695 1
0.068483 1
0.583133 1
0.247652 1
0.072676 1
0.227723 13
0.325820 11
0.000034 36
0.007508 12
0.005174 10
0.000370 28
0.001314 43
0.000059 58
0.000093 96
3.067980 1
0.061701 1
0.654030 1
0.107976 1
0.065495 1
0.470307 11
1.026139 11
0.000046 36
0.001829 17
1.532051 1
0.094035 1
0.141599 1
0.326428 1
0.247703 1
0.274041 1
0.183832 1
0.204433 1
0.579770 1
0.420241 1
0.115800 1
0.032174 1
0.914043 2
0.000090 32
0.000334 28
0.001202 43
0.000047 33
0.000020 25
0.000060 96
8.528281 1
0.002111 1
0.105365 1
0.174028 1
1.727039 3
2.011478 4
0.500284 4
0.001498 4
0.028866 4
0.030504 4
0.030461 4
0.030506 1
0.029790 1
0.030073 1
0.030875 1
0.030388 1
0.031088 1
0.031774 1
0.030371 1
0.030539 1
0.030879 1
0.030320 1
0.030497 1
0.030530 1
0.031361 1
0.030497 1
0.252703 1
0.062153 1
0.445843 1
0.056129 1
0.159769 13
0.632365 11
0.000052 36
0.006360 28
0.001308 43
0.000070 58
0.000061 96
1.694006 1
0.056014 1
0.151789 11
0.000054 36
0.003226 672
0.000469 28
0.001314 197
1.322468 2
0.647861 19
0.494762 11
0.000051 36
0.003612 28
0.001171 197
0.201995 17
0.188200 22
0.398932 11
0.000045 36
0.003237 687
0.000485 28
0.002411 197
5.798083 1
0.001697 1
0.918186 1
0.045967 1
0.351765 1
0.197978 3
2.644323 1
0.181669 6
1.288247 11
0.000036 36
0.001289 71
0.000225 28
0.001270 43
0.000092 33
0.000031 25
0.000056 96
0.880206 1
0.002713 14
1.986338 1
0.491805 1
0.051966 1
0.199627 1
0.254206 1
1.468102 1
0.115572 1
0.116434 1
0.337967 11
0.000039 36
0.023368 35
0.001167 115
0.000020 159
0.000013 108
0.000021 144
0.000028 150
0.000005 39
0.000005 17
0.000004 57
0.000025 99
0.000005 21
0.000011 58
0.000004 43
0.000005 18
0.000020 138
0.000016 143
0.000006 49
0.000021 136
0.000007 24
0.000008 47
0.000005 20
0.000020 86
0.000021 53
0.000066 194
0.000010 338
0.000056 47
0.000024 62
0.000023 135
0.000016 78
0.000015 74
0.000007 46
0.000021 133
0.000015 52
0.000004 44
0.000027 177
0.000021 120
0.000017 118
0.000007 15
0.000004 45
0.000005 16
0.000004 25
0.000005 22
0.000020 121
0.000006 30
0.000004 20
0.000004 20
0.000004 16
0.000004 17
0.000004 15
0.000008 15
0.000003 30
0.000014 91
0.000019 116
0.000016 70
0.000007 45
0.000004 36
0.000007 19
0.000004 28
0.000014 95
0.000011 18
0.000004 20
0.000018 55
0.000007 52
0.000021 116
0.000005 21
0.000004 30
0.000015 81
0.000005 22
0.000006 20
0.000004 16
0.000017 97
0.000015 113
0.000005 15
0.000004 19
0.000007 19
0.000003 17
0.000030 207
0.000018 117
0.000004 16
0.000005 19
0.000021 127
0.000005 20
0.000005 23
0.000019 109
0.000005 23
0.000006 27
0.000027 104
0.000005 38
0.000016 111
0.000041 125
0.000008 124
0.000016 94
0.000016 110
0.000005 18
0.000005 23
0.000024 125
0.000005 18
0.000020 93
0.000014 80
0.000017 107
0.000020 86
0.000011 16
0.000006 15
0.000006 15
0.000004 20
0.000021 94
0.000014 18
0.000019 69
0.000016 71
0.000005 41
0.000005 16
0.000023 86
0.000005 36
0.000015 95
0.000020 81
0.000005 37
0.000018 100
0.000005 46
0.000017 61
0.000005 41
0.000004 16
0.000022 105
0.000005 47
0.000017 42
0.000004 55
0.000016 93
0.000017 105
0.000026 178
0.000010 57
0.000020 66
0.000015 95
0.000020 64
0.000006 68
0.000004 57
0.000012 70
0.000004 17
0.000004 27
0.000006 25
0.000006 44
0.000005 18
0.000004 22
0.000004 17
0.000003 19
0.000005 16
0.000003 20
0.000014 97
0.000004 23
0.000004 35
0.000005 25
0.000005 22
0.000003 16
0.000033 211
0.000004 14
0.000004 18
0.000004 18
0.000006 34
0.000003 17
0.000018 157
0.000016 121
0.000027 131
0.000006 105
0.000018 122
0.000020 132
0.000011 64
0.000017 96
0.000004 34
0.000005 29
0.000007 47
0.000012 37
0.000003 33
0.000016 114
0.000006 24
0.000005 39
0.000011 54
0.000022 152
0.000004 59
0.000011 61
0.000004 48
0.000019 134
0.000004 14
0.000003 20
0.000004 16
0.000004 15
0.000004 15
0.000004 17
0.000004 20
0.000004 27
0.000004 16
0.000004 18
0.000005 26
0.000004 35
0.000004 16
0.000004 19
0.000004 17
0.000004 20
0.000004 28
0.000004 22
0.000004 18
0.000004 20
0.000004 16
0.000004 16
0.000004 25
0.000004 18
0.000004 24
0.000003 19
0.000004 21
0.000004 20
0.000004 17
0.000004 18
0.000004 18
0.000004 25
0.000004 19
0.000004 13
0.000004 22
0.000004 28
0.000004 18
0.000004 18
0.000004 25
0.000003 17
0.000004 18
0.000005 13
0.000004 33
0.000004 21
0.000004 24
0.000004 16
0.000004 19
0.000004 21
0.000004 23
0.000004 17
0.000004 21
0.000041 100
0.000024 99
0.000018 132
0.000019 131
0.000004 16
0.000004 15
0.000003 23
0.000004 21
0.000004 17
0.000004 20
0.000004 17
0.000004 21
0.000004 17
0.000004 18
0.000004 21
0.000004 17
0.000004 21
0.000004 27
0.000004 16
0.000005 32
0.000003 13
0.000004 21
0.000005 15
0.000004 22
0.000003 15
0.000004 18
0.000004 15
0.000004 17
0.000004 25
0.000004 15
0.000004 15
0.000004 16
0.000004 19
0.000004 21
0.000004 17
0.000004 24
0.000004 14
0.000004 18
0.000004 23
0.000004 29
0.000004 18
0.000004 22
0.000004 20
0.000004 17
0.000004 26
0.000004 25
0.000004 19
0.000004 15
0.000004 16
0.000004 15
0.000004 19
0.000004 16
0.000004 14
0.000004 16
0.000004 29
0.000005 21
0.000004 33
0.000004 34
0.000004 19
0.000004 33
0.000013 21
0.000007 69
0.000012 67
0.000028 148
0.000005 45
0.000017 132
0.000004 22
0.000004 27
0.000004 23
0.000004 22
0.000004 16
0.000004 16
0.000004 17
0.000004 16
0.000004 15
0.000004 16
0.000004 18
0.000004 19
0.000004 18
0.000004 28
0.000004 17
0.000004 23
0.000004 19
0.000004 17
0.000004 19
0.000004 27
0.000004 30
0.000005 25
0.000004 29
0.000004 23
0.000004 34
0.000010 20
0.000018 79
0.000016 86
0.000004 16
0.000004 20
0.000004 15
0.000004 15
0.000004 25
0.000004 25
0.000004 14
0.000004 17
0.000004 15
0.000004 17
0.000004 25
0.000004 20
0.000004 15
0.000004 23
0.000004 16
0.000004 17
0.000003 20
0.000004 16
0.000004 17
0.000005 28
0.000004 17
0.000004 19
0.000012 37
0.000007 31
0.000104 91
0.000006 30
0.000004 36
0.000019 95
0.000004 38
0.000009 47
0.000013 91
0.000005 19
0.000004 35
0.000004 18
0.000005 19
0.000019 147
0.000005 25
0.000003 30
0.000004 21
0.000004 21
0.000004 18
0.000004 20
0.000004 22
0.000004 25
0.000004 23
0.000005 16
0.000004 29
0.000004 17
0.000004 19
0.000005 27
0.000004 30
0.000005 31
0.000004 22
0.000005 17
0.000021 147
0.000004 28
0.000004 19
0.000004 19
0.000004 14
0.000004 15
0.000004 22
0.000004 19
0.000005 17
0.000004 29
0.000004 17
0.000004 33
0.000004 16
0.000004 20
0.000004 16
0.000004 20
0.000010 19
0.000010 22
0.000018 109
0.000004 20
0.000013 93
0.000029 137
0.000015 109
0.000016 94
0.000004 53
0.000012 57
0.000013 111
0.000014 49
0.000019 30
0.000004 125
0.000021 154
0.000004 32
0.000003 18
0.000004 16
0.000003 18
0.000013 102
0.000018 114
0.000016 121
0.000018 126
0.000015 131
0.000004 15
0.000005 21
0.000004 24
0.000010 82
0.000014 103
0.000013 100
0.000014 115
0.000013 92
0.000004 15
0.000003 18
0.000004 22
0.000003 26
0.000003 21
0.000004 31
0.000003 35
0.000004 18
0.000003 20
0.000004 15
0.000003 18
0.000004 15
0.000003 31
0.000003 20
0.000003 19
0.000004 17
0.000003 14
0.000004 31
0.000003 19
0.000004 15
0.000005 18
0.000004 39
0.000003 26
0.000018 126
0.000004 31
0.000003 20
0.000003 19
0.000004 22
0.000003 19
0.000004 15
0.000003 20
0.000003 13
0.000004 17
0.000003 28
0.000003 15
0.000006 17
0.000014 85
0.000006 45
0.000004 52
0.000008 43
0.000004 18
0.000022 140
0.000014 152
0.000017 136
0.000017 143
0.000023 147
0.000003 2
0.000010 87
0.000012 40
0.000003 40
0.000018 145
0.000003 20
0.000006 18
0.000004 34
0.000003 30
0.000003 17
0.000004 31
0.000003 19
0.000004 21
0.000003 21
0.000004 23
0.000018 115
0.000004 36
0.000025 111
0.000006 95
0.000018 131
0.000004 35
0.000012 94
0.000023 131
0.000006 34
0.000003 41
0.000004 19
0.000003 12
0.000004 17
0.000003 24
0.000005 17
0.000003 15
0.000018 148
0.000020 183
0.000004 16
0.000005 64
0.000006 18
0.000020 103
0.000005 43
0.000003 18
0.000027 141
0.000013 108
0.000004 30
0.000004 16
0.000003 17
0.000004 19
0.000003 15
0.000003 19
0.000004 18
0.000003 29
0.000009 21
0.000004 29
0.000030 68
0.000043 33
0.000425 28
0.001573 43
0.000093 58
0.000066 96
5.148936 1
0.085981 1
1.066056 1
0.043922 1
0.135481 1
0.114178 13
1.576301 11
0.000050 36
0.005048 39
0.004100 39
0.004503 39
0.002597 39
0.002569 39
0.003300 39
0.004140 39
0.002915 39
0.002752 39
0.002438 41
0.000270 28
0.001055 43
0.000074 33
0.000007 25
0.000112 96
1.443355 18
0.278362 11
0.000029 36
0.004878 39
0.003637 39
0.004448 39
0.002700 39
0.002481 39
0.003114 39
0.004124 39
0.002840 39
0.002489 39
0.002494 41
0.000290 28
0.001061 43
0.000052 58
0.000089 96
5.453711 1
0.039937 1
0.099956 1
1.618062 1
0.389822 1
0.092176 1
0.235597 1
0.656386 4
0.638037 1
0.091902 1
0.237680 4
0.262184 1
0.171715 4
0.152055 4
0.064465 1
1.067552 1
0.722403 1
0.093553 1
0.220033 1
0.070439 1
0.610002 1
3.107809 1
0.374104 11
0.000046 36
0.003086 58
0.000006 2
0.001950 225
2.923021 1
0.115959 1
1.894035 1
0.109929 1
1.106022 1
0.427924 7
1.156091 11
0.000040 36
0.010723 107
0.000023 46
0.127082 32
0.746221 41
0.010718 42
0.016511 72
0.000324 6
0.004188 28
0.002060 197
1.995387 12
0.182012 26
2.510664 4
0.331864 4
0.202073 4
0.185683 4
0.167978 4
0.162161 4
0.149847 4
0.142033 4
0.146158 4
0.159898 4
1.326334 4
1.998035 1
1.500042 1
0.553861 4
0.277936 1
0.463816 1
0.370025 1
0.139784 1
0.820542 1
0.385850 1
1.888134 1
0.569972 1
0.071988 1
0.108001 1
0.235969 1
0.856071 1
0.537960 1
0.080051 1
0.429834 1
0.089693 1
0.166534 1
0.319852 1
0.376072 4
0.685969 1
1.084016 2
0.000009 9
0.000046 36
0.002915 75
0.000535 28
0.001439 197
8.107379 1
0.002617 1
0.066596 1
1.673564 17
1.182463 1
0.500085 1
0.002935 1
0.027904 1
0.030439 1
0.030424 1
0.030470 1
0.031108 1
0.030489 1
0.610835 3
0.326846 3
0.812069 3
0.233807 3
0.499695 3
0.002906 3
0.028868 3
0.030894 3
0.031889 3
0.031092 1
0.031177 1
0.030230 1
0.030179 1
0.031118 1
0.031743 1
0.241272 1
0.000418 4
0.498735 4
0.000333 4
0.031246 4
0.031432 4
0.030970 4
0.030431 4
0.030034 4
0.030395 4
0.030576 4
0.030369 4
0.030069 4
0.030494 4
0.032077 4
0.886396 4
0.499592 4
0.002934 4
0.028519 4
0.030323 4
0.030426 4
0.030963 1
0.030718 1
0.030108 1
0.030400 1
0.031111 1
0.030252 1
0.030278 1
0.030371 1
0.031072 1
0.030887 1
0.030887 1
0.030514 1
1.926658 1
0.089580 1
0.091704 1
1.940676 1
0.498935 1
0.059063 1
0.065670 1
0.099887 1
0.200047 1
0.904393 1
0.215556 1
0.187005 3
1.033460 1
0.370955 6
0.808979 2
0.000021 9
0.000044 36
0.003019 43
0.000478 28
0.002385 197
3.586046 1
0.066119 1
0.607948 1
0.018781 1
0.405414 13
5.627639 1
1.110182 11
0.000059 36
0.000240 11
0.000213 28
0.002242 43
0.000111 58
0.000128 96
0.001159 229
3.279798 11
0.000110 28
0.001308 43
0.000172 58
0.000010 48
0.000969 96
0.870657 18
0.662835 11
0.000039 36
0.000212 11
0.000211 28
0.001060 43
0.001256 58
0.000263 96
0.001069 229
12.745333 18
1.284396 4
0.500304 4
0.003331 4
0.028836 4
0.030545 4
0.030907 4
0.030963 4
0.030329 4
0.030547 4
0.030482 4
0.030541 4
0.030462 4
0.030994 4
0.030469 4
0.030015 4
0.030382 4
0.030100 4
0.030275 4
0.030425 1
0.030827 1
0.030099 1
0.030297 1
0.031030 1
0.030730 1
0.407163 11
0.000019 17
0.000023 2
0.000062 30
0.001262 43
0.000067 33
0.000014 25
0.000055 48
0.000024 96
0.355668 18
0.294683 4
0.244223 4
0.309898 2
0.000008 9
0.000040 36
0.003981 229
0.000287 28
0.002816 197
5.603285 1
0.081620 1
0.189857 1
0.396087 4
0.221727 1
0.044353 1
0.101524 1
1.922530 1
0.043945 1
0.130261 13
0.263369 11
0.000056 36
0.003087 197
0.000195 230
0.000066 330
0.000412 95
0.000005 281
0.000023 396
0.000024 586
0.000011 264
0.000018 552
0.000018 316
0.000020 42
26.845749 18
0.000008 4
0.323870 6
0.000020 13
0.499511 18
0.000007 1
0.003023 18
0.000006 1
0.027607 6
0.000007 13
0.030353 18
0.000020 1
0.030172 18
0.000023 1
0.034572 6
0.000042 13
0.026597 6
0.000009 12
0.000068 1
0.030064 6
0.000009 12
0.000016 1
0.030756 18
0.000020 3
0.031454 18
0.000019 3
0.030945 6
0.000089 15
0.030395 18
0.000006 3
0.198077 18
0.000008 3
0.498972 18
0.000023 3
0.030611 6
0.000007 12
0.000018 3
0.029979 18
0.000009 3
0.030600 18
0.000027 3
0.034388 6
0.000044 28
0.026590 6
0.000009 12
0.000018 3
0.029231 18
0.000021 3
0.030548 18
0.000019 3
0.030029 18
0.000022 3
0.030323 18
0.000019 3
0.030075 18
0.000018 3
0.036158 6
0.000022 12
0.000016 3
1.258400 18
0.000019 1
0.740318 18
0.000010 3
0.331507 22
0.407838 6
0.000008 12
0.000005 1
0.499707 18
0.000018 1
0.003049 19
0.027936 18
0.000022 1
0.030634 18
0.000029 1
0.034642 6
0.000015 13
0.030052 18
0.000019 1
0.030574 18
0.000016 1
0.031080 18
0.000008 1
0.218285 18
0.000018 1
0.500035 18
0.000027 1
0.003171 18
0.000016 1
0.028081 6
0.000009 12
0.000050 1
0.030021 18
0.000017 1
0.030329 18
0.000020 1
0.030524 18
0.000017 1
0.030073 18
0.000025 1
0.030481 18
0.000021 1
0.030001 6
0.000007 12
0.000006 1
0.030583 18
0.000021 1
0.030234 6
0.000008 13
0.030094 6
0.000008 13
0.030167 18
0.000023 1
0.538111 18
0.000008 1
0.228844 6
0.000005 12
0.000015 1
0.235350 19
0.253748 18
0.000045 4
0.258473 6
0.000031 28
0.000208 141
2.467185 18
0.000020 4
0.878125 19
0.465796 18
0.000019 7
0.323734 18
0.000021 1
0.286376 18
0.000027 1
0.251323 18
0.000007 7
1.214673 6
0.001495 28
0.000005 18
0.567056 6
0.000031 39
0.301199 18
0.000029 1
10.349954 18
0.000022 3
0.341982 18
0.000017 3
2.372039 6
0.000007 12
0.000016 4
2.654177 18
0.000009 4
1.216957 6
0.000005 12
0.000013 4
0.440900 18
0.000016 1
0.499554 18
0.000006 1
0.002879 6
0.000015 13
0.028302 18
0.000021 1
0.030974 19
0.030371 6
0.000007 12
0.000006 1
0.030429 18
0.000019 1
0.030044 6
0.000008 12
0.000006 1
0.030465 18
0.000020 1
0.030585 18
0.000019 1
0.030937 18
0.000016 1
0.030460 19
0.030446 18
0.000025 1
0.354425 18
0.000020 1
0.106384 6
0.000050 17
0.308109 6
0.000055 12
0.000015 5
3.032095 6
0.000468 11
0.000023 27
0.092874 18
0.000018 3
1.156481 6
0.000024 13
0.018345 6
0.000030 12
0.000023 19
0.975480 6
0.000429 16
0.000051 27
1.065029 18
0.000019 4
1.278034 18
0.000021 1
0.233905 18
0.000022 1
0.187541 18
0.000022 1
0.183822 18
0.000018 1
0.248239 18
0.000043 1
0.494951 6
0.000049 17
0.671920 6
0.000803 151
0.450529 18
0.000017 1
0.263560 19
0.247032 6
0.000056 17
0.149922 6
0.000052 17
1.715999 6
0.000049 12
0.000015 137
0.102013 6
0.000048 12
0.000023 137
2.069342 6
0.000008 15
0.703734 6
0.000008 17
0.686287 18
0.000030 1
0.595699 18
0.000018 1
0.959931 6
0.000022 13
0.195888 18
0.000032 1
0.205590 18
0.000019 1
0.178157 18
0.000022 5
0.320191 18
0.000029 1
2.526103 18
0.000016 1
0.241739 18
0.000006 1
0.950486 18
0.000028 1
0.283905 18
0.000023 1
1.242631 6
0.000092 21
0.000031 113
0.789026 18
0.000022 5
0.329638 6
0.000008 12
0.000005 6
9.332674 25
0.145694 18
0.000027 5
0.576124 18
0.000024 3
0.185454 18
0.000023 1
0.214099 6
0.000025 13
0.137693 18
0.000017 1
0.206104 18
0.000025 1
0.254581 18
0.000020 1
0.155172 18
0.000025 1
0.416693 18
0.000019 1
0.254283 6
0.000048 17
1.340348 6
0.000039 18
0.000022 166
0.294738 18
0.000024 5
0.384305 18
0.000029 1
0.332037 18
0.000017 5
0.496657 6
0.000080 21
0.000022 121
0.246772 18
0.000015 5
0.406193 18
0.000016 1
0.321987 6
0.000042 15
0.200037 18
0.000008 3
0.174892 6
0.000059 21
0.000030 124
0.230826 18
0.000035 5
0.322071 18
0.000017 5
0.430093 18
0.000022 6
2.122924 6
0.000022 13
0.050029 6
0.000036 31
1.293016 18
0.000019 5
9.953892 18
0.000023 3
0.140260 18
0.000023 4
0.255480 6
0.000008 15
0.172377 18
0.000020 3
0.167416 18
0.000023 7
0.156121 18
0.000034 4
1.227156 6
0.000023 13
0.019985 6
0.000026 31
0.197618 6
0.000434 18
0.000025 28
1.606912 18
0.000019 5
1.185960 18
0.000027 5
0.371790 18
0.000006 5
0.406212 18
0.000018 5
0.291868 18
0.000023 5
0.726109 18
0.000018 5
0.299644 6
0.000033 17
0.752396 18
0.000007 3
0.297566 19
0.202050 18
0.000024 1
0.160725 6
0.000050 17
0.228010 6
0.000057 17
0.685771 18
0.000027 5
0.383488 18
0.000014 5
0.225977 6
0.000005 12
0.000018 5
0.288119 6
0.000022 17
0.353818 6
0.000013 17
0.170615 6
0.000427 40
0.313139 18
0.000020 5
0.625862 6
0.000006 12
0.000016 3
0.447832 6
0.000008 17
3.058269 21
0.221747 6
0.000020 15
2.700395 18
0.000018 3
0.273847 18
0.000023 5
0.251883 18
0.000019 5
0.983850 18
0.000019 5
0.682084 18
0.000009 5
0.263642 18
0.000023 3
0.168764 6
0.000058 20
0.000061 125
0.287234 18
0.000025 5
2.764333 18
0.000018 1
0.713981 6
0.000007 20
0.213773 18
0.000019 1
0.384222 18
0.000022 3
0.323967 18
0.000015 8
0.517770 6
0.000007 12
0.000004 8
0.205775 18
0.000030 6
0.257091 6
0.000045 25
0.000007 73
0.349011 6
0.000007 12
0.000012 5
0.179904 6
0.000007 12
0.000011 1
0.202070 18
0.000023 1
0.184063 18
0.000018 1
0.155765 18
0.000018 1
0.148023 18
0.000022 1
0.135777 6
0.000006 12
0.000006 1
0.146259 18
0.000018 1
0.149653 6
0.000007 12
0.000015 1
0.145994 18
0.000018 8
0.672743 18
0.000022 6
0.378259 6
0.000041 12
0.000007 9
0.000006 89
0.375916 6
0.000040 22
0.000033 90
1.149868 6
0.000006 12
0.000014 7
0.325446 6
0.000008 12
0.000006 1
0.278112 18
0.000020 5
0.180385 6
0.000042 21
0.000022 107
0.317988 6
0.000034 12
0.000004 10
0.000024 108
0.695714 18
0.000018 7
0.227691 18
0.000020 1
0.237497 18
0.000006 8
0.456759 18
0.000023 6
0.343477 18
0.000022 5
0.176830 6
0.000047 12
0.000024 110
0.460135 6
0.000052 22
0.000022 102
6.863034 18
0.000018 6
4.350952 6
0.000022 13
0.089463 6
0.000007 12
0.000025 1
0.146021 6
0.000050 13
0.221961 6
0.000045 13
0.000007 20
3.781284 18
0.000024 5
0.366138 18
0.000018 3
1.379988 6
0.000006 12
0.000019 5
0.359876 18
0.000047 1
0.328219 18
0.000025 1
0.233941 18
0.000017 1
0.499321 18
0.000038 1
0.000657 19
0.030582 18
0.000018 1
0.030436 6
0.000034 13
0.031441 18
0.000015 1
0.030941 18
0.000016 1
0.566453 6
0.000006 12
0.000009 1
0.270804 6
0.000055 17
0.253871 6
0.000055 17
0.161636 6
0.000054 17
0.162016 6
0.000053 17
0.163934 6
0.000054 17
0.144229 6
0.000054 17
0.141545 6
0.000053 17
0.150019 6
0.000051 17
0.166036 6
0.000048 12
0.000003 5
0.160147 6
0.000051 17
0.288013 6
0.000053 21
0.000040 101
1.427828 6
0.000138 42
0.001528 28
0.000016 78
2.418313 6
0.000121 66
0.000565 28
0.001742 43
0.000044 33
0.000005 25
0.000070 96
0.075963 1
1.024768 20
0.155838 40
0.892383 2
0.496700 11
0.000033 36
0.000261 11
0.000183 28
0.001072 43
0.000044 58
0.000075 96
0.006741 80
0.006008 78
11.197473 11
0.000010 17
0.000039 2
0.000116 30
0.001357 43
0.000049 33
0.000014 25
0.000038 48
0.000025 96
0.261529 18
0.452746 4
0.311809 2
0.000008 9
0.000041 36
0.008060 80
0.004604 78
0.016682 28
0.004000 197
31.288668 17
0.395321 1
0.354026 38
0.532829 11
0.000037 36
0.003351 315
0.000010 444
0.000527 228
0.000038 564
0.000005 447
0.000006 80
0.000012 205
0.000028 419
0.000016 289
0.000017 373
0.793018 18
0.000026 4
0.499691 6
0.000045 16
0.003005 6
0.000005 12
0.000004 4
0.034118 18
0.000041 4
0.033615 18
0.000040 4
0.026539 18
0.000008 4
0.030426 18
0.000031 4
0.029581 18
0.000024 5
0.122678 6
0.000009 12
0.000004 5
0.562362 18
0.000020 5
0.201763 18
0.000023 5
0.327884 18
0.000018 8
0.160633 6
0.000043 28
0.000190 22
0.875246 6
0.000006 12
0.000005 7
0.500170 18
0.000007 6
0.002858 26
0.029359 6
0.000008 17
0.029861 18
0.000028 5
0.030516 18
0.000007 5
0.030117 6
0.000027 28
4.253379 26
0.287594 18
0.000020 5
0.705677 6
0.000018 17
0.270343 6
0.000028 17
2.226677 6
0.000040 190
0.000032 54
0.740081 6
0.000056 46
0.000004 43
0.000021 253
0.000023 62
0.865863 6
0.000130 50
0.002223 28
0.000020 59
0.000055 9
0.000021 52
0.000444 28
0.001321 43
0.000057 33
0.000003 25
0.001148 96
8.842129 20
0.719762 71
0.287454 1
0.245030 11
0.000024 36
0.000264 11
0.000178 28
0.001104 43
0.000059 58
0.000059 96
12.783946 18
0.328593 4
0.234011 11
0.000048 36
0.027269 48
0.000096 28
0.001308 43
0.000060 33
0.000026 25
0.000055 8
0.000018 88
16.613331 1
0.001388 1
0.171992 11
0.000050 36
0.003197 687
0.000453 28
0.001416 197
11.671558 1
0.001590 1
0.123671 1
0.330348 18
0.626219 11
0.000040 36
0.001272 43
2.434669 1
0.461828 2
0.000119 29
1.141952 1
0.059968 1
0.533988 1
0.854124 1
0.505730 8
0.666165 1
0.281577 1
0.650459 1
0.189559 1
0.208003 1
0.234046 3
0.109824 1
0.218186 2
0.000021 24
4.124305 1
1.256020 1
0.195510 1
0.214164 1
0.618302 3
0.509908 1
0.434012 1
0.343837 1
0.130119 1
0.094129 1
0.269555 3
0.132006 3
0.079995 1
0.138440 1
0.073674 1
0.864302 2
0.004791 38
0.000280 28
0.001251 43
0.000050 33
0.000003 25
0.000068 96
0.679522 1
0.830080 1
0.097999 1
0.103954 11
0.000038 36
0.003187 714
0.000505 28
0.002248 197
2.450136 1
0.349909 4
0.190159 1
0.135540 1
0.208204 1
0.480012 1
1.832193 1
0.121932 1
0.830013 1
0.074029 1
0.139520 1
0.500327 1
0.398140 1
0.163561 1
0.205994 4
0.149968 1
0.204163 1
0.084159 1
0.206056 1
0.357854 1
0.235939 1
2.136159 1
0.626262 1
0.109400 1
0.292128 1
5.914586 11
0.000075 36
0.003519 28
0.001592 43
0.000038 33
0.000028 25
0.000067 96
4.355715 17
0.172097 22
0.537861 23
0.806732 11
0.000036 36
0.001227 32
0.000023 11
0.732603 1
0.125584 2
0.000131 24
8.846376 1
1.083912 1
0.393911 1
0.306120 1
0.353674 5
0.606748 1
0.199174 1
0.132445 1
0.153753 1
0.203785 1
0.129982 1
0.082444 1
0.393720 3
0.159846 3
0.144082 3
0.274221 3
0.263866 1
0.084289 1
0.477805 3
0.151732 3
0.125960 1
0.104471 1
0.059637 1
0.274457 2
0.002466 18
0.000312 28
0.001098 43
0.000051 58
0.000069 96
3.046061 1
0.071947 1
0.371871 1
0.597905 4
0.782162 1
0.094011 1
0.173547 1
0.144495 1
2.500028 1
0.041998 1
0.243461 1
0.594473 1
0.304399 11
0.495542 11
0.000062 36
0.002281 113
0.000005 2
0.000032 78
0.000474 28
0.001237 43
0.000056 58
0.000078 96
0.696973 21
0.349923 1
0.499465 1
0.001656 1
0.029111 1
0.029945 1
0.030403 1
0.030343 1
0.030398 1
0.030558 1
0.030440 1
0.030482 1
0.030378 1
0.030053 1
0.229673 31
0.139668 31
0.143932 29
0.228346 2
0.000014 9
0.000033 36
0.002740 28
0.001315 43
0.000059 58
0.000067 96
0.929871 1
0.077987 1
0.076085 11
0.000041 36
0.003259 714
0.000544 28
0.002757 197
22.388736 2
1.161882 20
0.617791 27
0.422075 31
0.281778 23
0.258210 20
0.191790 27
0.151852 42
0.791221 11
0.000049 36
0.001241 43
2.124974 1
2.037728 2
0.000143 24
4.927803 1
2.112320 1
0.560837 4
0.415924 4
0.316550 3
0.153901 3
0.138006 6
0.110036 3
0.117912 3
0.144153 6
0.766387 1
0.630073 1
0.163451 1
0.187963 1
0.112420 1
0.409808 1
0.114238 1
0.307727 1
0.586186 1
0.082078 1
0.503835 1
0.123685 1
0.830499 1
0.385971 1
0.608045 2
0.000088 72
0.000382 28
0.001345 43
0.000067 58
0.000057 96
4.440373 21
0.214944 26
0.945858 23
0.168476 11
0.000042 36
0.001364 43
0.931073 1
0.045983 2
0.000181 24
0.903705 1
0.307805 1
0.492142 1
0.144134 1
0.244005 1
0.153866 1
0.112039 1
0.347661 3
0.500107 3
0.001541 3
0.029171 3
0.030409 3
0.030441 3
0.030409 3
2.528207 1
0.129697 1
0.232017 1
0.786489 1
0.133441 1
0.554373 3
0.157683 3
0.128096 3
0.125885 3
0.618522 1
0.303670 1
0.157764 1
0.116027 1
0.100421 1
0.199590 3
0.308131 1
0.361946 3
0.594178 1
0.064247 1
0.259554 1
0.310245 1
0.141697 3
0.137947 3
0.130026 1
0.195943 1
0.062548 1
0.214001 1
0.327579 8
0.174004 3
0.520378 1
0.241656 1
0.130336 1
0.739891 3
4.702067 3
0.499491 3
0.001440 3
0.029569 3
0.031006 3
0.030367 3
0.031134 3
0.030377 3
0.030980 3
0.255202 2
0.000046 59
0.000362 28
0.001613 197
1.138470 1
0.024853 1
0.455037 1
0.038087 1
0.139616 1
0.126483 1
0.169508 1
0.094439 1
0.235649 1
0.223099 2
1.885523 1
0.285666 1
0.086605 3
0.281217 11
0.000056 36
0.002153 58
0.000421 28
0.001256 43
0.000092 33
0.000030 25
0.000086 96
1.807165 15
9.125939 36
0.308801 40
0.274393 1
0.498842 1
0.030396 1
0.030059 1
0.030357 1
0.030431 1
0.030393 1
0.030374 1
0.450110 1
0.207821 1
0.197056 25
0.159617 25
0.137918 25
0.164241 23
0.696171 21
0.068962 21
1.149012 2
0.000008 9
0.000037 36
0.001310 28
0.002401 197
0.823422 15
0.219914 48
0.345935 36
1.103061 11
0.000040 36
0.001297 43
1.558832 1
0.041803 2
0.000112 24
1.797861 1
0.291795 1
0.290173 1
0.253764 1
0.184242 1
0.131564 1
0.230087 1
0.192290 1
0.062106 1
0.185558 2
0.002446 18
0.000285 28
0.001277 43
0.002357 154
0.756061 1
0.153621 1
0.468244 11
0.000027 36
0.003311 714
0.002128 225
13.348651 1
0.095979 1
0.894155 1
0.724191 4
0.627794 1
0.059968 1
0.041991 1
0.151682 13
0.360091 11
0.000042 36
0.001266 167
1.156808 1
0.068078 2
0.000092 27
1.802143 1
0.083762 1
0.247700 1
0.682339 1
1.266310 1
0.317246 1
0.098447 1
0.265485 1
0.076385 1
0.279657 1
0.638470 1
0.169494 1
0.058418 1
1.749983 3
0.153627 3
0.756449 3
1.848002 3
5.325988 1
1.850081 1
0.113448 1
0.060403 1
0.849971 2
0.003514 60
2.054598 1
0.181504 2
0.000709 28
0.001437 197
0.954337 1
0.080016 1
0.069464 2
0.000007 9
0.000047 36
0.003277 694
0.000550 28
0.001499 197
24.286810 2
0.349237 20
0.625119 11
0.000042 36
0.001401 167
1.440442 1
0.151550 2
0.000104 17
0.844363 1
0.079982 1
0.209969 1
0.101997 1
0.617702 1
0.250297 1
0.114065 1
0.101910 1
0.126109 1
0.173477 1
0.656556 1
0.099470 1
0.044542 1
0.349926 2
0.002592 31
0.000336 28
0.001472 197
2.375091 18
0.156073 23
0.405761 20
0.208451 11
0.000046 36
0.001245 167
7.794953 1
0.002243 2
0.000119 25
2.125696 1
0.129911 1
0.245724 1
0.094301 1
0.775937 1
0.397817 1
0.125726 1
0.058488 1
0.121641 1
0.262341 1
0.438006 1
0.127633 1
0.002406 1
0.465995 2
0.000059 21
3.579924 1
0.068024 1
0.073447 1
0.086593 1
0.365643 1
0.299879 1
0.078392 1
0.203744 1
0.128292 1
0.351804 1
0.750234 1
0.099530 1
0.080401 1
0.291707 2
0.002021 28
0.000870 43
0.000048 33
0.000006 25
0.000068 96
0.911272 1
0.084087 1
0.065469 11
0.000052 36
0.003356 715
0.000510 28
0.001467 197
5.202098 2
0.280061 20
0.362607 11
0.000030 36
0.001315 167
1.452929 1
0.068050 2
0.000107 17
1.060208 1
0.051679 1
0.279705 1
0.086308 1
0.319608 1
0.300337 1
0.060012 1
0.127545 1
0.260502 1
0.107945 1
0.399698 3
0.127923 3
0.067977 3
0.121947 1
0.098450 1
1.436014 1
0.363968 1
0.099592 1
0.056378 1
0.393992 2
0.000047 27
1.848033 1
0.083980 1
0.269755 1
0.140242 1
0.678012 3
0.141644 3
0.136275 3
0.157655 3
0.214004 1
0.490278 1
0.393915 1
0.215806 1
0.224061 3
0.170042 3
0.152219 3
0.499626 3
0.426452 1
0.453843 1
0.112149 1
0.526026 1
0.111987 1
1.619838 1
0.518099 1
0.092050 1
0.167646 1
0.274102 3
0.073789 1
0.562323 2
0.001658 28
0.001345 43
0.000053 58
0.000066 96
0.853014 1
0.058087 1
0.107480 11
0.000044 36
0.003204 694
0.000509 28
0.002370 197
5.294405 1
0.089975 1
0.076104 1
0.421718 1
0.080206 1
0.194509 3
1.833442 1
0.248023 1
0.157584 1
0.101106 2
0.261266 11
0.000048 36
0.003033 72
0.000504 28
0.002845 197
37.691125 12
5.965728 13
0.364603 4
0.377921 4
0.149794 1
0.394920 1
0.001370 1
0.398166 1
0.113946 1
0.428120 1
0.111793 1
0.141811 1
0.148212 3
0.898293 1
0.315661 1
0.266008 4
0.095637 1
0.066619 13
1.729875 1
0.559839 1
0.107679 1
0.188086 1
0.326361 1
0.109984 1
0.754069 1
0.076083 1
0.057506 1
0.090036 1
0.163963 2
0.000016 9
0.000040 36
0.001437 40
0.000275 28
0.001151 43
0.000074 58
0.000065 96
1.566544 31
1.138782 4
0.499859 4
0.001766 4
0.028628 4
0.030455 4
0.030080 4
0.415155 4
1.244390 1
0.049588 1
2.558104 1
1.147945 4
1.132438 1
0.393956 2
0.000079 201
2.661569 4
0.269581 4
0.154128 4
0.366282 4
0.149620 1
0.202753 4
1.285985 1
0.621676 1
0.513814 1
0.124500 4
0.708368 1
0.173851 2
0.000038 201
2.837367 4
0.499902 4
0.001713 4
0.030462 4
0.029999 4
0.030429 4
0.030423 4
0.030402 4
0.838683 1
0.555928 1
0.179740 1
0.144288 1
0.167631 1
0.438358 1
0.994815 1
0.169813 17
0.000006 14
0.000003 9
0.000012 34
0.000012 23
0.000019 19
0.000003 9
0.000013 40
0.000017 15
0.000010 7
0.000016 33
0.000013 7
0.000003 11
0.000016 36
0.000003 13
0.000011 21
0.000010 19
0.000003 25
0.000015 44
0.000015 73
0.000015 129
0.000013 137
1.451538 1
0.845725 1
0.243966 1
0.129524 1
0.062448 1
0.065552 1
0.490429 1
0.700043 1
0.060001 1
0.118038 1
0.159575 1
0.400350 1
4.674001 2
0.241593 2
0.304074 4
0.488488 2
0.099329 2
0.058528 2
0.192712 9
0.625290 2
0.000054 9
0.000030 36
0.021931 115
0.000010 40
0.000325 28
0.001176 43
0.000062 58
0.000066 96
4.676297 1
0.050033 1
0.691972 1
0.152427 1
0.059160 1
0.198199 16
2.224155 2
0.000008 9
0.000043 36
0.010613 69
0.004827 69
0.002849 69
0.021714 69
0.002730 69
0.003037 69
0.027300 69
0.008681 6
0.000079 63
0.006707 69
0.003022 69
0.004776 61
0.000276 28
0.001161 43
0.000056 58
0.000065 96
1.058362 1
0.151288 1
0.212024 1
0.072427 1
1.008020 1
0.219607 1
0.198957 27
0.471327 11
0.000049 36
0.002248 3703
0.000413 28
0.001591 197
9.479770 11
0.000135 28
0.001281 43
0.000050 33
0.000018 25
0.000052 8
0.000030 88
0.072456 11
0.000085 28
0.001402 43
0.000068 58
0.000098 96
0.502288 11
0.000090 28
0.001381 43
0.000054 58
0.000693 96
0.791832 1
0.084031 1
0.248049 1
0.115915 1
0.169535 1
0.350296 1
0.163793 1
0.260339 4
0.139576 4
0.091984 1
0.042546 1
0.029951 1
0.337617 4
0.139939 4
0.105976 4
0.056552 1
0.021894 1
0.429572 4
0.145982 4
0.056456 1
0.057531 1
0.806458 1
0.070069 1
0.593903 1
0.219620 1
0.074400 1
0.331776 1
1.177205 1
0.479621 1
0.285254 1
0.086150 1
0.209618 1
0.154249 1
49.654465 1
6.349686 11
0.000039 36
0.003661 59
0.000431 119
0.000397 148
1.237637 86
0.000046 1
0.061790 1
0.702154 58
0.000502 28
0.001964 43
0.000065 33
0.000018 25
0.000069 96
1.707645 20
4.591539 11
0.000032 36
0.003324 59
0.000908 119
0.000169 148
5.002762 86
0.000106 58
0.000490 28
0.001326 43
0.000060 33
0.000027 25
0.000052 96
0.809948 20
0.324550 11
0.000038 36
0.002728 59
0.000399 119
0.000404 148
1.110617 86
0.000082 2
0.000310 58
0.001485 28
0.000599 43
0.000058 58
0.000069 8
0.000021 88
6.260756 20
0.474807 11
0.000043 36
0.004254 59
0.000442 119
0.000377 148
5.004187 86
0.000129 58
0.000506 28
0.001455 43
0.000064 58
0.000068 96
7.157689 20
0.316671 11
0.000022 36
0.003489 326
5.002217 86
0.000098 58
0.000541 28
0.002124 197
9.677721 1
0.006204 1
0.151139 1
0.076397 1
0.193641 1
0.548195 1
0.058197 1
0.489941 1
0.092285 1
0.678719 1
0.067040 1
0.119461 1
0.730516 1
0.195743 1
0.237888 1
0.153898 1
0.076463 1
1.480020 1
0.075973 1
0.149629 1
0.207958 1
0.119987 11
0.000042 36
0.004413 31
1.388677 2
0.015927 50
0.007501 104
0.004576 132
0.029678 134
0.098808 130
0.000026 63
0.000913 63
0.036972 53
0.057680 54
0.012183 54
0.181132 40
0.000738 83
0.098979 128
0.094157 160
1.790918 2
0.221017 2
0.007269 33
0.498731 57
0.501422 57
0.500536 57
0.501652 57
0.501024 57
0.500721 57
0.501421 57
0.502190 57
0.501196 57
0.500497 57
0.500693 57
0.502151 57
0.501060 57
0.500082 57
0.500475 57
0.500968 57
0.500792 57
0.501694 57
0.500993 57
0.501657 57
0.500414 57
0.500997 57
0.502251 57
0.501556 57
0.500610 57
0.500881 57
0.501583 57
0.500976 57
0.500870 57
0.502927 57
0.500835 57
0.500876 57
0.500522 57
0.500971 57
0.500519 57
0.501241 57
0.500877 57
0.500382 57
0.500931 57
0.501736 57
0.501282 57
0.501040 57
0.500972 57
0.500459 57
0.501450 57
0.501957 57
0.501384 57
0.500848 57
0.502737 57
0.501771 57
0.009670 245
0.500723 57
0.500899 114
0.501033 57
0.500618 57
0.502243 57
0.501315 57
0.501573 57
0.502129 57
0.501082 57
0.500907 57
0.501462 57
0.501599 57
0.501489 57
0.501205 57
0.502008 57
0.500394 57
0.500769 57
0.500196 57
0.501887 57
0.501079 57
0.502275 100
0.029493 222
0.501654 100
0.199247 100
0.107374 317
0.065586 239
0.324740 16
0.034323 133
0.046492 40
0.001131 179
0.000011 220
0.031923 44
0.039780 44
0.038313 44
0.042868 44
0.039317 44
0.035415 44
0.033677 44
0.030792 44
0.062821 44
0.066435 184
0.007271 243
0.006445 147
0.005777 90
0.027674 161
0.022547 68
0.010659 82
0.000165 175
0.002174 56
0.037064 189
0.038835 97
0.003558 203
0.003811 217
0.003129 63
0.005860 231
0.009499 245
0.004154 76
0.616315 79
0.084892 85
0.169294 20
0.791832 28
0.001202 43
0.000075 58
0.000063 8
0.000016 88
3.367080 1
0.001289 1
0.098297 1
0.121600 1
0.148524 1
1.401975 1
0.053995 1
0.087540 1
0.157985 1
0.608852 1
0.083649 1
0.117912 1
1.080054 1
0.089522 1
0.242074 1
0.566338 1
0.517959 1
0.886023 1
0.090153 1
0.107685 1
0.119757 1
0.184062 1
0.320121 11
0.000045 36
0.014100 187
0.000345 423
0.000118 354
0.003938 285
0.000126 354
0.035533 17
0.000497 59
2.513660 1
0.040049 1
1.564002 1
0.040101 1
0.067406 1
0.120039 1
0.162221 12
1.232374 2
0.001999 173
1.430163 1
0.855637 3
3.119823 1
1.662220 1
0.086019 1
0.817980 1
1.331969 1
0.866117 1
0.163486 1
0.214189 1
0.804229 3
0.499859 3
0.001965 3
0.029255 3
0.030527 3
0.030301 3
0.030463 3
0.030939 3
3.040861 126
0.000092 38
0.001534 28
0.000534 43
0.000100 58
0.000067 96
2.365462 1
0.066038 1
0.075668 1
0.253803 4
0.256370 1
0.077654 1
0.162396 1
0.585986 1
0.123965 1
0.431784 11
0.000030 36
0.003225 58
0.000445 28
0.002435 197
2.197599 7
0.692527 4
0.173560 4
0.402498 1
0.227572 1
0.119974 1
0.102015 1
0.241806 1
0.816537 1
0.133865 1
0.157801 1
1.170460 1
0.417835 1
0.096017 1
0.174436 1
0.541609 1
0.078400 1
0.413581 1
0.380692 1
0.133309 1
0.178533 1
0.667541 1
2.173909 1
0.359868 1
0.060206 1
0.205532 1
0.064426 1
0.910404 1
0.993641 1
0.111730 4
0.189891 4
0.078376 1
0.185556 2
0.000042 9
0.000011 36
0.003543 187
0.000118 617
0.000051 69
0.000094 617
0.002722 285
0.000123 617
2.923766 1
0.688150 3
6.221861 1
0.527616 3
1.590704 2
0.497516 4
1.678294 1
0.167454 1
0.014526 1
0.399839 3
0.207684 1
0.078721 141
0.031610 1
0.251687 2
0.000114 45
0.000371 59
21.449153 18
0.562836 4
0.499898 4
0.006131 4
0.026634 4
0.033663 4
0.029347 4
0.033549 4
0.029197 4
0.031364 4
0.028886 4
0.031412 4
0.033385 4
0.029362 4
0.031493 4
0.033983 4
0.026066 4
0.034354 4
0.026293 4
0.033438 1
0.025726 1
0.031458 1
0.022975 2
0.334937 4
0.515604 1
0.343602 1
0.067163 1
0.447308 1
0.368047 14
0.006345 126
0.000547 10
0.000200 28
0.001707 76
0.000151 25
0.001422 96
4.498102 1
0.070095 1
0.103538 1
0.121925 1
0.128479 1
1.394088 1
0.187578 1
0.135916 1
22.180713 1
0.157754 1
0.431903 1
0.120019 1
0.309813 1
0.291966 1
0.124332 1
0.419699 1
0.116193 11
0.000041 36
0.002766 45
0.000432 28
0.001347 197
1.582524 16
0.293958 31
0.836362 25
0.866608 11
0.000044 36
0.002796 45
0.000780 28
0.003274 43
0.000063 58
0.000100 96
8.954873 1
0.251712 1
0.112339 1
0.095657 1
0.522380 11
0.000033 42
